Ticker,Date,Open,High,Low,Close,Realised_Vol_Close_30,Realised_Vol_Close_60,Realised_Vol_Close_100,Realised_Vol_Close_180,Realised_Vol_Close_252,Vol_of_Vol_100d,Vol_of_Vol_100d_Percentile,Kurtosis_100d
PTON,2020-09-25,90.75700378417969,98.4800033569336,90.5,97.7300033569336,79.34212012861889,71.638597242068,72.21351455197608,75.7400644729761,73.92849316124311,4.98,19.0,-1.52
PTON,2020-09-28,97.2699966430664,99.4000015258789,94.41999816894531,96.91000366210938,78.95078454381965,71.5125532777364,72.00095085102966,75.76164146490218,73.89643065374518,5.02,19.0,-1.55
PTON,2020-09-29,96.83999633789062,102.83000183105469,96.2699966430664,100.47000122070312,79.2180860357717,71.68579208304547,68.60018536347633,75.82828105666466,73.95205264868144,5.12,1.0,-1.55
PTON,2020-09-30,99.98999786376953,101.87999725341797,98.09500122070312,99.23999786376953,77.93220610242619,71.81026867922708,68.46430191645948,75.76123183445576,73.0773590283327,5.21,1.0,-1.56
PTON,2020-10-01,99.83000183105469,105.73999786376953,99.30500030517578,105.19999694824219,77.90153702603774,72.4391169666083,68.88805064742267,75.91361146710811,73.2649329405302,5.29,3.0,-1.58
PTON,2020-10-02,105.0,110.25,104.08999633789062,107.51000213623047,77.92629189570334,72.3415410353024,68.08349403479387,75.9283296346841,73.25883479280994,5.39,1.0,-1.58
PTON,2020-10-05,107.66999816894531,110.8499984741211,106.11000061035156,110.73999786376953,78.01994277764601,71.68633206596161,67.98989534956145,75.93548507761115,73.25755389318131,5.48,1.0,-1.59
PTON,2020-10-06,110.77999877929688,113.87000274658203,109.37999725341797,111.30999755859375,76.52787135906401,67.63653700880916,67.97271947083945,75.93521557292031,73.24160156138046,5.56,1.0,-1.6
PTON,2020-10-07,113.4800033569336,118.44000244140625,113.01000213623047,116.95999908447266,76.76138678206415,68.08088580561858,67.56288382345802,75.87596700926832,73.34445256359385,5.65,1.0,-1.6
PTON,2020-10-08,118.91999816894531,119.88999938964844,113.69999694824219,115.0,77.4437450174006,68.29351020547983,65.20754633252179,75.85893812720047,73.33088408821881,5.77,1.0,-1.54
PTON,2020-10-09,115.70999908447266,123.58000183105469,114.77999877929688,123.0199966430664,78.43252765994472,68.78394699474282,65.79402414909717,76.18575856673706,73.45934386739596,5.88,2.0,-1.51
PTON,2020-10-12,125.09500122070312,129.41000366210938,122.23999786376953,127.30000305175781,76.59627769616785,67.86963148540072,65.90284037437631,76.22505448882488,73.40299540586837,5.98,3.0,-1.5
PTON,2020-10-13,127.0,131.9199981689453,124.30999755859375,130.97000122070312,76.62517785809108,65.47032899184438,65.95723100507604,76.26277141462465,73.26999117205058,6.07,4.0,-1.5
PTON,2020-10-14,132.11000061035156,135.30999755859375,128.25999450683594,131.44000244140625,73.81584122535156,64.95096147532297,65.96660222358256,76.26295495906707,72.81998737302845,6.16,5.0,-1.51
PTON,2020-10-15,127.81999969482422,137.24000549316406,126.55000305175781,136.42999267578125,71.16456450578924,65.13533486526795,63.93112638290203,76.31886827983135,72.84088779376667,6.27,1.0,-1.46
PTON,2020-10-16,137.60000610351562,139.75,128.6699981689453,131.3300018310547,64.32249363610265,65.41096723500524,64.27991256017378,76.51162033241309,72.92452454024895,6.37,2.0,-1.44
PTON,2020-10-19,130.94000244140625,134.57000732421875,126.94999694824219,133.00999450683594,63.42958706029598,65.27371083164161,64.15326778018783,76.46520999410805,72.89604457936375,6.47,2.0,-1.42
PTON,2020-10-20,133.75,134.5500030517578,130.3300018310547,131.92999267578125,62.46519175643084,65.31597923729883,64.13906256326337,76.48620146437047,72.64640898893401,6.56,2.0,-1.41
PTON,2020-10-21,132.7899932861328,136.9499969482422,124.27999877929688,124.30000305175781,64.25483150235264,66.94368296570052,64.07544704814671,76.81250785176037,72.72279131242159,6.63,2.0,-1.4
PTON,2020-10-22,119.75,126.58999633789062,118.61000061035156,120.80000305175781,63.67811805848049,67.17241051177288,63.71334119224896,75.42466952730955,72.80193157935057,6.71,1.0,-1.39
PTON,2020-10-23,121.0999984741211,123.6500015258789,117.58000183105469,122.52999877929688,61.59900402022077,66.87188517485055,63.492641956307594,75.21123377357681,72.80363731801611,6.78,1.0,-1.38
PTON,2020-10-26,123.0199966430664,125.6500015258789,116.0979995727539,118.0999984741211,62.34500272222909,67.19173089207912,63.90285765315996,75.36869380139841,72.81468935964891,6.84,3.0,-1.38
PTON,2020-10-27,120.36000061035156,122.53399658203125,118.30999755859375,121.1500015258789,61.87823002627161,66.33054475839198,63.422590171728075,75.39387898479106,72.66919332364242,6.9,1.0,-1.37
PTON,2020-10-28,122.11000061035156,124.33599853515625,119.55999755859375,122.12000274658203,60.36263479153272,65.6363247885086,63.18299901286092,75.36037322197899,72.32643701726128,6.96,1.0,-1.36
PTON,2020-10-29,124.30000305175781,124.9000015258789,114.23999786376953,115.91000366210938,62.96718276359674,66.80961534077849,63.394163821522135,75.68798265419687,72.54564009176393,7.01,2.0,-1.36
PTON,2020-10-30,114.0999984741211,116.20999908447266,109.01000213623047,110.20999908447266,64.0878866716538,67.62199134527982,64.01351706626461,75.77130651949336,72.76705137351443,7.04,8.0,-1.36
PTON,2020-11-02,112.3550033569336,116.31999969482422,110.91799926757812,113.44000244140625,62.797511853822144,67.5003678737207,63.87677986445124,75.73434176139466,72.69366532956768,7.06,6.0,-1.35
PTON,2020-11-03,113.51000213623047,114.05000305175781,110.12999725341797,111.69999694824219,63.038605297941416,67.46929817775153,63.948064622922885,75.78030819273536,72.69406290017888,7.08,9.0,-1.34
PTON,2020-11-04,113.98999786376953,118.93000030517578,112.95999908447266,118.5999984741211,64.97585045146602,67.7241730101336,63.976066348166135,76.015598820976,72.38975289172629,7.09,10.0,-1.34
PTON,2020-11-05,122.93499755859375,126.91000366210938,117.81999969482422,126.62999725341797,62.495955361141434,68.54282671306461,64.59065640655174,75.9200731154455,72.62739747333801,7.09,16.0,-1.33
PTON,2020-11-06,123.0,132.7899932861328,122.48999786376953,125.45999908447266,57.09047933920124,68.64180450052422,64.54283581369205,75.86634657697292,72.60585362093181,7.08,16.0,-1.32
PTON,2020-11-09,106.69000244140625,108.4800033569336,94.12000274658203,100.01000213623047,88.8679988239116,83.94877607374147,74.46892266315945,80.79508994511355,76.19792651019316,7.01,66.0,-1.28
PTON,2020-11-10,103.0999984741211,108.6500015258789,92.02999877929688,105.20999908447266,89.46732948509243,84.40771773391235,74.77500181662,80.57162505708685,76.31357096663585,6.94,67.0,-1.24
PTON,2020-11-11,103.0,107.3499984741211,99.83000183105469,106.20999908447266,89.39689303430293,83.49091089261206,74.5779174793929,80.52411246471468,76.2858250355222,6.86,67.0,-1.21
PTON,2020-11-12,107.11000061035156,112.0,106.44999694824219,108.72000122070312,88.05591688328019,83.1473063054291,74.4960204727212,79.97285400465587,76.17177291342266,6.78,67.0,-1.17
PTON,2020-11-13,109.02999877929688,109.69000244140625,99.5,100.79000091552734,90.56688332350757,84.87128832576721,75.63420780546971,80.45638237459171,76.60216934491356,6.69,70.0,-1.14
PTON,2020-11-16,97.30000305175781,102.05999755859375,95.86000061035156,101.9000015258789,90.15909880361188,84.87463570702218,75.3901392834932,80.21578388156924,76.4795444237532,6.61,70.0,-1.1
PTON,2020-11-17,102.33000183105469,102.77999877929688,99.62999725341797,102.48999786376953,90.16416088245674,84.40441568972741,75.39005311361255,80.1999028782752,75.81854505500542,6.52,70.0,-1.07
PTON,2020-11-18,101.48999786376953,105.55999755859375,100.26000213623047,104.48999786376953,89.06136274889882,84.39381005691821,75.298424500793,80.19761159046858,75.73195986406672,6.43,70.0,-1.03
PTON,2020-11-19,104.0999984741211,106.41999816894531,102.77999877929688,105.26000213623047,89.0276543032686,84.38694388364729,75.29637296353904,79.49614909454927,75.72583256737873,6.37,70.0,-0.99
PTON,2020-11-20,106.0,112.80999755859375,104.19999694824219,110.9000015258789,88.08668302790073,84.56218777775028,75.43731546446082,79.07236651892217,75.84943573517168,6.32,74.0,-0.95
PTON,2020-11-23,110.43000030517578,113.94000244140625,106.06999969482422,112.05000305175781,87.469274327394,83.30399361028195,75.33876989210387,79.03996431702681,75.82427573001002,6.26,72.0,-0.91
PTON,2020-11-24,109.45999908447266,110.06999969482422,104.1500015258789,105.41999816894531,88.400745791353,84.44015902492893,76.04919847120641,79.2330709012277,75.97886025231527,6.21,77.0,-0.86
PTON,2020-11-25,106.29000091552734,108.25,105.55999755859375,106.94000244140625,88.56943798023235,82.71743357747201,76.06191018619637,77.73857356470666,75.98446160131364,6.15,78.0,-0.82
PTON,2020-11-27,107.33000183105469,109.9000015258789,105.29000091552734,108.9800033569336,87.93181845579572,81.06383350155335,76.01072618543874,77.7464738734544,75.92483077847113,6.1,77.0,-0.78
PTON,2020-11-30,110.02999877929688,116.5199966430664,105.69000244140625,116.3499984741211,89.89814289576582,79.07391346605338,76.49899043222365,76.9039206717594,75.67423378195707,6.05,80.0,-0.74
PTON,2020-12-01,113.7300033569336,115.66000366210938,110.30000305175781,112.02999877929688,90.27275589842671,79.40247751314223,76.31627881789323,75.64660801658792,75.68684679024877,5.99,80.0,-0.69
PTON,2020-12-02,110.83000183105469,117.75,110.19999694824219,113.18000030517578,90.38663781323115,78.59942665707172,74.2153631830735,75.64460634813277,75.01928041657345,5.89,64.0,-0.64
PTON,2020-12-03,112.91999816894531,116.25,112.7300033569336,116.19999694824219,89.311360470772,77.79063731046759,74.24217847967756,75.52645831281573,75.02165799325675,5.79,65.0,-0.59
PTON,2020-12-04,115.25,115.69999694824219,111.92900085449219,114.44999694824219,89.05250249239089,77.397920781026,74.31755362280815,74.79978579351882,74.83579067600256,5.69,68.0,-0.53
PTON,2020-12-07,114.06999969482422,117.1449966430664,113.12000274658203,116.62999725341797,89.13532737766124,76.80964015527529,74.12569419921175,74.80643177842938,74.76058954596887,5.59,63.0,-0.48
PTON,2020-12-08,115.91999816894531,118.55000305175781,113.06099700927734,118.25,88.6050678120367,76.57300855800267,73.65389458562896,74.63840386829058,74.53517742302448,5.48,62.0,-0.43
PTON,2020-12-09,117.6500015258789,120.31199645996094,110.1050033569336,110.79000091552734,90.22316862724993,77.58870849595229,72.99872564861353,75.13866495396306,74.59127610466047,5.35,60.0,-0.41
PTON,2020-12-10,109.52999877929688,119.12999725341797,108.18000030517578,117.98999786376953,92.18949505625507,78.085002964343,73.35904506942383,75.26341342816384,74.76383151071154,5.21,62.0,-0.41
PTON,2020-12-11,117.98999786376953,119.44000244140625,114.58999633789062,117.0999984741211,90.94130720429206,77.95480653826152,73.35925858880798,75.28727784919921,74.65193407599317,5.08,63.0,-0.4
PTON,2020-12-14,118.01000213623047,124.86000061035156,117.75,121.91000366210938,90.33817544127659,77.70460041601741,73.34217696402362,75.09131611155345,74.71568137698206,4.96,62.0,-0.4
PTON,2020-12-15,122.0199966430664,127.80999755859375,119.77999877929688,127.77999877929688,90.93456619835943,77.49462894445446,73.58157506982782,74.98781606176719,74.82271520470309,4.83,66.0,-0.42
PTON,2020-12-16,128.6999969482422,134.22000122070312,128.50999450683594,134.0,91.5953728172533,77.95604804571546,73.77459650849167,74.9554252014485,74.81142755213762,4.7,68.0,-0.46
PTON,2020-12-17,133.97000122070312,137.6699981689453,133.42999267578125,136.8000030517578,90.28626310335626,78.01322254275702,73.80441183484186,74.69923614773586,74.73079217065816,4.57,69.0,-0.56
PTON,2020-12-18,137.8800048828125,142.0,135.60000610351562,139.83999633789062,88.60669310222421,76.3303828566693,73.67087736584821,74.3338376994551,74.74692980561483,4.46,68.0,-0.61
PTON,2020-12-21,141.7949981689453,144.8800048828125,137.77000427246094,144.38999938964844,88.9048025160577,74.13220954569555,73.63348588863612,74.33763844924724,74.47447496861206,4.36,67.0,-0.64
PTON,2020-12-22,159.1999969482422,166.22999572753906,155.4010009765625,161.2100067138672,62.3663764034907,77.04039285933307,75.19119712446549,75.16021017657955,75.12497096470436,4.27,84.0,-0.71
PTON,2020-12-23,160.60000610351562,163.58399963378906,154.25,162.75999450683594,61.50684001518805,76.82609909681287,74.67772084056661,75.14499455886747,75.08998106575393,4.18,83.0,-0.81
PTON,2020-12-24,161.89999389648438,167.3699951171875,161.3000030517578,162.72000122070312,61.6407315716208,76.72923717920199,74.33365527723038,75.09963914166705,74.76705170329996,4.13,80.0,-0.82
PTON,2020-12-28,164.0,164.39999389648438,151.6699981689453,152.17999267578125,65.88977658355405,77.52850253023337,75.27648204763868,74.54575888733136,75.13016882731476,4.09,87.0,-0.84
PTON,2020-12-29,150.0,154.11000061035156,146.3699951171875,150.10000610351562,61.05422275765287,77.56521400869492,75.2138225648415,74.57934273116399,75.13563257413759,4.07,87.0,-0.84
PTON,2020-12-30,150.77000427246094,155.1999969482422,148.3300018310547,154.9600067138672,61.285500428056814,77.59656596757658,75.17323172035411,73.63845926307873,75.15476524943058,4.08,85.0,-0.84
PTON,2020-12-31,155.00999450683594,155.22000122070312,150.6199951171875,151.72000122070312,62.089040342792934,77.78974315548716,75.20764325872891,73.70487598326808,75.101872185848,4.09,86.0,-0.84
PTON,2021-01-04,152.50999450683594,152.77999877929688,143.08999633789062,145.9600067138672,63.834804534361936,77.74237653521784,75.29650961643432,73.13785968262934,75.20451461365386,4.1,89.0,-0.85
PTON,2021-01-05,145.74000549316406,149.77999877929688,144.47000122070312,148.52999877929688,63.849783743963904,77.67249627989376,75.25906869966961,72.47259863964975,75.13352992695233,4.11,86.0,-0.86
PTON,2021-01-06,144.36000061035156,144.97000122070312,140.73800659179688,143.75999450683594,63.88298868399548,76.9007883686004,75.51217902910197,72.63712467327622,75.2189384421688,4.13,94.0,-0.87
PTON,2021-01-07,145.6510009765625,154.47000122070312,145.2100067138672,154.0,66.22198096837339,77.82970704604624,75.98305510062377,72.96402279934395,75.41349560106089,4.16,95.0,-0.88
PTON,2021-01-08,155.82000732421875,159.02999877929688,152.27000427246094,158.8800048828125,62.86653282965807,77.87022234736466,76.06208141877454,72.75674264368023,75.1393081227811,4.18,98.0,-0.89
PTON,2021-01-11,156.77099609375,159.1199951171875,152.00999450683594,152.33999633789062,64.90483076317659,78.42037726319411,75.90043073989823,72.75650544840524,75.29833663825235,4.21,93.0,-0.9
PTON,2021-01-12,152.58200073242188,157.36000061035156,147.7550048828125,156.0399932861328,64.97013552206427,78.21581081277247,75.66688294838039,72.77344794806284,75.30914168528288,4.23,92.0,-0.91
PTON,2021-01-13,156.5030059814453,169.0,156.5030059814453,167.4199981689453,65.33932486755334,78.98253238898894,76.29517974399434,72.70358433725089,75.50561369431009,4.25,98.0,-0.92
PTON,2021-01-14,166.10000610351562,171.08999633789062,163.9600067138672,165.25,64.07478059701657,79.03822057601454,76.37468833633899,72.49254179822083,75.46407694176186,4.28,99.0,-0.93
PTON,2021-01-15,165.82000732421875,166.0800018310547,157.23699951171875,157.80999755859375,66.32106062120656,79.6588866774772,76.53496694063894,72.7427921193285,75.64438333733712,4.31,100.0,-0.94
PTON,2021-01-19,152.5500030517578,152.93800354003906,144.89999389648438,150.13999938964844,68.43823310161001,79.35633327579143,77.06050560135613,73.06717841703457,75.82271192814602,4.35,100.0,-0.95
PTON,2021-01-20,153.8000030517578,156.72999572753906,152.0,155.7899932861328,68.53560270766155,79.37381134413076,77.1928792584874,72.92662248530995,75.8844691848622,4.39,100.0,-0.95
PTON,2021-01-21,155.77999877929688,159.6999969482422,153.13999938964844,158.1300048828125,68.50207842950586,79.37763719723064,76.99376445876042,72.60689170492628,75.73338688102046,4.42,98.0,-0.96
PTON,2021-01-22,157.6699981689453,160.41000366210938,155.94000244140625,159.75,68.49336657017356,78.9219943612256,76.18827711136234,72.44668673984405,75.68598076101806,4.45,92.0,-0.96
PTON,2021-01-25,160.85000610351562,166.57000732421875,156.6999969482422,157.13999938964844,65.22426497805304,78.92591231385086,76.28200234336894,70.54533519911072,75.71697613291862,4.47,92.0,-0.97
PTON,2021-01-26,156.5,158.6699981689453,147.49000549316406,147.7899932861328,66.66069708067438,80.05976527628847,75.95477552425514,70.90342605585555,75.99876371860461,4.49,85.0,-0.97
PTON,2021-01-27,146.4600067138672,150.63999938964844,139.02099609375,144.9600067138672,66.97831750852372,79.36939258813217,74.99105567640025,70.95822189961373,76.04129055149723,4.5,67.0,-0.97
PTON,2021-01-28,145.1300048828125,150.4600067138672,143.4199981689453,145.8300018310547,66.23719576695753,78.56331392800196,73.03797752023122,70.48150034782911,76.04095392951884,4.5,47.0,-0.97
PTON,2021-01-29,144.97000122070312,149.2100067138672,142.3699951171875,146.1300048828125,65.08744849274599,78.4022989100018,72.92174254059536,70.40310425294352,76.0210760806809,4.5,45.0,-0.97
PTON,2021-02-01,147.6999969482422,150.3000030517578,144.5500030517578,146.7899932861328,63.795903848173374,78.29496518947714,72.40850056266538,70.39732768176056,76.02066665434424,4.5,44.0,-0.97
PTON,2021-02-02,148.63999938964844,150.968994140625,145.00599670410156,147.72999572753906,63.58658093644593,77.44143747498242,71.81648545235896,69.98097336193673,75.98011324863134,4.5,41.0,-0.97
PTON,2021-02-03,149.50999450683594,150.77499389648438,145.58999633789062,147.1699981689453,63.3410070430501,76.37230186554994,71.49825761566197,68.7389369843572,75.98575937153701,4.5,39.0,-0.97
PTON,2021-02-04,148.57000732421875,157.8300018310547,148.00999450683594,157.52999877929688,65.65605179263682,77.49779266370983,71.76257122281837,69.07992025893674,76.18236573076071,4.5,40.0,-0.96
PTON,2021-02-05,149.0,151.7899932861328,142.6999969482422,148.3000030517578,59.78473970767772,62.39072929917433,72.37822790440498,69.53824402405317,75.41861792750888,4.5,43.0,-0.96
PTON,2021-02-08,148.83799743652344,149.4600067138672,143.3300018310547,144.99000549316406,59.933292437211925,61.98304431471925,72.29638873989718,69.62341827877785,75.33023423854371,4.5,42.0,-0.95
PTON,2021-02-09,147.00999450683594,149.9199981689453,145.10000610351562,147.75999450683594,60.290048203075884,62.04020374726292,72.0514600393591,69.63681908565017,75.31464911449474,4.5,40.0,-0.95
PTON,2021-02-10,148.75,150.5,143.45399475097656,145.0399932861328,57.40596957222864,62.11996893981569,72.03920551072575,68.66940264550323,75.35499225875922,4.5,39.0,-0.94
PTON,2021-02-11,146.66000366210938,148.0399932861328,144.02999877929688,146.47999572753906,57.37970914030587,59.81396561651589,71.66257072860147,68.61963594887045,75.33569308565322,4.5,35.0,-0.93
PTON,2021-02-12,145.9499969482422,154.8300018310547,144.8800048828125,154.6699981689453,58.848258673003286,60.617962567490544,71.64671074470004,68.75844618212446,75.47946784619396,4.5,34.0,-0.92
PTON,2021-02-16,155.5,155.52000427246094,145.718994140625,145.8800048828125,60.97002265072678,62.0852781147408,72.33717453845078,69.16757881746216,75.60349131088199,4.5,42.0,-0.91
PTON,2021-02-17,145.1699981689453,145.60000610351562,135.02999877929688,139.22999572753906,61.4356983045438,62.941815988815485,72.78461616979365,68.85671092794178,75.7402328425749,4.5,44.0,-0.89
PTON,2021-02-18,136.1300048828125,140.66099548339844,135.1999969482422,138.4499969482422,61.178125107963055,62.975348521730204,71.76410386379911,68.49307899725457,75.74775200495961,4.5,34.0,-0.89
PTON,2021-02-19,139.66000366210938,141.6699981689453,137.85000610351562,139.7100067138672,60.574326319371416,62.19762939191771,70.16681407002933,68.4001275346862,75.74025921196306,4.5,30.0,-0.91
PTON,2021-02-22,137.32000732421875,138.61000061035156,125.08000183105469,125.75,64.06457546639662,66.07453759691084,72.24198571399202,69.65289258418423,76.30011454592407,4.5,39.0,-0.91
PTON,2021-02-23,122.2300033569336,126.94999694824219,111.94000244140625,126.88999938964844,63.24020053724971,64.77222228688257,72.05032823128846,69.4234434235192,76.23072701626666,4.49,37.0,-0.86
PTON,2021-02-24,123.0,127.10700225830078,118.8499984741211,122.72000122070312,62.87943935324459,65.15637867522842,72.23713442028725,69.48469035471089,76.31525748770008,4.47,38.0,-0.82
PTON,2021-02-25,121.13999938964844,124.55999755859375,113.83999633789062,115.20999908447266,64.1806424911312,66.42072754217038,72.4051398789708,69.63332364940024,76.32125768213879,4.47,42.0,-0.77
PTON,2021-02-26,118.20999908447266,121.77999877929688,114.61000061035156,120.47000122070312,61.762342883423415,65.69079034112099,72.66384475232442,69.76489787171488,76.3903923954442,4.45,43.0,-0.71
PTON,2021-03-01,122.47799682617188,124.4000015258789,118.7699966430664,123.80999755859375,62.746080511164834,65.42036231503536,72.64224968495778,69.72503458184505,76.007551016393,4.43,42.0,-0.64
PTON,2021-03-02,125.0,126.73999786376953,117.62999725341797,117.97000122070312,62.8629218251509,66.1889501497673,73.06134672899967,69.97927742907348,76.10043455231316,4.42,47.0,-0.57
PTON,2021-03-03,117.90499877929688,118.0,107.80000305175781,108.08000183105469,65.83692207695857,68.38345939113597,73.95930057649664,70.54136720634668,76.5015354091039,4.4,56.0,-0.48
PTON,2021-03-04,107.73999786376953,110.97000122070312,97.19400024414062,104.75,64.47949712580585,68.60354147821631,74.07433171540802,70.66470547724325,76.57431008765336,4.35,56.0,-0.34
PTON,2021-03-05,105.1500015258789,107.73999786376953,94.0,105.12999725341797,64.13350471150733,68.48146963260598,73.26382430961122,70.62835625695196,76.56674630609584,4.3,45.0,-0.2
PTON,2021-03-08,108.69000244140625,115.38999938964844,100.41999816894531,101.3499984741211,64.05894377402782,68.77205098196106,73.24619329898258,70.67702239564979,76.18652136000605,4.25,44.0,-0.04
PTON,2021-03-09,108.18000030517578,116.45999908447266,106.29000091552734,116.0199966430664,77.46675554644622,73.10384032250869,76.28300778749885,72.35964941922023,76.86748085977473,4.22,92.0,0.12
PTON,2021-03-10,117.98999786376953,119.12000274658203,110.87999725341797,111.31999969482422,76.52888670198246,72.43612323651303,76.5441983012341,72.43076227395511,76.99756977341461,4.19,97.0,0.29
PTON,2021-03-11,115.4000015258789,118.19999694824219,114.01000213623047,117.6500015258789,78.71703066574369,73.33198110390258,76.83081193900199,72.59648304010564,76.99270701196988,4.12,97.0,0.5
PTON,2021-03-12,113.48999786376953,115.19999694824219,109.25,111.55000305175781,79.73581138587534,73.64672393940818,77.05180571161956,72.90779660787558,76.17330214294645,4.06,98.0,0.73
PTON,2021-03-15,111.66999816894531,112.75,107.3499984741211,112.73999786376953,79.87670205761638,72.99754928907984,77.04257679143129,72.75445383314421,76.17325539492748,3.99,97.0,0.98
PTON,2021-03-16,113.61000061035156,113.9800033569336,106.19999694824219,107.95999908447266,80.3935078386392,72.73407514145535,77.31990473897334,72.96594933447012,75.47607507245242,3.91,100.0,1.25
PTON,2021-03-17,105.5250015258789,109.38999938964844,102.26000213623047,107.79000091552734,80.28350531890227,72.55953185395917,76.76690052595923,72.91016141644164,74.3757575477311,3.82,93.0,1.57
PTON,2021-03-18,105.00499725341797,107.4800033569336,101.66999816894531,102.73999786376953,80.98099407821285,72.90657448867097,77.00320465583987,73.1602949905408,74.56538550759717,3.72,95.0,1.91
PTON,2021-03-19,103.1500015258789,108.93000030517578,102.02999877929688,108.30999755859375,79.78483060650612,73.48093244133412,77.44740453557603,73.25175250212334,74.62200990938493,3.61,100.0,2.26
PTON,2021-03-22,108.97000122070312,110.7300033569336,106.6500015258789,109.54000091552734,78.74371966465029,69.56182590838162,77.26099854675138,73.21299579860681,74.09451410484785,3.5,98.0,2.67
PTON,2021-03-23,111.0,116.29000091552734,109.51000213623047,113.3499984741211,79.67538234560607,69.98557756860919,77.34845177319056,73.27049116608605,74.14311428120232,3.36,99.0,3.09
PTON,2021-03-24,112.4800033569336,112.88999938964844,101.12000274658203,101.79000091552734,84.23643530539213,72.99804990416958,79.17313562415049,74.43883386746603,74.87253850059851,3.24,100.0,3.39
PTON,2021-03-25,99.66999816894531,104.47000122070312,98.7300033569336,103.2300033569336,84.55935968683762,72.0766031969815,78.79783453377782,74.39283403392145,74.8732566734732,3.1,99.0,3.7
PTON,2021-03-26,104.11000061035156,106.55999755859375,102.4000015258789,106.41999816894531,85.21477372187849,72.45369827011639,78.55605524071746,74.38971571710393,74.78875796854847,2.96,98.0,4.07
PTON,2021-03-29,106.0,108.44999694824219,103.9000015258789,105.0199966430664,82.95257480187075,72.04251882303822,78.44154184586345,74.10210283694765,74.81181916271352,2.8,97.0,4.33
PTON,2021-03-30,103.80999755859375,107.4800033569336,101.81099700927734,107.16999816894531,82.32884624483174,72.18242809844295,78.47627255581378,72.99894038245517,74.59541279180829,2.63,97.0,4.37
PTON,2021-03-31,109.0,114.5,108.25,112.44000244140625,83.26019576128577,72.67945807508556,78.26519404235103,73.15848362399583,74.56196802610636,2.44,95.0,3.85
PTON,2021-04-01,114.98999786376953,118.95999908447266,111.66999816894531,112.08999633789062,83.26727785405559,72.53801344416911,77.54596030786921,73.16231939600134,74.42373470150801,2.24,94.0,2.79
PTON,2021-04-05,112.87999725341797,112.9800033569336,107.7300033569336,109.08999633789062,83.31980236763091,72.45603653706046,77.64488038220495,73.14744069004142,74.32597753683405,2.01,94.0,-0.81
PTON,2021-04-06,109.23999786376953,117.45099639892578,108.27999877929688,115.37999725341797,80.05037701990094,71.9496743959438,69.28286250658333,73.17698864038084,74.1956262454827,2.08,1.0,-0.61
PTON,2021-04-07,114.30000305175781,116.19999694824219,111.62000274658203,115.19999694824219,79.97246197183894,71.56159522817931,68.83229503719701,72.27082183036643,74.17501025606957,2.17,1.0,-0.4
PTON,2021-04-08,117.5,124.5,116.62999725341797,123.62000274658203,82.20639514436682,72.80552783262176,69.70297636728786,72.60730011441838,74.38055165622153,2.22,3.0,-0.42
PTON,2021-04-09,122.49199676513672,122.69999694824219,118.41000366210938,118.5999984741211,80.98411017005665,72.98585677847225,69.94499860578743,72.77816134385003,74.52640459361531,2.27,4.0,-0.47
PTON,2021-04-12,118.05999755859375,119.42500305175781,115.26499938964844,118.97000122070312,79.9253174140229,71.31761116273336,68.85831331981862,72.67625676438033,74.47319450798248,2.34,2.0,-0.42
PTON,2021-04-13,121.48999786376953,124.80000305175781,120.58999633789062,122.36000061035156,79.94821289835869,71.63417434642759,68.97090136251943,72.7209157521653,73.66104285650542,2.41,3.0,-0.43
PTON,2021-04-14,122.66400146484375,122.91000366210938,117.38999938964844,117.80000305175781,79.46436360584673,71.45510967783466,69.25634509465365,72.82260263933705,73.78316815831879,2.46,4.0,-0.48
PTON,2021-04-15,120.0,121.79499816894531,118.19999694824219,119.9000015258789,75.12873975616498,70.97883985006187,69.24592562190072,72.84111038351094,73.03090011633745,2.52,4.0,-0.54
PTON,2021-04-16,119.3499984741211,119.4800033569336,115.76000213623047,116.20999908447266,75.12729458992047,70.68448427067912,69.43214468831135,72.83413906277333,73.10254453818189,2.56,7.0,-0.6
PTON,2021-04-19,108.62000274658203,112.91000366210938,104.58000183105469,107.75,78.54226956116139,72.02240860845728,69.99415581969807,73.37371026039511,73.02964467731533,2.6,10.0,-0.67
PTON,2021-04-20,108.11000061035156,109.13999938964844,103.91999816894531,106.5,77.83856848487719,71.94668833484647,69.99637954033324,73.22856878903308,72.60963016353274,2.63,11.0,-0.74
PTON,2021-04-21,103.29000091552734,104.25,99.12000274658203,99.93000030517578,69.03436388794549,72.86341286048577,70.05664457538381,73.28458291567689,72.93044171785589,2.66,12.0,-0.8
PTON,2021-04-22,101.15699768066406,105.08000183105469,100.03399658203125,101.48999786376953,68.39439659281665,72.13812196814902,70.06323092954474,73.1534810911933,72.92967667016246,2.68,13.0,-0.84
PTON,2021-04-23,102.37999725341797,103.58999633789062,99.73999786376953,101.06999969482422,66.11672985599817,72.08771738024517,69.99611462618822,73.13549533676856,72.78286124168693,2.71,11.0,-0.89
PTON,2021-04-26,102.66000366210938,103.27400207519531,100.41100311279297,103.2699966430664,64.92303908724195,72.26843734235513,69.28263133490023,73.12012865234405,72.59113108285156,2.74,6.0,-0.91
PTON,2021-04-27,103.98999786376953,104.38999938964844,101.36000061035156,102.33999633789062,64.82611662444873,72.25302703253065,69.04536808736688,73.08231764623253,72.60332344168067,2.77,4.0,-0.93
PTON,2021-04-28,101.70999908447266,104.38999938964844,100.2699966430664,103.22000122070312,63.772962247341304,72.28283924791606,69.03909942643645,73.04850753061761,72.33449501469256,2.81,4.0,-0.98
PTON,2021-04-29,103.19999694824219,103.43699645996094,96.54000091552734,98.9000015258789,64.88441552308062,72.62772155705387,69.21573704326431,73.1260711612534,72.26998625215715,2.85,6.0,-1.02
PTON,2021-04-30,97.6500015258789,101.4000015258789,97.25,98.3499984741211,63.4709038253047,72.62561309846475,69.18462685093037,73.11910397786102,72.25741779090761,2.89,6.0,-1.06
PTON,2021-05-03,98.25800323486328,99.81999969482422,95.30999755859375,95.83999633789062,61.697674076683576,71.02971308183182,69.21345307679941,73.16192759199312,72.3095971637695,2.92,7.0,-1.1
PTON,2021-05-04,95.0,97.2699966430664,92.72000122070312,96.69999694824219,61.65037825514219,70.27472932205458,69.18957901562176,73.11429167976765,72.1241363636733,2.96,7.0,-1.14
PTON,2021-05-05,97.75,98.80000305175781,81.41000366210938,82.62000274658203,74.87553111588603,76.67749974132218,72.78614422912028,75.49905721210946,73.64231627828902,2.96,42.0,-1.14
PTON,2021-05-06,80.50399780273438,85.37999725341797,80.4800033569336,83.77999877929688,69.26465953547158,76.60573289257118,72.0688978989069,75.10243081661248,73.50855965711595,2.96,32.0,-1.15
PTON,2021-05-07,89.55000305175781,92.0199966430664,82.91000366210938,83.80999755859375,69.02514954364266,76.60771666439142,72.06827504212364,74.99681966385346,72.04475217203442,2.97,32.0,-1.16
PTON,2021-05-10,82.58999633789062,88.2699966430664,81.05999755859375,87.48999786376953,69.70747119575474,77.25611077618919,72.11139839953383,75.13792152686717,72.10165331988253,2.97,34.0,-1.17
PTON,2021-05-11,84.13999938964844,91.37999725341797,83.62999725341797,91.01000213623047,70.92840371334911,76.79455332591169,71.98659492322467,75.2676688139067,72.19056224796867,2.97,29.0,-1.18
PTON,2021-05-12,88.5,92.58999633789062,86.51000213623047,89.3499984741211,70.62708947151506,76.1235334177228,71.55902268811603,75.17002356979603,71.85064589540573,2.98,24.0,-1.19
PTON,2021-05-13,90.69000244140625,95.55000305175781,90.52799987792969,95.29000091552734,71.86370777263164,77.11982257790288,72.27575510745756,75.52947152202528,72.07259382041171,2.98,39.0,-1.2
PTON,2021-05-14,95.64199829101562,97.80000305175781,92.9000015258789,96.58000183105469,72.07181369333941,77.2261354022121,72.21150812732952,75.5309912654685,72.07890691823495,2.99,37.0,-1.21
PTON,2021-05-17,95.84500122070312,96.97000122070312,89.43000030517578,92.29000091552734,72.75313077067982,77.57892454314819,72.28300243563399,75.5753193290323,71.91849106665941,2.99,41.0,-1.21
PTON,2021-05-18,92.95999908447266,97.8499984741211,92.55000305175781,95.19000244140625,71.25281944171675,75.18793359897468,70.1461110114738,75.1165747544508,71.1637339931812,3.0,22.0,-1.23
PTON,2021-05-19,93.35399627685547,97.56999969482422,92.62999725341797,96.55000305175781,71.49174565156468,75.23542524357634,70.17479480306123,75.12616190096917,71.13231729162811,3.02,24.0,-1.25
PTON,2021-05-20,98.197998046875,100.75,97.80000305175781,100.45999908447266,69.14682866814329,75.52900417484902,70.5324702689874,74.566764474046,71.22571062198342,3.03,25.0,-1.26
PTON,2021-05-21,99.98999786376953,102.25,98.56999969482422,100.9000015258789,68.4294878479113,74.50580925335281,69.83825669025632,73.901371204413,71.2257367723088,3.05,16.0,-1.27
PTON,2021-05-24,101.72000122070312,102.11000061035156,98.12000274658203,101.16000366210938,68.4238222075061,73.8719516544451,69.82892801249211,72.89902043101264,71.22121110634313,3.06,16.0,-1.27
PTON,2021-05-25,101.16000366210938,102.72000122070312,98.68000030517578,99.44000244140625,67.75207495213557,73.65600051900203,69.6222721959214,72.88709835180872,70.58053934474003,3.08,15.0,-1.27
PTON,2021-05-26,99.95999908447266,110.48999786376953,99.95999908447266,109.55999755859375,73.42074643762948,75.87486404554431,71.4010125331712,73.43754762044857,71.17109155472616,3.08,29.0,-1.26
PTON,2021-05-27,109.31999969482422,112.89900207519531,106.94999694824219,112.5999984741211,73.70461327848116,73.92047959850552,71.33639318904818,73.13650375478795,71.13350155711935,3.07,29.0,-1.24
PTON,2021-05-28,112.47899627685547,114.0,110.12000274658203,110.30999755859375,73.40103813000859,73.75451863703906,71.3195974644392,73.0322062366632,71.16212483871354,3.07,29.0,-1.22
PTON,2021-06-01,110.9000015258789,112.98999786376953,108.55999755859375,108.88999938964844,70.09559372461086,73.80625929351659,71.17948649287693,72.86041735572812,70.73360997795794,3.07,29.0,-1.19
PTON,2021-06-02,109.2300033569336,110.56999969482422,105.94999694824219,108.55000305175781,70.01198613022659,73.40324842073764,70.24787499225219,72.79739903803271,70.45110928423209,3.07,28.0,-1.16
PTON,2021-06-03,106.93499755859375,107.64800262451172,102.91100311279297,103.0999984741211,69.12422096093432,68.66053107711758,70.43483123362407,72.9139071467511,70.60967343767533,3.06,29.0,-1.13
PTON,2021-06-04,103.68000030517578,104.58999633789062,101.5199966430664,103.01000213623047,68.98955155565241,68.16814811997935,70.17649249307041,72.7947311223119,70.61048023093619,3.06,28.0,-1.09
PTON,2021-06-07,105.19999694824219,110.97000122070312,104.25,109.79000091552734,71.35787466553978,68.48856903598765,70.85918426964152,73.08513453280996,70.72347545542203,3.06,32.0,-1.05
PTON,2021-06-08,110.30999755859375,112.46099853515625,108.37999725341797,109.69000244140625,71.14089003784203,67.62284861706557,69.86313100444195,72.84241302363341,70.66834829230832,3.05,19.0,-0.99
PTON,2021-06-09,109.30000305175781,110.44499969482422,106.27999877929688,106.97000122070312,71.5092191045779,67.77320059897487,69.92810481773883,72.62140092931243,70.48243306894084,3.04,20.0,-0.93
PTON,2021-06-10,106.1050033569336,107.94999694824219,104.48999786376953,106.08000183105469,71.53161026301358,67.21433120495927,69.61094815037957,72.62686011036314,70.47719304598668,3.03,15.0,-0.87
PTON,2021-06-11,104.86000061035156,113.2300033569336,104.62000274658203,113.12000274658203,72.57137163441242,68.50233662366767,70.05246509605172,73.0097936183805,70.68614124191805,3.01,26.0,-0.78
PTON,2021-06-14,112.36799621582031,114.75,111.5479965209961,112.08999633789062,72.62171776915567,67.77950616159869,69.76789009765444,72.49379691218778,70.6674898570106,2.99,18.0,-0.69
PTON,2021-06-15,111.98999786376953,111.98999786376953,105.62999725341797,106.11000061035156,74.13874696195386,67.88588084754198,70.18182622919163,71.86662427310482,70.68929413354057,2.96,34.0,-0.59
PTON,2021-06-16,105.71499633789062,106.58000183105469,102.69999694824219,105.06999969482422,74.21660095902483,67.86938974477556,70.15084436954635,71.86929893067973,70.70006127831309,2.95,31.0,-0.49
PTON,2021-06-17,104.9000015258789,109.87300109863281,104.61000061035156,108.80999755859375,57.12239485635446,67.88683114845492,70.39654734666362,71.86173953122447,70.7494221328076,2.93,37.0,-0.39
PTON,2021-06-18,107.59200286865234,110.19000244140625,107.23999786376953,109.12000274658203,57.132517671918094,64.12875216457265,69.79291738059676,71.84622665145663,70.66231864946107,2.92,19.0,-0.28
PTON,2021-06-21,107.58999633789062,108.5999984741211,104.12000274658203,108.11000061035156,57.324870355412585,64.10682411582921,69.75142383356874,71.52522116604597,70.66985067304111,2.91,18.0,-0.21
PTON,2021-06-22,107.44999694824219,117.66000366210938,107.44999694824219,117.16999816894531,60.241775382868,65.89137484827702,70.98532657924846,72.11013754565221,70.99151858684223,2.91,43.0,-0.18
PTON,2021-06-23,116.81999969482422,119.61000061035156,115.5199966430664,117.4800033569336,59.605610973389076,65.81888089939784,70.9862812175481,72.02735906124093,70.92262959645603,2.92,44.0,-0.16
PTON,2021-06-24,117.87999725341797,124.2300033569336,117.0,121.8499984741211,59.57611374920088,66.0967012354832,71.24454471147794,72.1524857092085,70.9959891123243,2.92,46.0,-0.15
PTON,2021-06-25,121.95099639892578,122.41999816894531,118.83000183105469,121.48999786376953,57.42780478929209,65.40788353935439,71.23245728755131,71.91744260025352,70.87857653638073,2.92,46.0,-0.15
PTON,2021-06-28,122.06999969482422,127.9800033569336,121.4000015258789,126.91999816894531,58.336209988306784,65.97508001790526,71.59970699396034,72.07194826434011,70.99512671620178,2.92,52.0,-0.15
PTON,2021-06-29,125.36000061035156,127.15499877929688,122.22000122070312,125.68000030517578,56.321001656075765,65.7428142017165,70.73729859590611,71.64122918101383,70.96550671700432,2.92,42.0,-0.15
PTON,2021-06-30,125.08999633789062,125.66000366210938,123.36499786376953,124.0199966430664,56.37112359280641,64.85369555212189,70.14498366775325,71.54349036253039,70.98132815988353,2.93,32.0,-0.14
PTON,2021-07-01,125.0,126.25,121.30999755859375,122.16000366210938,56.76685010738145,64.93776376146597,70.09869232177105,71.48417589682587,70.89606431621979,2.94,32.0,-0.13
PTON,2021-07-02,123.08999633789062,124.9800033569336,120.16999816894531,121.5999984741211,56.053987065224256,63.305021856662655,70.02182238968754,71.48433159827874,70.86847359253638,2.94,29.0,-0.13
PTON,2021-07-06,121.47000122070312,124.06999969482422,119.7300033569336,123.69000244140625,56.135031676283845,62.81291121275717,70.03478687796438,71.37418305396123,70.85657903520624,2.95,30.0,-0.12
PTON,2021-07-07,125.2750015258789,129.6999969482422,123.19999694824219,123.51000213623047,56.173461182875705,62.81239205633293,70.01063734992671,71.2343066381822,70.85732985119714,2.96,29.0,-0.12
PTON,2021-07-08,119.8550033569336,124.9749984741211,118.61000061035156,124.05999755859375,55.72520231385016,62.55706374885693,69.43828384623039,71.2196953760587,70.81393411518181,2.97,15.0,-0.13
PTON,2021-07-09,123.85600280761719,123.9800033569336,117.70999908447266,117.83999633789062,51.43298105158289,62.96761990639431,69.30126163403483,71.469850380588,70.9629881850463,2.98,14.0,-0.12
PTON,2021-07-12,118.7300033569336,121.18000030517578,114.54000091552734,120.30999755859375,51.18906795657826,63.007593709127086,69.02444844756252,71.16845197611289,70.75223903838122,2.99,4.0,-0.11
PTON,2021-07-13,119.56999969482422,121.61000061035156,118.5,119.8499984741211,50.77092041602673,62.67519029338824,69.02229140661747,71.08972449509594,69.91485196696148,3.01,4.0,-0.12
PTON,2021-07-14,116.0,116.98999786376953,113.30000305175781,113.36000061035156,53.36354433314809,61.76881531639052,69.53460039948799,71.37274090750711,70.13005309562237,3.01,19.0,-0.12
PTON,2021-07-15,111.9800033569336,114.70999908447266,108.0999984741211,111.19000244140625,53.687019395887525,61.85498186680866,67.59982394742632,71.27710743373868,70.16347548317977,3.04,1.0,-0.13
PTON,2021-07-16,111.66999816894531,111.94999694824219,109.26000213623047,110.54000091552734,51.40348268276638,60.40202758386906,67.58364400479451,71.21365426936266,70.09552092358305,3.07,1.0,-0.14
PTON,2021-07-19,109.98999786376953,118.66999816894531,109.66500091552734,118.43000030517578,54.89080848923117,61.898849354378484,68.2981908699818,71.67978381021408,70.24141922306339,3.09,3.0,-0.14
PTON,2021-07-20,124.08999633789062,127.56999969482422,120.51000213623047,126.3499984741211,54.984129799504174,63.175944817830796,68.32244112939726,71.82013027093281,69.83354536999967,3.11,4.0,-0.13
PTON,2021-07-21,124.73999786376953,127.16999816894531,123.27999877929688,126.43000030517578,54.97229783138605,63.06935790861714,67.96180918287556,71.56427607736794,69.76294120251377,3.13,3.0,-0.13
PTON,2021-07-22,125.7300033569336,126.19000244140625,119.01000213623047,119.66999816894531,57.02220149273411,64.14783922005665,68.3880998440192,71.78760169881218,69.97979611021289,3.15,6.0,-0.11
PTON,2021-07-23,119.05000305175781,122.96900177001953,117.56999969482422,121.55000305175781,57.00314342012598,64.19183951740808,67.99821876781739,71.78566519823251,69.92071926641515,3.17,4.0,-0.09
PTON,2021-07-26,121.05999755859375,123.2300033569336,117.75,122.68000030517578,54.153807237051886,63.49921124416085,66.53518238902934,71.44421902638717,69.91577880316815,3.2,1.0,-0.04
PTON,2021-07-27,122.8499984741211,123.94000244140625,117.2699966430664,121.36000061035156,54.18773691264611,63.54060391038093,66.35926426221202,71.03132549400254,69.87641236722415,3.23,1.0,0.02
PTON,2021-07-28,121.75,123.5989990234375,120.3550033569336,121.91999816894531,51.37476493919825,63.24548272574274,66.36025770865113,71.02543065023332,69.87546174870334,3.27,2.0,0.04
PTON,2021-07-29,121.62000274658203,123.43000030517578,117.91000366210938,118.0999984741211,52.299927755762354,63.66043996097632,66.29465081755541,65.82669001079609,69.86428587389221,3.3,1.0,0.06
PTON,2021-07-30,116.0999984741211,120.5999984741211,115.7699966430664,118.05000305175781,51.47171597608416,54.155311727183474,62.735141659684956,65.5599696531188,69.82653826443726,3.37,1.0,0.34
PTON,2021-08-02,117.9000015258789,122.69000244140625,114.625,120.69000244140625,51.778038472293595,54.23271292857981,62.47425934504369,65.60103486097297,69.72940297032736,3.44,1.0,0.57
PTON,2021-08-03,120.83999633789062,122.99400329589844,117.91000366210938,119.2699966430664,51.83710834939363,54.3451551513168,61.88987568871374,65.56213727967753,69.47318154636515,3.51,1.0,0.79
PTON,2021-08-04,119.54000091552734,121.0999984741211,118.13999938964844,120.93000030517578,46.53996536479026,53.82120797069675,61.33069400435408,64.94925379350164,69.3703770609594,3.58,1.0,1.0
PTON,2021-08-05,119.41999816894531,121.36000061035156,116.80000305175781,120.22000122070312,46.5803060901061,53.39640917865979,61.31948592839046,64.94353369917019,69.35901700880963,3.65,1.0,1.14
PTON,2021-08-06,118.80999755859375,121.16999816894531,112.6500015258789,112.69000244140625,49.002293959811546,55.06557450091375,61.80116130263137,65.40281617788213,69.6414408970813,3.69,3.0,1.22
PTON,2021-08-09,113.11000061035156,117.62000274658203,111.16999816894531,116.58000183105469,50.132879664313975,53.98020555530457,62.02854697051456,65.48473728998499,69.67810378131523,3.73,5.0,1.25
PTON,2021-08-10,115.96499633789062,118.23999786376953,113.55999755859375,113.83999633789062,48.65172271997208,54.22179040026221,61.66212753691763,65.54321346017994,69.698903986575,3.76,3.0,1.29
PTON,2021-08-11,114.01000213623047,115.05000305175781,111.86000061035156,112.94999694824219,48.633286229835015,53.335296358966175,61.115177580263804,65.26009473161386,69.61854731072015,3.8,1.0,1.33
PTON,2021-08-12,112.91999816894531,114.51000213623047,111.66000366210938,112.63999938964844,48.54579211889554,53.0374612729685,61.09223338601994,65.24961371183198,69.6108030325988,3.83,1.0,1.35
PTON,2021-08-13,112.12999725341797,113.08000183105469,109.87999725341797,110.87999725341797,48.5597188197335,53.11784537637865,60.900676783030214,64.87244086800162,69.60892546113382,3.85,1.0,1.35
PTON,2021-08-16,109.91000366210938,111.9489974975586,107.19000244140625,110.0,48.57779989279168,52.58021045451373,58.43429253831714,64.85814882767272,69.57751026509284,3.89,1.0,1.43
PTON,2021-08-17,109.30999755859375,113.72000122070312,108.52999877929688,113.25,49.14092915364355,52.881400435370516,58.57022681366886,64.9109777309991,69.61947783357782,3.93,2.0,1.44
PTON,2021-08-18,113.44999694824219,113.9020004272461,109.75700378417969,110.6500015258789,49.4876558851893,53.13160298318682,58.50148313505748,64.50319249455066,69.35521662712425,3.96,2.0,1.39
PTON,2021-08-19,109.11000061035156,110.05000305175781,107.41000366210938,107.80000305175781,49.843052290845755,53.29704017956408,58.61318100811673,64.42185470287521,69.3265343603555,3.98,4.0,1.29
PTON,2021-08-20,109.0,111.0199966430664,107.8499984741211,108.06999969482422,47.85846067716537,49.43835997692398,58.52662824754519,64.41074448234549,69.31079973229302,3.99,3.0,1.14
PTON,2021-08-23,105.65299987792969,108.05000305175781,105.33999633789062,106.58999633789062,47.42145164044448,49.17590910726912,58.058951842838866,64.35248746444854,69.32435111520387,4.01,1.0,0.97
PTON,2021-08-24,110.29399871826172,114.26000213623047,110.01000213623047,113.70999908447266,51.4324791719595,50.796727204101,58.97200651591481,64.78767768167536,69.50295612185224,4.01,7.0,0.76
PTON,2021-08-25,113.0,116.62000274658203,112.55999755859375,116.25,49.239784121241804,50.90769689158874,58.91018828326276,64.80203927128603,69.52646269606963,4.01,7.0,0.51
PTON,2021-08-26,116.5,120.62000274658203,113.3499984741211,114.08999633789062,49.21967839390883,51.06350896014962,58.312695783936675,64.81881010168667,69.54999303841105,4.12,2.0,0.31
PTON,2021-08-27,108.05000305175781,108.80000305175781,102.91000366210938,104.33999633789062,55.725432818107855,53.260363853890006,60.008176933459744,65.22165485260889,70.02224470226398,4.2,10.0,0.1
PTON,2021-08-30,103.75,105.23999786376953,100.55000305175781,101.4800033569336,51.96096326890264,53.568357517803776,59.04707297111478,64.86471954660276,69.66734617989111,4.28,10.0,-0.08
PTON,2021-08-31,100.26000213623047,103.13999938964844,99.0999984741211,100.19000244140625,47.57359017834614,51.934683779287326,58.73370078214861,64.87529325591932,69.67642264879818,4.37,8.0,-0.24
PTON,2021-09-01,99.91000366210938,101.75,98.29000091552734,100.04000091552734,47.54502405649522,51.934526794907995,58.72866581611799,64.69054994924574,69.13585971026727,4.46,8.0,-0.39
PTON,2021-09-02,100.17900085449219,102.27999877929688,99.55999755859375,101.0,45.623383524227876,51.7479466768184,58.56244933155698,64.4495773548545,68.6265675923314,4.55,6.0,-0.53
PTON,2021-09-03,100.86000061035156,101.3499984741211,96.94999694824219,98.55999755859375,45.479187921202055,51.951048178142145,58.38956813831523,64.24414464964902,67.90824072375045,4.63,3.0,-0.65
PTON,2021-09-07,98.0999984741211,98.88999938964844,96.05500030517578,96.4800033569336,45.39377178794266,50.277443021343174,58.38704741723889,64.23034833470481,67.91165069639689,4.71,3.0,-0.77
PTON,2021-09-08,96.20099639892578,99.12000274658203,96.05999755859375,97.5,45.699123918100014,50.33041551787941,58.233733287276756,64.18455861408862,67.65937138198956,4.79,2.0,-0.87
PTON,2021-09-09,99.19400024414062,107.79000091552734,98.87000274658203,107.08000183105469,54.22079643314781,52.85580926178428,58.96756784050836,65.05438330914265,68.01269623624187,4.85,15.0,-0.97
PTON,2021-09-10,106.91000366210938,118.61000061035156,106.54000091552734,114.38999938964844,57.24185238976746,54.50480911268657,59.86170471988527,64.18967804972449,68.21336946163218,4.89,18.0,-1.06
PTON,2021-09-13,113.66999816894531,114.5,110.11000061035156,111.51000213623047,57.6771855878527,54.32318649224989,59.11860112322511,64.23551518773822,68.1209923695202,4.94,18.0,-1.15
PTON,2021-09-14,111.58000183105469,113.88400268554688,107.81999969482422,108.5,57.669661045256206,54.61730386404312,59.24429122844374,64.30459222687051,68.13259145358542,4.99,19.0,-1.22
PTON,2021-09-15,108.98999786376953,108.98999786376953,103.81999969482422,105.55999755859375,58.04171523569388,54.87445737705611,59.408011846600715,63.913626558574954,68.07361503663539,5.03,20.0,-1.29
PTON,2021-09-16,105.55999755859375,106.5999984741211,103.93000030517578,104.91999816894531,57.79468622949025,52.229185038286474,59.32003964592537,63.90024092121311,67.9871387170579,5.07,20.0,-1.36
PTON,2021-09-17,104.177001953125,105.23300170898438,102.5,103.41999816894531,57.86206824789845,52.283457763069805,59.34726627352366,63.78954454875322,67.93673168102781,5.12,21.0,-1.42
PTON,2021-09-20,101.4000015258789,104.12999725341797,99.30000305175781,100.7300033569336,55.44347893533453,51.88474957829988,59.47930841504301,63.81430775460479,67.79923929069169,5.16,23.0,-1.47
PTON,2021-09-21,101.25,103.93000030517578,100.44000244140625,100.91999816894531,54.317567491474605,51.89509427090535,59.08806215162912,63.668660320177835,67.57552164610144,5.2,18.0,-1.52
PTON,2021-09-22,99.51000213623047,99.9800033569336,92.61000061035156,94.55000305175781,56.84240176060441,52.49564938138751,59.987683648708376,64.06207826098903,67.89033170751834,5.22,26.0,-1.57
PTON,2021-09-23,94.80999755859375,96.56999969482422,94.01000213623047,94.37999725341797,56.85408762154025,52.48933063361611,59.849205227099866,63.961707075131876,67.88474392726023,5.25,25.0,-1.61
PTON,2021-09-24,94.12999725341797,94.12999725341797,91.76000213623047,92.63999938964844,56.961291540447675,52.53743682467049,59.902434536065265,63.42688832808439,67.51887223577113,5.28,27.0,-1.64
PTON,2021-09-27,91.70999908447266,94.37999725341797,89.62999725341797,92.06999969482422,56.89399241892864,52.49487630164087,54.373081115826906,63.29869735301333,66.79561695413389,5.35,1.0,-1.58
PTON,2021-09-28,91.0,91.0,87.05000305175781,87.80000305175781,58.1402069819553,53.221707310982694,54.87542180895433,63.34927080103906,66.95771627313376,5.42,2.0,-1.56
PTON,2021-09-29,87.98999786376953,89.87799835205078,85.19999694824219,85.4000015258789,57.35666981603378,53.20504065529163,55.05752112349597,63.33379924218854,66.91275618278473,5.48,3.0,-1.55
PTON,2021-09-30,85.05999755859375,87.9000015258789,84.66999816894531,87.05000305175781,57.782385636729515,53.44984510671451,54.7149996582655,62.781580160069296,66.93159287548943,5.54,2.0,-1.54
PTON,2021-10-01,86.19000244140625,87.16000366210938,84.31999969482422,86.70999908447266,57.53577478257089,53.40865965131398,54.35003594008923,62.771602499118075,66.67111387369252,5.61,1.0,-1.52
PTON,2021-10-04,86.25,86.48999786376953,81.33000183105469,82.3499984741211,58.85923341322119,53.41423949852888,54.88126230024558,62.82760502958522,66.82574077652232,5.66,5.0,-1.52
PTON,2021-10-05,82.20999908447266,84.13999938964844,81.5,82.55999755859375,58.935551862449856,53.15504485001779,53.88068177158932,62.5904574670451,66.75585097598228,5.71,1.0,-1.51
PTON,2021-10-06,82.19999694824219,85.19000244140625,81.04000091552734,83.76000213623047,55.195295150414495,53.322401123535045,53.88782158324158,62.443095073380995,66.77112948113535,5.76,2.0,-1.5
PTON,2021-10-07,84.5,89.47000122070312,84.4209976196289,87.73999786376953,56.85726691861382,53.36291539861442,53.95105020858815,62.684378440736985,66.74830716217697,5.8,3.0,-1.5
PTON,2021-10-08,87.5,88.22000122070312,85.12999725341797,86.11000061035156,56.85722177945839,53.3561053348528,53.790273698713385,62.690404440641565,66.75295509833028,5.87,1.0,-1.49
PTON,2021-10-11,85.83999633789062,87.4000015258789,84.80000305175781,84.87000274658203,51.60725642789483,53.396570878038496,53.77687708611455,62.685073492866714,66.40997590364978,5.93,1.0,-1.49
PTON,2021-10-12,85.8499984741211,87.33999633789062,84.87000274658203,86.6500015258789,51.81586172611499,51.44693718296311,53.49269498551498,62.36897318652625,66.35105675273586,5.98,1.0,-1.49
PTON,2021-10-13,87.2300033569336,88.4000015258789,86.25,86.70999908447266,51.7930331640508,49.36008373453984,53.485643724194155,62.339987586028776,66.28330722191178,6.04,1.0,-1.49
PTON,2021-10-14,87.97000122070312,88.19999694824219,85.30999755859375,85.8499984741211,51.80404681446831,49.34452612757406,53.4982879866066,62.336719261512684,66.28644591081493,6.09,3.0,-1.48
PTON,2021-10-15,86.0999984741211,86.5999984741211,84.47000122070312,85.11000061035156,51.62509875470469,48.30215218642052,53.452593028172814,62.33751192599419,66.17449390715781,6.14,1.0,-1.48
PTON,2021-10-18,85.11000061035156,88.9000015258789,83.58000183105469,87.6500015258789,52.28132648768236,48.64386062607618,51.31849138419938,62.44926764828558,66.14778734004652,6.2,1.0,-1.44
PTON,2021-10-19,87.55000305175781,88.30000305175781,85.87000274658203,88.19000244140625,52.09189080788666,48.60785545481555,51.11706509028323,62.44877104490154,66.13677494919422,6.26,1.0,-1.41
PTON,2021-10-20,91.41000366210938,93.75,89.77999877929688,90.6500015258789,52.70424990428771,49.06141564359697,51.252956600357926,62.55199566674081,66.19759994081028,6.31,2.0,-1.38
PTON,2021-10-21,90.41000366210938,95.58999633789062,90.3499984741211,94.83000183105469,46.514872710932046,50.08555538205716,51.76160075341737,62.244926035894565,66.10285031966345,6.34,4.0,-1.37
PTON,2021-10-22,93.9540023803711,94.90499877929688,92.18000030517578,93.83000183105469,41.515020754134675,49.7730386385665,51.781607029071516,61.87445187789727,66.05224719383746,6.38,5.0,-1.36
PTON,2021-10-25,93.5,97.52999877929688,93.29000091552734,96.5999984741211,42.362465870146565,50.224986678151936,51.37767241933942,61.94095715059459,66.10339133800221,6.42,4.0,-1.35
PTON,2021-10-26,97.1500015258789,99.36000061035156,92.19999694824219,93.45999908447266,42.65657223343849,50.30290334698254,51.63440479813035,61.995975707290654,66.08387478466965,6.46,5.0,-1.33
PTON,2021-10-27,93.26000213623047,93.42400360107422,87.9800033569336,88.44999694824219,44.62845245822918,51.35147394404005,51.288134489998924,62.278856482826185,66.25154009502879,6.48,3.0,-1.32
PTON,2021-10-28,88.77999877929688,90.66999816894531,88.52999877929688,90.30999755859375,45.294307518743196,51.48059479254354,51.41736735085508,62.32347365628603,66.28190860048105,6.51,6.0,-1.31
PTON,2021-10-29,89.91000366210938,92.48999786376953,88.94000244140625,91.44000244140625,45.47765661624394,51.60186634069541,51.332149238108634,61.979103194104866,66.09753919114458,6.54,5.0,-1.29
PTON,2021-11-01,91.5999984741211,92.94999694824219,89.8550033569336,92.83000183105469,45.30146631581473,50.202807997325614,51.38811768124651,61.66073546367431,65.92956238095053,6.56,7.0,-1.28
PTON,2021-11-02,92.75,92.75,87.91999816894531,89.37000274658203,46.40931362020759,50.092136828175036,50.62374541634037,61.58181158374705,65.96759057686612,6.58,1.0,-1.26
PTON,2021-11-03,88.94000244140625,91.46199798583984,88.79000091552734,89.9000015258789,42.695352435237155,49.9716376144128,50.62877484770741,61.58860811473188,65.95500810318147,6.6,2.0,-1.23
PTON,2021-11-04,90.38999938964844,90.48999786376953,85.75,86.05999755859375,44.39482882056972,50.62585944168123,50.363570228001706,61.76609764594938,65.80960731604752,6.62,1.0,-1.21
PTON,2021-11-05,57.130001068115234,61.70000076293945,55.209999084472656,55.63999938964844,133.19946364326432,101.91089224136827,85.34798433156409,79.39364180449809,78.57956475568868,7.0,100.0,-0.07
PTON,2021-11-08,53.36000061035156,53.599998474121094,49.11399841308594,51.25,134.4786298321041,102.92659948387022,85.9282394318225,79.90627499065573,78.97284129459636,7.38,100.0,0.66
PTON,2021-11-09,52.95000076293945,53.0,48.93000030517578,50.130001068115234,134.2209965694336,102.93862963274798,85.94280713907293,79.86089174351567,75.75280483252963,7.74,100.0,1.03
PTON,2021-11-10,49.77000045776367,51.40999984741211,48.29999923706055,48.95000076293945,134.20296123177977,102.58245433523314,85.98025450167329,79.59268913738246,75.59145019277864,8.09,100.0,1.2
PTON,2021-11-11,49.08000183105469,50.849998474121094,47.56999969482422,50.52000045776367,134.55429313978314,102.9853856216919,85.04575786359399,79.49342140661388,75.66045023634,8.38,96.0,1.22
PTON,2021-11-12,50.66999816894531,51.38999938964844,48.72999954223633,49.220001220703125,134.5039895436272,102.9852498272889,85.07288619520452,79.44028194664354,75.64935978947676,8.65,96.0,1.19
PTON,2021-11-15,49.612998962402344,49.7140007019043,46.70000076293945,47.4900016784668,134.24764235649792,103.03690717125444,84.8685888534633,79.3581247019846,75.36942269497683,8.91,94.0,1.12
PTON,2021-11-16,50.09000015258789,54.935001373291016,48.849998474121094,54.849998474121094,142.19403770483035,107.9919055074785,88.29451263489739,80.68963244636878,76.77921684657275,9.25,100.0,1.14
PTON,2021-11-17,52.65999984741211,53.38999938964844,50.810001373291016,51.130001068115234,142.85775006535718,107.48855278583649,88.44979385099894,81.00751793165173,77.07303251439066,9.58,100.0,1.11
PTON,2021-11-18,51.22999954223633,51.79999923706055,45.900001525878906,48.400001525878906,141.99771230066906,107.56275794298887,88.74786277985645,81.22555953440084,77.2165831071936,9.91,100.0,1.03
PTON,2021-11-19,49.54999923706055,50.08000183105469,47.0,47.13999938964844,142.00988581707048,107.58666440129925,88.78623571852387,81.17724081188021,77.24462499505496,10.23,100.0,0.91
PTON,2021-11-22,47.04999923706055,47.150001525878906,43.29999923706055,44.08000183105469,142.64748082923745,107.02353564988304,89.24990360191303,79.80267082200382,77.30718234494474,10.55,100.0,0.79
PTON,2021-11-23,44.0,44.34000015258789,41.130001068115234,42.970001220703125,142.07612537058975,107.01229260136446,89.27823466643594,79.72407230076601,77.3251440768459,10.86,100.0,0.66
PTON,2021-11-24,42.54999923706055,44.58000183105469,41.7400016784668,43.91999816894531,142.5197400265259,107.26889883016968,89.31927426255285,79.4640349495066,77.1536378516627,11.16,100.0,0.52
PTON,2021-11-26,47.720001220703125,47.75,45.0,46.40999984741211,144.26291618299177,108.16945511002336,89.9127687339316,79.58156300642226,77.3559276915419,11.46,100.0,0.39
PTON,2021-11-29,44.68000030517578,45.58000183105469,42.74399948120117,44.38999938964844,144.38115300446358,108.25956531055387,90.05116831862135,79.69768860544431,77.43293666731091,11.75,100.0,0.25
PTON,2021-11-30,44.720001220703125,46.130001068115234,42.5,44.0,143.62846639085467,108.24064237702315,89.80913441244753,79.56966101098254,77.12402069509379,12.03,98.0,0.12
PTON,2021-12-01,43.810001373291016,45.7599983215332,42.189998626708984,42.25,143.44376431484102,108.37243590824536,89.80500807090472,79.67991658057028,77.13666911161658,12.3,97.0,-0.02
PTON,2021-12-02,43.88999938964844,46.25,43.40999984741211,44.45000076293945,144.33220010429972,109.06911921656841,90.32429333123542,79.7900599093974,77.31735104449663,12.58,100.0,-0.14
PTON,2021-12-03,46.15999984741211,46.5,42.290000915527344,43.54999923706055,142.85851912608078,106.77914998205178,90.04277807620217,79.51781315879838,77.2763866134518,12.83,98.0,-0.26
PTON,2021-12-06,42.36000061035156,43.52000045776367,40.84000015258789,42.4900016784668,142.785465519461,105.44882632024995,90.06138655732178,79.52743713819288,77.29605501687763,13.09,99.0,-0.39
PTON,2021-12-07,42.58000183105469,43.88999938964844,41.380001068115234,41.779998779296875,141.85145295358376,105.43221550978001,90.06661124192114,79.4001799864883,77.2727999531426,13.33,99.0,-0.51
PTON,2021-12-08,41.84000015258789,46.345001220703125,40.970001220703125,45.90999984741211,146.18589992916503,107.80988338291569,90.7169552084625,79.34048397736821,77.87626726754664,13.58,100.0,-0.61
PTON,2021-12-09,45.209999084472656,45.790000915527344,40.27000045776367,40.70000076293945,148.61301128797132,109.95656871476723,91.6196387301143,80.48747132179369,78.50771580721958,13.84,100.0,-0.71
PTON,2021-12-10,39.849998474121094,41.25,37.66999816894531,38.5099983215332,148.1720443885208,110.23161604154537,91.86380829642393,80.59282415502597,78.38608921737249,14.09,100.0,-0.8
PTON,2021-12-13,39.6150016784668,41.459999084472656,37.75,41.34000015258789,150.52349819233328,111.68478597109343,92.5323558808414,81.09472927342728,78.74672417868747,14.35,100.0,-0.88
PTON,2021-12-14,38.70199966430664,42.75,38.66999816894531,39.2599983215332,150.16472251119785,111.9116217962273,92.66267224456493,81.22317625459276,78.76277973679268,14.6,100.0,-0.97
PTON,2021-12-15,39.334999084472656,39.34000015258789,36.41999816894531,38.5,150.16058103299994,111.8539327624236,92.6128297831263,80.9887339724413,78.60675022758382,14.84,99.0,-1.05
PTON,2021-12-16,38.5,40.18000030517578,38.433998107910156,39.810001373291016,150.9126886323093,111.8301707628455,92.88853615887277,81.12229829741644,78.52533245412184,15.08,100.0,-1.12
PTON,2021-12-17,40.040000915527344,43.025001525878906,39.15999984741211,42.45000076293945,153.10976054508382,112.9607458964681,93.62479677334727,81.50242237376493,78.78743666922031,15.33,100.0,-1.19
PTON,2021-12-20,42.15999984741211,42.459999084472656,38.189998626708984,38.70000076293945,93.38792216224176,114.11733472776717,94.46708033908963,81.82402410050581,79.22938171853531,15.58,100.0,-1.26
PTON,2021-12-21,38.875,39.779998779296875,37.939998626708984,39.189998626708984,91.22177664879491,114.24078303349833,94.52723499999422,81.8521005911112,79.1617744214005,15.82,100.0,-1.32
PTON,2021-12-22,39.209999084472656,39.71099853515625,36.63999938964844,37.779998779296875,91.50101103849624,114.12751263312491,94.46300001665846,81.42256672174763,78.37121734437007,16.04,98.0,-1.38
PTON,2021-12-23,37.41999816894531,38.810001373291016,35.9010009765625,38.59000015258789,91.81583562274204,114.31771840986325,94.60660956551135,81.38236048631457,78.40272496031297,16.26,100.0,-1.44
PTON,2021-12-27,38.119998931884766,38.470001220703125,36.470001220703125,36.709999084472656,91.80824435316724,114.35871891319438,94.71734565458969,81.53851817140418,78.52535957587499,16.46,100.0,-1.49
PTON,2021-12-28,36.61000061035156,37.29999923706055,35.029998779296875,35.130001068115234,92.21601559932118,114.49678996958288,94.8486289011639,81.55365417712659,78.37948617868902,16.66,100.0,-1.54
PTON,2021-12-29,35.130001068115234,35.685001373291016,33.90999984741211,34.560001373291016,91.93828732262472,114.24403747926965,94.47882259343314,81.47786831654987,78.38255828927646,16.85,96.0,-1.59
PTON,2021-12-30,34.529998779296875,37.902000427246094,34.47999954223633,37.189998626708984,83.4947741019356,115.6076459136275,95.16917461133603,81.9781291041765,78.6919456405705,17.04,100.0,-1.63
PTON,2021-12-31,36.099998474121094,37.400001525878906,35.654998779296875,35.7599983215332,82.11826297074283,115.58091664731187,95.25163518234653,82.01731904297142,78.74837218882661,17.22,100.0,-1.67
PTON,2022-01-03,36.08000183105469,36.2599983215332,34.720001220703125,35.20000076293945,81.11693731781095,114.88868325935786,95.25205279223317,81.61288219403986,78.6853612562427,17.38,100.0,-1.7
PTON,2022-01-04,35.0,35.25,32.391998291015625,33.81999969482422,81.44219073661615,114.99898000530476,95.34681845667191,81.70828643432009,78.72575249074227,17.55,100.0,-1.74
PTON,2022-01-05,33.119998931884766,34.599998474121094,32.0,32.22999954223633,80.48813415667938,115.19219914873848,95.51760093380118,81.5755808871141,78.79396703508348,17.7,100.0,-1.76
PTON,2022-01-06,32.25,34.66999816894531,31.510000228881836,33.86000061035156,82.17579220663158,115.73082149010384,96.01648009171502,81.80077432327764,78.63243110748006,17.84,100.0,-1.79
PTON,2022-01-07,33.54999923706055,36.0099983215332,33.029998779296875,35.58000183105469,83.4304543273893,116.45654879388674,96.29240579687578,82.06511599372955,78.74096132777683,17.97,100.0,-1.81
PTON,2022-01-10,34.70000076293945,35.099998474121094,32.22999954223633,34.369998931884766,81.65539100223346,116.52186477018287,96.34434008555371,82.07067185955694,78.71024725243323,18.1,100.0,-1.82
PTON,2022-01-11,34.27000045776367,37.68000030517578,34.04999923706055,36.560001373291016,83.54201503111625,117.58135203641868,97.01731048787701,82.46184003805033,78.9446267058915,18.23,100.0,-1.84
PTON,2022-01-12,36.34000015258789,37.08000183105469,34.470001220703125,34.4900016784668,84.88235543900088,117.5694116803993,97.28447813048109,82.6779066876156,78.74689106620357,18.35,100.0,-1.85
PTON,2022-01-13,34.68000030517578,34.709999084472656,31.979999542236328,32.150001525878906,86.2925100343178,118.00923164348684,97.73141904260662,82.91332084392297,79.00372677640047,18.46,100.0,-1.85
PTON,2022-01-14,31.0,32.31999969482422,30.350000381469727,31.329999923706055,84.51202387996871,117.65921113648947,96.97776861143228,82.94567619905915,78.92785593766091,18.56,97.0,-1.86
PTON,2022-01-18,30.850000381469727,30.920000076293945,29.111000061035156,30.229999542236328,84.7660097459086,116.98098970381938,96.88125054804846,82.98664317944237,78.8626355105724,18.65,96.0,-1.86
PTON,2022-01-19,30.020000457763672,32.38600158691406,29.540000915527344,31.84000015258789,86.66814007315341,117.87147110578779,97.43062789313103,83.25366448481532,78.95914330592224,18.74,99.0,-1.86
PTON,2022-01-20,32.04999923706055,32.6349983215332,23.25,24.219999313354492,115.6240945108524,128.54043419898008,105.19478875194577,87.26247533127885,83.32918812234455,18.94,100.0,-1.84
PTON,2022-01-21,25.809999465942383,28.700000762939453,24.34000015258789,27.059999465942383,117.11851358483476,131.4146936877979,107.03936709478859,88.3343105505566,84.14741894292519,19.15,100.0,-1.8
PTON,2022-01-24,25.850000381469727,30.270000457763672,25.809999465942383,29.709999084472656,117.2045376521456,133.26430238985054,108.36996187607284,89.11569622675623,84.7393940112995,19.37,100.0,-1.76
PTON,2022-01-25,29.040000915527344,29.708999633789062,26.450000762939453,26.530000686645508,120.28903475695607,134.41474133571796,109.53496362303206,89.82645528014108,85.2329897996036,19.59,100.0,-1.73
PTON,2022-01-26,27.125,27.600000381469727,24.670000076293945,24.75,118.70780593378522,134.60739494731666,109.83347963667029,89.96410056175543,85.45394642243548,19.8,100.0,-1.69
PTON,2022-01-27,24.799999237060547,25.56999969482422,23.760000228881836,23.969999313354492,118.34781744716479,134.4023641622226,109.8582719384942,90.00232005508322,85.48041950420344,20.0,100.0,-1.66
PTON,2022-01-28,24.003000259399414,25.709999084472656,22.809999465942383,25.639999389648438,120.80432401215742,135.6144123239806,110.6099115019206,90.03649452275091,85.79991853755166,20.19,100.0,-1.62
PTON,2022-01-31,26.549999237060547,27.65999984741211,26.010000228881836,27.329999923706055,122.14460334150212,136.61763143417977,111.22362652872965,90.3965352924224,86.08377022288126,20.37,100.0,-1.59
PTON,2022-02-01,27.389999389648438,28.56999969482422,26.59000015258789,28.020000457763672,120.51980867046812,136.83004659967338,110.07804920327102,90.35890027506576,86.13198601621316,20.53,98.0,-1.56
PTON,2022-02-02,27.899999618530273,27.899999618530273,25.8799991607666,26.700000762939453,118.67956884739056,105.87656249258008,109.4719671523786,90.38129990410597,86.23215481595857,20.67,94.0,-1.54
PTON,2022-02-03,26.270999908447266,26.600000381469727,24.19499969482422,24.25,120.86244965989901,106.31163715373675,110.22559294425382,90.95848569557148,86.36613020458555,20.8,98.0,-1.51
PTON,2022-02-04,24.66200065612793,24.790000915527344,23.209999084472656,24.600000381469727,121.00875465442134,106.43281522532355,110.30770614585977,90.82189681022737,86.22926222601312,20.93,98.0,-1.48
PTON,2022-02-07,31.6200008392334,32.220001220703125,27.90999984741211,29.75,134.46495422567065,114.15416060818606,114.98087882071717,93.78267496501046,88.44073228540513,21.11,100.0,-1.44
PTON,2022-02-08,30.200000762939453,40.349998474121094,29.700000762939453,37.27000045776367,149.90887066690516,123.56563696654186,121.02893828757865,97.71778608485701,91.39154803672909,21.38,100.0,-1.37
PTON,2022-02-09,36.52000045776367,38.93000030517578,35.61000061035156,38.77000045776367,149.70733885240202,123.81946708140875,121.28477647958682,97.8526204666916,91.4921649211329,21.64,100.0,-1.31
PTON,2022-02-10,36.959999084472656,39.625999450683594,36.40999984741211,37.459999084472656,150.0035059907734,123.80435802464243,121.31929092786231,97.15368748232346,91.52577938129114,21.87,100.0,-1.25
PTON,2022-02-11,36.810001373291016,37.29999923706055,33.68000030517578,34.68000030517578,150.183129195227,120.76940341054953,121.77136365965286,97.43515502833313,91.60769482561332,22.09,100.0,-1.2
PTON,2022-02-14,33.70500183105469,34.959999084472656,32.18000030517578,32.83000183105469,150.58385892312953,120.4692023418541,121.66418345421765,97.58877541651859,91.58717853143017,22.3,99.0,-1.16
PTON,2022-02-15,32.99800109863281,33.650001525878906,31.950000762939453,33.25,150.59765029885557,120.12704523287479,121.71263475703581,97.6129879861507,91.51444146500619,22.49,99.0,-1.12
PTON,2022-02-16,33.15999984741211,34.20000076293945,31.530000686645508,32.04999923706055,150.5294224509087,120.22009897439551,121.77774944448771,97.6772751723905,91.56718415169087,22.66,100.0,-1.08
PTON,2022-02-17,31.969999313354492,33.0099983215332,30.209999084472656,30.59000015258789,150.48910427894754,119.85107543363381,121.90942689007261,97.64746986801126,91.6456983133317,22.75,100.0,-1.03
PTON,2022-02-18,30.570999145507812,31.694000244140625,29.079999923706055,29.6299991607666,149.93372139256692,119.90235702348666,121.81574700223226,97.69013038186915,91.14023887833072,22.82,99.0,-0.98
PTON,2022-02-22,29.479999542236328,30.309999465942383,28.399999618530273,28.549999237060547,149.32450150608298,119.92220638358036,121.85806354731044,97.39153279189333,91.18204879478102,22.87,99.0,-0.93
PTON,2022-02-23,28.729999542236328,29.1200008392334,26.700000762939453,27.0,149.78709459810042,119.61489351308774,121.96777376639601,97.55593468576478,91.27735588099587,22.9,100.0,-0.88
PTON,2022-02-24,25.5,28.600000381469727,25.260000228881836,28.299999237060547,149.24985973774,119.92585995489549,122.31816604273824,97.74879272443772,91.24981485675166,22.91,100.0,-0.83
PTON,2022-02-25,28.079999923706055,28.440000534057617,26.75,28.190000534057617,148.50508189825348,119.92779481194292,122.15146005077486,97.74959579128858,91.11063003088073,22.91,99.0,-0.78
PTON,2022-02-28,28.950000762939453,29.1200008392334,27.110000610351562,29.059999465942383,147.62581589936673,119.97161852612075,122.30834738052062,97.4820758425652,91.12226003481095,22.87,99.0,-0.72
PTON,2022-03-01,28.889999389648438,29.149999618530273,27.200000762939453,27.6200008392334,148.133009419267,119.71627441674822,122.4091824816832,97.61631179678,91.13435043396925,22.81,100.0,-0.65
PTON,2022-03-02,27.469999313354492,27.510000228881836,25.850000381469727,26.729999542236328,148.08025403345195,119.79773435446204,122.10711139877046,97.50142785514254,90.80468389470022,22.73,96.0,-0.59
PTON,2022-03-03,26.96500015258789,27.020000457763672,24.399999618530273,24.520000457763672,148.95343107986017,120.82257412983672,122.67326006012303,97.94418079812117,91.12729206264115,22.64,100.0,-0.52
PTON,2022-03-04,24.799999237060547,24.81999969482422,22.459999084472656,23.489999771118164,126.64886063081472,121.01132869250179,122.7675791848555,97.89567415522833,91.1979762415585,22.52,100.0,-0.44
PTON,2022-03-07,23.59000015258789,24.079999923706055,22.139999389648438,22.520000457763672,122.60174860397947,119.22691644743142,122.73557289550641,97.96699523170267,91.21841497655564,22.37,99.0,-0.36
PTON,2022-03-08,22.219999313354492,23.5049991607666,21.329999923706055,22.549999237060547,118.95505930610429,117.08268496289188,122.73749236763878,97.97425639147811,90.1143096740812,22.21,99.0,-0.27
PTON,2022-03-09,22.81999969482422,23.860000610351562,22.690000534057617,23.440000534057617,115.5105164109136,117.10866070730998,123.01575594677064,97.56277459367445,90.15906708989311,22.02,100.0,-0.18
PTON,2022-03-10,22.59000015258789,23.1299991607666,21.989999771118164,22.610000610351562,114.2681603430089,116.06644271034712,123.06809821150657,97.60551984390762,89.99624589774712,21.81,100.0,-0.08
PTON,2022-03-11,22.639999389648438,22.709999084472656,21.040000915527344,21.139999389648438,115.49363895907747,116.3487757198463,123.17139559102293,97.69389283428977,90.07992039988576,21.53,100.0,0.01
PTON,2022-03-14,20.809999465942383,21.878000259399414,20.110000610351562,20.200000762939453,114.04113599070138,116.5578913193787,123.22676826854158,97.7819281507081,90.14694812471714,21.22,100.0,0.12
PTON,2022-03-15,21.010000228881836,22.815000534057617,20.559999465942383,22.610000610351562,117.5407065854537,118.94878701191365,124.70367441279669,98.65201511177973,90.86020173729636,20.9,100.0,0.22
PTON,2022-03-16,22.8700008392334,23.440000534057617,22.079999923706055,23.309999465942383,117.6800420017184,118.25591835590915,124.54948178026524,98.76589094127681,90.93315331135555,20.56,99.0,0.32
PTON,2022-03-17,23.209999084472656,24.729999542236328,22.92099952697754,24.700000762939453,118.39897517864554,117.79075073177859,125.07142891780923,99.08488811729644,91.0597587628557,20.2,100.0,0.42
PTON,2022-03-18,24.639999389648438,26.700000762939453,24.610000610351562,26.6200008392334,117.01577520705023,118.92984607411321,125.67627228425877,99.5769585575351,91.22852533226371,19.79,100.0,0.52
PTON,2022-03-21,26.3700008392334,26.719999313354492,24.979999542236328,26.25,117.06771316368156,118.7747215725852,125.63487960957677,99.57802841897502,91.21664985032545,19.36,99.0,0.6
PTON,2022-03-22,25.93000030517578,28.139999389648438,25.844999313354492,27.530000686645508,103.71553570647049,119.15627967845433,125.81043246953723,99.75402054090206,91.28537072930911,18.88,100.0,0.66
PTON,2022-03-23,27.329999923706055,29.860000610351562,26.860000610351562,28.709999084472656,79.47926084535035,119.18511184014808,125.99418555607662,99.92842903690597,90.83228564279474,18.37,100.0,0.68
PTON,2022-03-24,28.3700008392334,29.18000030517578,27.172000885009766,28.940000534057617,78.33733023024689,118.91765790446078,125.97466007112605,99.9355564164092,90.82152083127272,17.81,99.0,0.64
PTON,2022-03-25,29.229999542236328,29.65999984741211,27.81999969482422,28.420000076293945,78.03451433498631,118.92657329785237,125.90652484206632,99.809777526525,90.76086625781831,17.19,98.0,0.51
PTON,2022-03-28,28.440000534057617,29.1200008392334,26.8799991607666,28.06999969482422,75.34887728071567,117.8610420263379,125.83676069346255,99.75288355144204,90.76015274303397,16.5,97.0,0.17
PTON,2022-03-29,28.649999618530273,32.13999938964844,28.368999481201172,30.889999389648438,79.57034713090819,119.40719333907492,126.95738579577755,100.50542636330535,91.28526061600171,15.75,100.0,-0.46
PTON,2022-03-30,30.05500030517578,30.780000686645508,27.920000076293945,28.440000534057617,82.76961901443788,120.5072094940738,127.3652435322885,100.73761427584947,91.45924462620945,14.92,100.0,-1.66
PTON,2022-03-31,28.559999465942383,28.905000686645508,26.25,26.420000076293945,84.66235707604982,121.13826191358947,108.11559938282882,101.03087964249153,91.71295430008547,14.78,53.0,-1.65
PTON,2022-04-01,26.56999969482422,26.920000076293945,25.799999237060547,26.309999465942383,83.80106869223283,120.79016614059834,107.45008134621514,101.03157742346622,91.68791751039004,14.64,52.0,-1.65
PTON,2022-04-04,26.489999771118164,27.829999923706055,25.829999923706055,27.809999465942383,85.17970544309466,120.9104945338589,107.87093500227805,100.89943874541139,91.68380808916487,14.5,52.0,-1.64
PTON,2022-04-05,27.709999084472656,27.950000762939453,25.875,26.200000762939453,86.22699276455486,120.9433867933578,108.17187208770567,100.70935147620102,91.84162531704762,14.36,53.0,-1.63
PTON,2022-04-06,25.56999969482422,25.850000381469727,24.25,24.90999984741211,85.9559564348907,121.15259383100845,108.22591501331476,100.82395956882111,91.62778907706127,14.2,53.0,-1.63
PTON,2022-04-07,24.670000076293945,25.209999084472656,22.850000381469727,24.059999465942383,85.10878132137678,120.48075487485606,108.27326306858672,100.72258395646914,91.60435239772565,14.03,53.0,-1.63
PTON,2022-04-08,24.399999618530273,24.590999603271484,23.399999618530273,23.559999465942383,85.22662376930063,120.04403317191313,108.19919941754365,100.69032220475943,91.61113072702088,13.85,51.0,-1.63
PTON,2022-04-11,23.010000228881836,24.600000381469727,22.530000686645508,24.18000030517578,85.07218645286136,119.47462312955047,105.59407953666471,100.7526891516717,91.60335277809877,13.72,45.0,-1.61
PTON,2022-04-12,24.18000030517578,25.079999923706055,23.56999969482422,23.709999084472656,84.1232014105033,119.43459151708291,105.14187890374053,100.76029315306401,91.55827810280846,13.59,43.0,-1.6
PTON,2022-04-13,23.65999984741211,25.049999237060547,23.290000915527344,25.030000686645508,85.40221693703371,119.85554754245051,105.32106164390171,101.02540265316975,91.7271159159719,13.46,44.0,-1.59
PTON,2022-04-14,24.81999969482422,26.5,23.100000381469727,23.8700008392334,82.77974105958192,119.63614877386446,105.4748512490461,101.09242740848552,91.78577733992626,13.32,44.0,-1.57
PTON,2022-04-18,23.510000228881836,24.049999237060547,21.899999618530273,23.90999984741211,81.81612290686786,105.71617186626226,105.03800285477978,101.09520332078658,91.52488326091772,13.19,40.0,-1.56
PTON,2022-04-19,23.760000228881836,25.125,23.510000228881836,24.530000686645508,81.09272245639374,103.30568362044387,105.11116464377521,101.11107283359824,91.57746717015925,13.06,40.0,-1.55
PTON,2022-04-20,24.56999969482422,24.56999969482422,21.739999771118164,21.770000457763672,88.49598151136657,104.1432952888102,106.55266568566171,101.95271328136945,92.0984929316077,12.92,45.0,-1.53
PTON,2022-04-21,22.020000457763672,22.350000381469727,20.40999984741211,20.46500015258789,89.35111849032921,102.38417969181228,106.4333628224139,102.10235920565847,92.24133176357579,12.79,44.0,-1.51
PTON,2022-04-22,20.719999313354492,20.8799991607666,19.65999984741211,20.389999389648438,88.84973478195103,101.48057778290027,106.27601250948095,102.10391300763138,92.24145820941278,12.66,43.0,-1.5
PTON,2022-04-25,20.040000915527344,20.5,19.530000686645508,20.40999984741211,86.76987938904219,101.30587441012861,106.28495633660127,101.90293618333787,92.20196552581822,12.51,43.0,-1.48
PTON,2022-04-26,20.190000534057617,20.469999313354492,18.905000686645508,19.020000457763672,88.17388604397964,101.1757440960369,106.62673698966584,102.02577228221968,92.42421320200577,12.37,45.0,-1.47
PTON,2022-04-27,18.549999237060547,19.5,18.34000015258789,18.639999389648438,81.29358174177025,100.19556905985603,106.2258698789198,102.01984673641711,92.42132427619421,12.23,40.0,-1.45
PTON,2022-04-28,18.709999084472656,19.040000915527344,17.375,18.469999313354492,80.53726224177775,99.98390116048603,106.20915913272542,102.01956565198867,92.35111692408498,12.08,39.0,-1.44
PTON,2022-04-29,18.84000015258789,19.93000030517578,17.530000686645508,17.559999465942383,78.9700717975193,100.02501854305825,106.38813193660917,102.12791794976519,92.4551520807364,11.93,42.0,-1.42
PTON,2022-05-02,17.649999618530273,18.829999923706055,17.209999084472656,18.729999542236328,78.03891120782086,99.32049311423637,107.01414091071844,102.50864235925002,92.70974128503045,11.77,45.0,-1.41
PTON,2022-05-03,18.44499969482422,18.850000381469727,17.959999084472656,18.309999465942383,78.10148906643441,99.31351265207229,105.77185606597848,102.51955825831263,92.71087728143429,11.62,36.0,-1.4
PTON,2022-05-04,18.270000457763672,18.860000610351562,16.780000686645508,18.709999084472656,76.72834882844079,90.82315909667616,104.36277940640346,102.48311590313254,91.5086803267549,11.48,28.0,-1.39
PTON,2022-05-05,18.530000686645508,18.530000686645508,16.670000076293945,17.010000228881836,78.49261205116818,78.62777877999913,105.01656056647874,102.9672031386297,91.92164491861975,11.35,28.0,-1.38
PTON,2022-05-06,16.739999771118164,16.940000534057617,14.699999809265137,15.699999809265137,80.14954480229703,79.03417911628648,104.85855086943934,103.28125259085243,92.2148781717319,11.22,27.0,-1.37
PTON,2022-05-09,15.34000015258789,15.609999656677246,14.0600004196167,14.130000114440918,83.83869832856192,81.08713887267835,105.74886841381341,103.8739265360783,92.60573421510762,11.09,35.0,-1.35
PTON,2022-05-10,12.100000381469727,13.479000091552734,11.25,12.899999618530273,86.02255923453043,81.58371220365278,106.51624721649173,104.30159261727778,92.86460202633991,10.96,42.0,-1.34
PTON,2022-05-11,13.32800006866455,13.9350004196167,12.239999771118164,12.34000015258789,78.01765076002043,81.40203374223607,106.40713067938175,103.97470295697893,92.93082022060754,10.82,40.0,-1.33
PTON,2022-05-12,12.050000190734863,14.140000343322754,11.802000045776367,13.619999885559082,84.9023868134609,84.5573006874977,107.17150108844788,104.72414477522392,93.26149027192785,10.69,46.0,-1.31
PTON,2022-05-13,13.890000343322754,15.899999618530273,13.819999694824219,15.869999885559082,97.90645836392954,91.13743771581741,109.49746421990336,106.52018472381646,94.61194161904952,10.56,55.0,-1.29
PTON,2022-05-16,15.5600004196167,16.15999984741211,15.260000228881836,15.479999542236328,97.85483397171298,90.8903146714858,109.4717560299235,106.12482453051786,94.55077791623373,10.43,53.0,-1.27
PTON,2022-05-17,15.829999923706055,16.219999313354492,14.675000190734863,15.550000190734863,95.63560714695133,90.84517815521863,109.4049241626017,106.1199829692211,94.48098290371979,10.3,52.0,-1.25
PTON,2022-05-18,15.239999771118164,15.920000076293945,14.3149995803833,14.420000076293945,96.32116066426177,91.6561910952701,109.80348852200173,106.39825110146622,94.70227735010391,10.17,56.0,-1.23
PTON,2022-05-19,14.28499984741211,15.069999694824219,14.140000343322754,14.729999542236328,96.58614392564157,91.42118375855223,109.723403742697,106.46026839706776,94.62787813184941,10.03,55.0,-1.21
PTON,2022-05-20,14.960000038146973,15.039999961853027,13.680000305175781,14.510000228881836,96.44980707485419,90.64634778143052,109.58543058701397,106.43436524305787,94.62310197592846,9.89,54.0,-1.19
PTON,2022-05-23,14.57699966430664,14.57699966430664,13.050000190734863,13.619999885559082,97.38230035314885,91.25917563251181,109.92021521049382,106.60372855667654,94.7804838777294,9.74,58.0,-1.17
PTON,2022-05-24,13.470000267028809,13.470000267028809,12.335000038146973,12.520000457763672,98.26465331814029,91.99798716287167,109.74988424748418,106.94863737140648,95.0825557005326,9.6,54.0,-1.16
PTON,2022-05-25,12.430000305175781,13.265000343322754,12.425000190734863,13.050000190734863,99.96980430588886,92.36503184716433,109.96687881432818,107.10025045277266,94.6275140605819,9.45,58.0,-1.15
PTON,2022-05-26,13.164999961853027,13.949999809265137,12.869999885559082,13.899999618530273,100.5759616098225,93.54849927485117,110.57406357258648,106.73868418327548,94.8305236185252,9.3,61.0,-1.14
PTON,2022-05-27,13.960000038146973,14.520000457763672,13.869999885559082,14.510000228881836,101.80625125328578,92.84642131367666,110.77159578746611,106.5378163885292,94.9606917802066,9.14,62.0,-1.13
PTON,2022-05-31,14.460000038146973,14.739999771118164,13.770000457763672,13.960000038146973,101.84819382209736,92.78337034174928,110.69509681854457,106.57352256360039,95.00874321984435,8.98,61.0,-1.13
PTON,2022-06-01,13.880000114440918,14.3100004196167,12.890000343322754,12.9399995803833,102.3239851952661,93.5569174728294,110.81811504525483,106.82914725241388,95.24831624810611,8.83,62.0,-1.13
PTON,2022-06-02,12.989999771118164,13.407999992370605,12.920000076293945,13.170000076293945,98.55086705400232,93.69492194587218,110.49961634825243,106.86931921524032,95.18531024346099,8.68,57.0,-1.14
PTON,2022-06-03,13.020000457763672,13.100000381469727,12.364999771118164,12.529999732971191,98.13451156731118,93.5273990382056,110.6124012029682,106.96297990453651,95.27345031479678,8.52,59.0,-1.15
PTON,2022-06-06,12.649999618530273,12.869999885559082,12.289999961853027,12.479999542236328,98.13088685697974,93.38305179606043,110.01590108680041,106.96650908187928,94.99917117171867,8.37,52.0,-1.17
PTON,2022-06-07,12.220000267028809,12.529999732971191,11.899999618530273,12.430000305175781,98.06482867175342,92.62123846443426,109.75600941418797,106.9562223202015,94.9971469958857,8.22,46.0,-1.19
PTON,2022-06-08,12.420000076293945,13.010000228881836,12.130000114440918,12.1899995803833,96.72904159409785,92.33490356402302,109.34408898687941,106.94812472597025,94.98903567131204,8.08,37.0,-1.21
PTON,2022-06-09,12.069999694824219,12.100000381469727,11.095000267028809,11.119999885559082,99.27183129113769,90.37001612170252,110.09208943424127,107.1821095604177,95.35314966851148,7.92,53.0,-1.27
PTON,2022-06-10,10.899999618530273,11.079999923706055,10.460000038146973,10.510000228881836,99.88148534525853,90.38694971446013,110.26223703068152,107.30447295096164,95.18644988385851,7.75,54.0,-1.36
PTON,2022-06-13,10.010000228881836,10.350000381469727,9.609999656677246,9.84000015258789,100.4028324702308,89.78050821031715,110.14902158510577,107.48980676258451,95.35363467266434,7.58,52.0,-1.45
PTON,2022-06-14,9.970000267028809,10.079999923706055,9.444999694824219,9.579999923706055,97.21674853972556,87.81389093947467,101.87443026724952,107.50049567557404,95.26144148894147,7.63,1.0,-1.44
PTON,2022-06-15,9.609999656677246,10.239999771118164,9.609999656677246,10.130000114440918,99.82108726258052,89.07376177579945,100.58837092984136,107.72286282859906,95.48543140330956,7.71,1.0,-1.41
PTON,2022-06-16,9.75,9.970000267028809,9.289999961853027,9.449999809265137,100.03403281762064,88.74146281649014,99.65186899200317,107.92186542145568,95.5706888484285,7.82,1.0,-1.38
PTON,2022-06-17,9.430000305175781,9.920000076293945,9.369999885559082,9.739999771118164,98.73517304832308,88.43564129598806,98.51869744759567,107.97520485926526,95.64595939817634,7.95,1.0,-1.34
PTON,2022-06-21,9.890000343322754,10.329999923706055,9.680000305175781,9.699999809265137,97.06096455910308,88.31844825010076,98.06033938555309,107.9749903804007,95.64752144431715,8.09,1.0,-1.3
PTON,2022-06-22,9.539999961853027,10.239999771118164,9.510000228881836,9.770000457763672,93.47714901015344,88.47184272532112,98.02730330207716,107.89683204739279,95.23471730310635,8.23,1.0,-1.27
PTON,2022-06-23,9.850000381469727,10.5600004196167,9.609999656677246,10.510000228881836,93.5585071932901,90.40478617852952,98.14353142991709,108.35029885678604,95.58677537790055,8.36,3.0,-1.26
PTON,2022-06-24,10.520000457763672,11.020000457763672,10.390000343322754,11.010000228881836,94.09397668608173,88.3359524478485,97.85431856841065,108.52427404609435,95.64014377630001,8.5,1.0,-1.25
PTON,2022-06-27,11.119999885559082,11.220000267028809,10.300000190734863,10.789999961853027,89.01237925563788,87.28072822193653,97.71699992929612,108.311708109276,95.64375603066753,8.63,1.0,-1.25
PTON,2022-06-28,10.699999809265137,10.9399995803833,9.819999694824219,9.859999656677246,78.09541484667265,87.80760113808182,98.36331926147683,108.7062492762269,95.83088720419354,8.74,6.0,-1.25
PTON,2022-06-29,9.779999732971191,9.8100004196167,9.109999656677246,9.449999809265137,78.4375396508892,87.93001369884972,97.52946342598592,108.7655258569461,95.88540459261816,8.87,1.0,-1.25
PTON,2022-06-30,9.380000114440918,9.420000076293945,8.739999771118164,9.180000305175781,78.26025486014969,86.64931389591476,97.50332396271565,108.71260246302492,95.90321609030981,8.99,1.0,-1.26
PTON,2022-07-01,9.119999885559082,9.460000038146973,8.880000114440918,9.130000114440918,76.36843696874097,86.26049561211543,92.0873888610092,108.70455043757154,95.9032418908685,9.22,1.0,-1.17
PTON,2022-07-05,9.114999771118164,10.414999961853027,8.729999542236328,10.40999984741211,86.8602584198504,91.19440197934804,86.98629627889753,110.02621467802027,96.94005352873972,9.51,1.0,-0.9
PTON,2022-07-06,10.3100004196167,10.635000228881836,10.055000305175781,10.149999618530273,86.94661007855683,91.12576262082023,86.6034553675108,110.03729928536852,96.91500604874577,9.79,1.0,-0.7
PTON,2022-07-07,10.170000076293945,10.704999923706055,10.100000381469727,10.649999618530273,87.21885646875728,92.00720024300789,87.08312390919187,110.1579388893884,97.08493437506391,10.04,3.0,-0.6
PTON,2022-07-08,10.520000457763672,10.925000190734863,10.114999771118164,10.210000038146973,84.8548438274978,91.82687181156105,86.59952774441201,110.19611248815929,97.12860258304784,10.28,1.0,-0.52
PTON,2022-07-11,10.0600004196167,10.109999656677246,8.90999984741211,8.920000076293945,91.30986187344463,95.09877834329944,88.5199711448535,111.05166648831985,97.84503434930592,10.46,5.0,-0.51
PTON,2022-07-12,9.369999885559082,9.529999732971191,9.020000457763672,9.25,89.69438128856912,94.60285753817558,88.7738030717115,110.99216824534138,97.9069723940091,10.62,6.0,-0.52
PTON,2022-07-13,8.9350004196167,9.1899995803833,8.65999984741211,8.930000305175781,88.2633050202609,94.46541915759184,88.76349012454631,111.02307896781018,97.93681428037755,10.77,6.0,-0.53
PTON,2022-07-14,8.890000343322754,8.930000305175781,8.319999694824219,8.34000015258789,89.33388817007145,94.98229116868283,89.04097693883682,111.10079825691206,98.0039766245808,10.9,8.0,-0.54
PTON,2022-07-15,8.4350004196167,8.680000305175781,8.220000267028809,8.479999542236328,88.06641920657955,94.82614734196007,89.1121807426705,111.13398604516871,98.0369309949229,11.01,9.0,-0.56
PTON,2022-07-18,8.75,9.140000343322754,8.572999954223633,8.630000114440918,88.06379021808827,92.6836904856894,89.15026151399482,111.08198647270176,98.0752643695416,11.12,10.0,-0.58
PTON,2022-07-19,8.770000457763672,9.470000267028809,8.5,9.399999618530273,91.93781408903845,94.43311035283129,90.19621097788304,111.62056763640635,98.22277971199573,11.19,11.0,-0.6
PTON,2022-07-20,9.449999809265137,11.039999961853027,9.380000114440918,11.029999732971191,104.2511018881741,100.85318054791175,93.74090454002383,113.43482695025047,99.4043476827714,11.2,13.0,-0.61
PTON,2022-07-21,10.8100004196167,11.399999618530273,10.699999809265137,11.260000228881836,104.49775669187622,101.02690519820523,93.85854973992672,113.45521542610962,99.44529874174899,11.21,14.0,-0.61
PTON,2022-07-22,11.100000381469727,11.109999656677246,9.720000267028809,9.770000457763672,111.9102604712203,103.87667231849962,95.9722282662565,114.4563611719454,100.2210517135175,11.18,15.0,-0.6
PTON,2022-07-25,9.850000381469727,9.857000350952148,9.270000457763672,9.550000190734863,109.13435722057896,103.88771520504973,95.77833359044983,114.44243794356012,100.19635870555321,11.14,15.0,-0.58
PTON,2022-07-26,9.3100004196167,9.3100004196167,8.59000015258789,8.710000038146973,111.06395410022174,105.20122513616916,96.58669144369902,114.77115312080957,100.51173881727308,11.09,17.0,-0.56
PTON,2022-07-27,9.0,9.09000015258789,8.560999870300293,9.0,110.13866925910773,105.30085999223564,96.07851679556006,103.24906979745217,100.60473377520312,11.03,17.0,-0.53
PTON,2022-07-28,9.020000457763672,9.359999656677246,8.680000305175781,9.329999923706055,110.46237577890925,104.58612553301354,96.20757116941986,103.03456235255072,100.70049630859717,10.97,18.0,-0.49
PTON,2022-07-29,9.239999771118164,9.550000190734863,8.880000114440918,9.489999771118164,109.2975456101401,104.72291818039001,96.1504684937099,103.07093221778291,100.71357925146526,10.9,18.0,-0.44
PTON,2022-08-01,9.5,9.8100004196167,9.164999961853027,9.6899995803833,107.58575740611775,104.7130048895897,96.25191885253457,103.11754382877794,100.75637531906543,10.82,20.0,-0.39
PTON,2022-08-02,9.630000114440918,10.949999809265137,9.5600004196167,10.720000267028809,111.16307692545098,105.68604390728171,97.5286804229251,103.82713634424381,101.31562419668631,10.71,23.0,-0.33
PTON,2022-08-03,10.84000015258789,11.479999542236328,10.640000343322754,11.390000343322754,112.3700902220637,105.50177674451781,98.02264494621178,104.12821043974047,101.55845045587182,10.6,27.0,-0.25
PTON,2022-08-04,11.3100004196167,11.489999771118164,10.449999809265137,10.5,115.14094493641036,104.64117842673635,98.26960841507704,104.4378005425324,101.78647304074362,10.48,31.0,-0.17
PTON,2022-08-05,10.34000015258789,11.869999885559082,10.050000190734863,11.789999961853027,118.05847727811437,105.95290266740791,99.98450121566385,103.91007733108786,102.55762667358034,10.33,35.0,-0.07
PTON,2022-08-08,11.930000305175781,12.670000076293945,11.65999984741211,11.90999984741211,117.38562254227357,105.59893828274033,98.2107532949608,103.67318067574087,102.42416631767442,10.16,31.0,0.03
PTON,2022-08-09,11.569999694824219,11.65999984741211,10.880000114440918,11.09000015258789,119.17160186505423,104.51452452972865,98.56646848148114,103.79598172084248,102.52289357495088,9.99,35.0,0.14
PTON,2022-08-10,11.614999771118164,12.069999694824219,11.40999984741211,11.920000076293945,117.67104452699667,100.59373857411458,98.83261582185493,104.2070037249502,102.83571046604123,9.79,36.0,0.25
PTON,2022-08-11,12.239999771118164,13.5649995803833,11.729999542236328,11.90999984741211,116.78617396168627,100.50906932825174,97.9577520009589,103.96924768884823,102.83885610784776,9.57,27.0,0.36
PTON,2022-08-12,12.079999923706055,13.789999961853027,11.819999694824219,13.529999732971191,121.23757639191166,104.07219367752603,100.28749639685796,105.16136398925602,103.73871176704222,9.32,40.0,0.47
PTON,2022-08-15,13.34000015258789,13.770000457763672,12.6899995803833,13.529999732971191,121.17590216404214,102.9505010219183,99.91617518677693,105.11037146269754,103.73948058970346,9.06,39.0,0.58
PTON,2022-08-16,13.380000114440918,14.319999694824219,12.90999984741211,13.6899995803833,115.89066219392754,102.88079468170272,99.65322710473208,104.87700119225758,103.75895394394658,8.78,39.0,0.66
PTON,2022-08-17,13.3149995803833,13.649999618530273,12.850000381469727,12.9399995803833,117.03579603497411,103.4642666451973,99.92319870397657,104.94629306262586,103.8017283133554,8.48,41.0,0.71
PTON,2022-08-18,12.859999656677246,12.859999656677246,12.289999961853027,12.65999984741211,116.7145296748793,102.76035818054842,99.93458274348758,104.96111361759834,103.7999076444315,8.16,42.0,0.71
PTON,2022-08-19,12.319999694824219,12.40999984741211,11.359999656677246,11.710000038146973,118.4418776997088,102.55388645671229,100.54743951253215,105.22312583942606,104.01730200001231,7.83,45.0,0.62
PTON,2022-08-22,11.380000114440918,11.75,11.130000114440918,11.579999923706055,110.9552638974177,102.18717519507747,99.14231282932452,104.99836673461391,104.01136002641313,7.44,38.0,0.22
PTON,2022-08-23,11.5,11.640000343322754,10.779999732971191,11.199999809265137,111.28537037117965,101.47248424584193,98.52769770138354,105.03194673770825,104.03908776775302,7.0,36.0,-0.69
PTON,2022-08-24,12.350000381469727,13.65999984741211,12.15999984741211,13.479999542236328,121.96315800482971,108.22973374794738,102.70964964907452,107.46006620714368,105.58378120760538,6.97,50.0,-0.68
PTON,2022-08-25,11.680000305175781,11.859999656677246,10.654999732971191,11.010000228881836,135.26508298267694,115.60024927480647,107.30197781545945,109.92904686354808,107.30416655359585,6.97,74.0,-0.68
PTON,2022-08-26,11.027999877929688,11.039999961853027,10.119999885559082,10.609999656677246,135.90275204721854,114.83942790980836,106.89780771978184,109.31534757929818,107.33574083371784,6.96,72.0,-0.67
PTON,2022-08-29,10.479999542236328,10.920000076293945,10.350000381469727,10.470000267028809,135.9978973526281,114.77350859011455,106.59876163229,108.49756964804342,107.03632013839565,6.95,71.0,-0.67
PTON,2022-08-30,10.760000228881836,10.885000228881836,9.520000457763672,9.579999923706055,136.57834430205193,115.71608719965525,107.14947763481429,108.77752601162865,107.31691672952881,6.94,75.0,-0.66
PTON,2022-08-31,9.75,10.265000343322754,9.670000076293945,10.1899995803833,129.40480783754228,116.50892241703126,107.66556993923999,108.68944868250412,107.55151239537754,6.93,78.0,-0.66
PTON,2022-09-01,9.954999923706055,10.300000190734863,9.649999618530273,10.279999732971191,129.26511888213898,116.5355017183636,107.68204445117651,108.58137482082127,107.56371023041251,6.93,79.0,-0.66
PTON,2022-09-02,10.3100004196167,10.470000267028809,9.399999618530273,9.4399995803833,124.94320314932206,117.70217651832809,108.22711418591682,108.96204755789218,107.8167275032728,6.95,79.0,-0.67
PTON,2022-09-06,9.359999656677246,9.390000343322754,8.680000305175781,8.6899995803833,127.0388098524369,117.4276795940356,108.8415630873302,109.21001632960974,108.0559786761202,6.98,79.0,-0.68
PTON,2022-09-07,8.600000381469727,9.154999732971191,8.569999694824219,8.970000267028809,124.55094541993705,117.13954502448807,108.5622457017084,108.9730522420265,108.12851545060431,7.0,78.0,-0.7
PTON,2022-09-08,8.84000015258789,9.1899995803833,8.635000228881836,9.100000381469727,124.2572463720897,116.4418576429246,108.46680484674013,108.54819662828996,108.1363786280949,7.02,77.0,-0.71
PTON,2022-09-09,9.295000076293945,10.390000343322754,9.295000076293945,10.3100004196167,129.046195402426,119.13964579060195,110.5363786994268,109.6554818445165,108.47855601085708,7.07,95.0,-0.73
PTON,2022-09-12,10.260000228881836,11.079999923706055,10.241999626159668,11.050000190734863,130.41133143365923,119.43546796877133,111.09520879211445,109.9741732687991,108.50190610103247,7.12,100.0,-0.75
PTON,2022-09-13,10.449999809265137,10.449999809265137,9.479999542236328,9.90999984741211,134.4068868337186,120.7011701999334,110.8399513426173,110.58279884845712,108.9466091293257,7.16,99.0,-0.76
PTON,2022-09-14,10.039999961853027,10.270000457763672,9.664999961853027,10.229999542236328,131.38252490920215,120.71777337995502,110.67611849441433,110.56452310604759,109.01033874000589,7.2,95.0,-0.78
PTON,2022-09-15,10.069999694824219,10.850000381469727,10.0,10.680000305175781,130.7569018792561,121.02202278935619,110.95930720893105,110.63525502057693,109.12082179363209,7.24,99.0,-0.8
PTON,2022-09-16,10.399999618530273,10.399999618530273,9.710000038146973,9.739999771118164,131.35981422291732,122.5286036058364,111.78169564525051,111.09153833202332,109.4358277643108,7.29,100.0,-0.81
PTON,2022-09-19,9.710000038146973,9.989999771118164,9.59000015258789,9.920000076293945,126.67955935693634,121.64511249111169,111.39343532242853,110.72119326962076,109.4698045441135,7.33,99.0,-0.83
PTON,2022-09-20,9.899999618530273,10.239999771118164,9.630000114440918,9.649999618530273,126.74032292730519,121.35813921483027,111.42281037989832,110.68265116968381,109.47181467837683,7.38,99.0,-0.85
PTON,2022-09-21,9.850000381469727,9.899999618530273,9.050000190734863,9.050000190734863,126.44193505791064,121.97033395357535,111.79706044935793,110.8830585183459,109.60333482542698,7.43,100.0,-0.86
PTON,2022-09-22,8.989999771118164,9.109999656677246,8.585000038146973,8.59000015258789,124.82058194382455,121.05568699988129,111.81358320223478,110.9425422903156,109.54465391508002,7.48,100.0,-0.88
PTON,2022-09-23,8.460000038146973,8.6899995803833,8.279999732971191,8.510000228881836,124.78520935329456,120.77621644412079,111.22196064544107,110.83787325035297,109.54191476792656,7.52,95.0,-0.89
PTON,2022-09-26,8.5,8.845000267028809,8.0600004196167,8.220000267028809,117.7728681881657,120.83657985767415,111.27883345953389,110.67808631367275,109.56702904098054,7.56,95.0,-0.91
PTON,2022-09-27,8.319999694824219,8.789999961853027,8.060999870300293,8.199999809265137,117.74512350377681,120.83429874065527,111.18134000666959,110.4691591839536,109.56884339487225,7.61,93.0,-0.93
PTON,2022-09-28,8.220000267028809,8.420000076293945,8.029999732971191,8.239999771118164,117.61732998072966,117.626625111012,110.31962122768202,110.43483851311025,109.51213678996083,7.64,81.0,-0.94
PTON,2022-09-29,8.180000305175781,8.182000160217285,6.820000171661377,7.050000190734863,123.8959239771273,121.62286225006258,112.23518147030657,111.50009422663487,110.47445048321372,7.7,100.0,-0.96
PTON,2022-09-30,7.010000228881836,7.295000076293945,6.855000019073486,6.929999828338623,123.8980467274453,121.11588566597986,111.15592052876823,111.35101341745421,110.43830219579185,7.74,91.0,-0.97
PTON,2022-10-03,7.099999904632568,7.480000019073486,6.659999847412109,7.46999979019165,125.60907439005899,122.04686325190193,111.0902844598992,111.5510810170634,110.76399719084749,7.77,89.0,-0.99
PTON,2022-10-04,7.670000076293945,8.859999656677246,7.670000076293945,8.859999656677246,136.65709041973628,124.21560085010006,114.3688732807117,113.5168345288523,112.14173734187686,7.85,100.0,-1.0
PTON,2022-10-05,8.550000190734863,8.84000015258789,8.095000267028809,8.489999771118164,136.82793273577568,124.28061356528457,113.35649806227967,113.54442000345178,112.18672708253405,7.91,99.0,-1.01
PTON,2022-10-06,8.46500015258789,9.170000076293945,8.350000381469727,8.829999923706055,124.80494518458369,124.35322298353842,110.73976864995241,113.4619625599872,112.26632413014637,7.92,82.0,-1.02
PTON,2022-10-07,8.479999542236328,8.819000244140625,8.399999618530273,8.6899995803833,111.3319012196909,123.58788155689773,110.70987023875058,108.95077836350721,112.1307881594712,7.93,81.0,-1.02
PTON,2022-10-10,8.739999771118164,9.420000076293945,8.555000305175781,9.09000015258789,112.00315431158086,123.88056844830895,110.99185361945794,108.23495339541707,112.25729283174653,7.95,86.0,-1.02
PTON,2022-10-11,9.210000038146973,9.229999542236328,8.239999771118164,8.779999732971191,112.30977771893392,124.04802251536466,110.52451636118732,107.63700326097666,112.28553436453727,7.95,74.0,-1.03
PTON,2022-10-12,8.739999771118164,8.8100004196167,8.09000015258789,8.529999732971191,109.77679276449778,122.90268644676212,110.50830040652819,106.92319287265563,112.26317975823865,7.96,73.0,-1.03
PTON,2022-10-13,8.029999732971191,9.010000228881836,7.829999923706055,8.710000038146973,108.28396064364831,118.31538638495553,110.5761490540337,106.70613284889984,112.29919082226006,7.97,76.0,-1.03
PTON,2022-10-14,8.779999732971191,8.970000267028809,7.230000019073486,7.239999771118164,120.01360706158606,123.85736415015351,113.83992166630057,108.74749791928832,113.6658584747963,8.01,99.0,-1.04
PTON,2022-10-17,7.559999942779541,7.960000038146973,7.355000019073486,7.75,120.07402395614105,121.56767283699601,113.75434275984884,108.75443917559113,113.93235686901319,8.06,98.0,-1.04
PTON,2022-10-18,8.140000343322754,8.260000228881836,7.534999847412109,7.829999923706055,117.95205676571092,121.53669520729393,113.53904648307835,108.45000285644511,113.88279044838849,8.09,97.0,-1.05
PTON,2022-10-19,7.710000038146973,7.7179999351501465,7.320000171661377,7.389999866485596,118.48487573730245,120.6682206478198,113.31254086957259,108.54962356253561,113.97375567843184,8.12,95.0,-1.06
PTON,2022-10-20,7.400000095367432,7.965000152587891,7.28000020980835,7.409999847412109,118.35453988921498,120.44765901005927,113.04692309590479,108.4470494528831,113.91911594733341,8.15,94.0,-1.06
PTON,2022-10-21,7.289999961853027,7.440000057220459,7.025000095367432,7.340000152587891,111.57598011696803,120.17500821752706,112.93204883187794,107.92786606853156,113.78514374124802,8.17,93.0,-1.06
PTON,2022-10-24,7.199999809265137,7.21999979019165,6.760000228881836,7.0,109.35211248617422,120.41927295533515,112.57653564509884,108.00628993041943,113.84617899228162,8.19,92.0,-1.07
PTON,2022-10-25,7.079999923706055,7.690000057220459,7.070000171661377,7.480000019073486,108.09396244237932,121.195412046496,113.10248661255471,105.79739782859517,114.03622505200698,8.22,94.0,-1.07
PTON,2022-10-26,7.329999923706055,8.15999984741211,7.25,7.690000057220459,107.96499650984397,119.39166725597059,113.00137228457187,102.19171987884754,114.07553509926245,8.24,92.0,-1.08
PTON,2022-10-27,7.809999942779541,8.244999885559082,7.699999809265137,7.809999942779541,107.09092890539785,118.67952750952301,113.04756410805767,102.07174187759298,114.01318342014237,8.27,93.0,-1.09
PTON,2022-10-28,7.800000190734863,8.059000015258789,7.585000038146973,8.010000228881836,104.68703745512136,117.80747893512975,113.14764539856354,102.10622962417966,114.02605705056939,8.31,94.0,-1.09
PTON,2022-10-31,8.050000190734863,8.670000076293945,7.980000019073486,8.399999618530273,105.62799127784189,115.63723404522402,113.42000281299316,101.99340246859651,114.14818504525253,8.34,96.0,-1.1
PTON,2022-11-01,8.779999732971191,9.019000053405762,8.755000114440918,8.9399995803833,107.19899432241829,116.4329597349948,113.00991798443395,102.17582328685135,114.34766662905591,8.37,89.0,-1.11
PTON,2022-11-02,8.890000343322754,9.204999923706055,8.40999984741211,8.630000114440918,106.076137662171,115.78549287047257,112.80139918108432,102.20180973429609,114.34119616974914,8.4,86.0,-1.12
PTON,2022-11-03,7.449999809265137,9.34000015258789,7.239999771118164,9.34000015258789,107.44808214007924,115.98792522283516,113.05756066301034,102.65269263086955,114.67225543875301,8.43,91.0,-1.12
PTON,2022-11-04,9.289999961853027,9.710000038146973,8.920000076293945,9.390000343322754,107.38811706010476,116.0021749058141,112.9826316848505,102.55332451601444,114.62820074443923,8.48,86.0,-1.13
PTON,2022-11-07,9.40999984741211,9.670000076293945,8.928000450134277,9.40999984741211,106.78595346014595,112.73147371517007,112.62586291521302,102.51403762693715,106.29959214769755,8.52,83.0,-1.13
PTON,2022-11-08,9.430000305175781,9.854999542236328,8.779999732971191,9.579999923706055,106.83375375162589,112.83220381137424,112.12125955173124,102.48838682323762,106.06026737984556,8.55,80.0,-1.13
PTON,2022-11-09,9.380000114440918,9.444999694824219,8.392000198364258,8.5649995803833,112.10281485573942,114.84420775716413,113.4152818096195,103.08607148760937,106.57142602158287,8.58,95.0,-1.11
PTON,2022-11-10,9.329999923706055,10.0,9.21500015258789,9.960000038146973,109.95481801553943,118.8860708011913,115.95771044601611,104.56557631568198,107.72069581687414,8.65,100.0,-1.09
PTON,2022-11-11,9.760000228881836,10.600000381469727,9.5,10.329999923706055,109.8378044290136,119.12012669608916,116.09533833700831,104.6849723771129,107.73913301790903,8.7,100.0,-1.06
PTON,2022-11-14,10.0600004196167,11.039999961853027,10.039999961853027,10.9399995803833,109.09202794966977,118.72855170467697,115.87325477177063,104.86399792121132,107.90839799062893,8.76,98.0,-1.04
PTON,2022-11-15,11.279999732971191,12.017000198364258,11.149999618530273,11.84000015258789,100.45759495799756,119.83757244225963,116.317610273372,105.19797818059091,108.20053107770144,8.81,100.0,-1.01
PTON,2022-11-16,11.600000381469727,11.680000305175781,10.710000038146973,10.9399995803833,102.6353818233656,120.74935891802579,116.96070712371048,105.5139771352505,107.40110961337366,8.86,100.0,-0.98
PTON,2022-11-17,10.539999961853027,11.0600004196167,10.420000076293945,10.890000343322754,102.27755362378514,114.38023275989997,116.06499103355841,105.06925372944822,107.20984402901543,8.91,97.0,-0.94
PTON,2022-11-18,11.0,11.220000267028809,10.180000305175781,10.3100004196167,103.64128851949181,107.1929832562938,116.19809018309834,105.13933806098825,107.20920165926375,8.94,98.0,-0.9
PTON,2022-11-21,10.029999732971191,10.210000038146973,9.489999771118164,9.760000228881836,104.38720241359565,107.50961272818877,116.43919093578523,105.2136541869074,107.30081245679214,8.97,99.0,-0.86
PTON,2022-11-22,9.529999732971191,9.720000267028809,9.329999923706055,9.649999618530273,103.88465897770058,107.50114968712765,116.45072138997807,105.21419891957764,107.1279855313104,8.94,99.0,-0.78
PTON,2022-11-23,9.784000396728516,10.057999610900879,9.670000076293945,10.029999732971191,103.9181561137771,106.23731663624321,114.7214120003571,105.21369823149394,107.20284250018948,8.78,91.0,-0.73
PTON,2022-11-25,9.84000015258789,10.128000259399414,9.789999961853027,10.0600004196167,103.81585157596614,105.47690559258902,114.65285334849848,105.15138860723286,107.17058826902166,8.6,90.0,-0.69
PTON,2022-11-28,9.979999542236328,10.9399995803833,9.9399995803833,10.140000343322754,86.86422269050853,105.47387435728149,114.40027511355979,104.89591238186028,107.0046689903167,8.41,89.0,-0.65
PTON,2022-11-29,10.3100004196167,10.859999656677246,10.100000381469727,10.489999771118164,85.47540386925843,104.19102016166302,114.3321817633658,104.87550899837204,107.00906244000194,8.2,87.0,-0.65
PTON,2022-11-30,10.42199993133545,11.390000343322754,10.140000343322754,11.380000114440918,87.94130686020077,103.93487456696317,112.96609258470787,104.45147257159068,107.3628847560596,8.01,71.0,-0.6
PTON,2022-12-01,11.489999771118164,11.859999656677246,10.989999771118164,11.770000457763672,85.55208048243549,103.95785530779251,112.94676993731588,104.46698555233804,107.37521123035327,7.81,70.0,-0.55
PTON,2022-12-02,11.5,13.329999923706055,11.40999984741211,13.300000190734863,90.84469410454142,106.70674046918222,114.36772505012914,105.27550583031496,107.98420162970241,7.62,87.0,-0.53
PTON,2022-12-05,13.0600004196167,13.345000267028809,12.744999885559082,12.920000076293945,91.55823279429737,104.03278684705907,113.90373178072628,104.90456989171011,107.99999988591307,7.41,85.0,-0.52
PTON,2022-12-06,12.829999923706055,12.890000343322754,11.930000305175781,12.460000038146973,90.91025570516817,103.43945669107208,114.06812020739878,104.96741395420592,108.02763307705294,7.19,85.0,-0.55
PTON,2022-12-07,12.270000457763672,12.770000457763672,11.850000381469727,11.850000381469727,91.93083369323975,101.4320031211462,114.3675930440284,104.92649531164646,108.11619356625566,6.95,86.0,-0.64
PTON,2022-12-08,11.920000076293945,12.668999671936035,11.699999809265137,12.569999694824219,92.74017144495298,101.91401478602428,113.95910472297611,105.0522465664679,107.84821315695557,6.73,83.0,-0.73
PTON,2022-12-09,12.420000076293945,12.470000267028809,11.479999542236328,11.510000228881836,97.56073918574158,103.27158727953079,112.04628136649073,105.50452649648976,107.54897997764708,6.57,58.0,-0.67
PTON,2022-12-12,11.369999885559082,11.739999771118164,11.109999656677246,11.710000038146973,97.49996819354095,101.46418276854628,112.03192692097778,105.52609427847483,107.45296140837506,6.4,57.0,-0.62
PTON,2022-12-13,12.420000076293945,12.579999923706055,11.413999557495117,11.710000038146973,96.99426071595883,101.41608228319221,109.68299752056856,105.5239377469112,107.18547249606092,6.27,34.0,-0.52
PTON,2022-12-14,11.550000190734863,12.276000022888184,11.520000457763672,12.15999984741211,96.12345242986405,101.46414004264311,109.75811034371861,104.96715049255224,107.16765121722298,6.12,34.0,-0.41
PTON,2022-12-15,11.90999984741211,12.109999656677246,11.210000038146973,11.359999656677246,97.9245093163415,101.57773944499904,109.29710272823449,104.82975256826761,107.34497008740757,5.99,32.0,-0.29
PTON,2022-12-16,11.1899995803833,11.630000114440918,10.6899995803833,10.710000038146973,97.5308549314903,101.74595251043431,109.62288387378159,104.70833322675477,107.41150941094095,5.84,32.0,-0.17
PTON,2022-12-19,10.59000015258789,10.630000114440918,10.229999542236328,10.479999542236328,97.82674488799195,101.84497930495031,109.5464672385832,104.72690149539552,107.197432723103,5.68,31.0,-0.05
PTON,2022-12-20,10.3149995803833,10.848999977111816,10.180000305175781,10.449999809265137,97.84425360414858,101.54435820337902,109.51873580572082,104.47916724952886,106.84175982263571,5.51,30.0,0.06
PTON,2022-12-21,10.470000267028809,10.609999656677246,9.859999656677246,9.880000114440918,99.23757475438619,102.28226657539925,109.84366170024249,104.45410477634897,106.94767912428982,5.34,34.0,0.17
PTON,2022-12-22,9.739999771118164,9.739999771118164,8.829999923706055,9.210000038146973,95.78195682199858,103.3788356276052,109.20454497875008,104.59996748147296,107.09856769436752,5.19,27.0,0.32
PTON,2022-12-23,9.210000038146973,9.239999771118164,8.654999732971191,8.890000343322754,85.33572024479137,98.34662497065013,108.876745571052,104.60252590672567,107.10578735139795,5.05,26.0,0.48
PTON,2022-12-27,8.789999961853027,8.805000305175781,8.119999885559082,8.140000343322754,87.83265457143878,100.05551547872058,109.00695130453629,105.04300271547918,107.33159371388179,4.91,26.0,0.66
PTON,2022-12-28,8.119999885559082,8.3100004196167,7.855000019073486,7.880000114440918,85.86462196534366,99.1566445469885,107.43707673517014,105.02088931670303,107.2967761181095,4.81,18.0,0.85
PTON,2022-12-29,8.050000190734863,8.3100004196167,7.920000076293945,8.09000015258789,82.34918711307799,92.81097816617263,107.52196992141268,105.07897783052707,107.33994919360035,4.66,18.0,1.0
PTON,2022-12-30,7.849999904632568,8.029999732971191,7.679999828338623,7.940000057220459,79.94559284191948,92.48679524448467,107.00475176769606,104.84523348378727,107.05319331705911,4.52,14.0,1.15
PTON,2023-01-03,8.170000076293945,8.449999809265137,7.889999866485596,8.119999885559082,80.50564116837957,92.23669472803054,106.40075104780928,104.78579878601826,107.0393714382744,4.38,11.0,1.27
PTON,2023-01-04,8.260000228881836,8.859999656677246,7.985000133514404,8.84000015258789,83.83945088140675,93.86037945928982,107.32994749544993,105.3334736150368,107.41920583882091,4.21,16.0,1.33
PTON,2023-01-05,8.579999923706055,8.729999542236328,8.3100004196167,8.579999923706055,82.8599912959018,93.59044537852688,105.34807434357192,105.3071191986749,107.3912797374739,4.11,9.0,1.42
PTON,2023-01-06,8.5600004196167,9.024999618530273,8.3100004196167,8.920000076293945,83.76170688916793,93.67202379576955,105.57123929298893,104.5672483224236,107.39635570351102,4.0,9.0,1.5
PTON,2023-01-09,9.09000015258789,9.524999618530273,9.020000457763672,9.329999923706055,84.05147703574907,93.91230692029998,105.82973154178579,104.51292581717115,107.37487537709818,3.87,9.0,1.53
PTON,2023-01-10,9.319999694824219,9.880000114440918,9.3100004196167,9.800000190734863,85.36360826724056,94.33922092874889,105.82235746241449,104.70453154823869,107.37282845393199,3.75,8.0,1.53
PTON,2023-01-11,9.859999656677246,10.84000015258789,9.770000457763672,10.819999694824219,90.12872809260017,88.05768782271105,107.0005854716396,105.41123339862692,107.83482536187157,3.6,12.0,1.53
PTON,2023-01-12,10.890000343322754,11.149999618530273,10.210000038146973,11.100000381469727,89.90435737206384,87.21901650015994,106.37860819793718,105.16413049650927,107.67175432520415,3.48,8.0,1.49
PTON,2023-01-13,10.890000343322754,11.729999542236328,10.824999809265137,11.630000114440918,87.76935065314481,87.61294587072508,106.62709528967818,105.3074951779242,107.65904188008011,3.3,10.0,0.94
PTON,2023-01-17,11.529999732971191,12.074999809265137,11.329999923706055,11.9399995803833,87.55396759437137,86.66191088137765,106.57193452742213,105.36008644283896,107.49815206803277,3.08,8.0,-0.56
PTON,2023-01-18,12.100000381469727,12.140000343322754,11.029999732971191,11.09000015258789,82.13852530102902,88.26685463932252,103.02331282448498,105.54599328933332,107.70341417165086,3.07,1.0,-0.62
PTON,2023-01-19,10.770000457763672,10.9399995803833,10.1899995803833,10.4399995803833,83.3954380475891,89.27701410655443,98.3506087403207,105.46346050048439,107.80427390686336,3.3,1.0,0.98
PTON,2023-01-20,10.630000114440918,11.09000015258789,10.460000038146973,11.0600004196167,84.9719346269009,89.19566310853313,98.60516948605803,105.68348142036321,107.83614731445905,3.51,2.0,1.65
PTON,2023-01-23,11.100000381469727,11.739999771118164,10.859999656677246,11.65999984741211,85.34751057546026,88.85861372583022,98.9293652240143,105.84942140777889,104.54023913062007,3.68,3.0,1.88
PTON,2023-01-24,11.220000267028809,11.449999809265137,10.869999885559082,11.0600004196167,84.72131104050166,89.60239607668396,98.25920973327112,105.44498781840508,104.03196494567129,3.88,1.0,2.0
PTON,2023-01-25,10.800000190734863,11.470000267028809,10.520000457763672,11.40999984741211,81.45464174001785,89.73028301714298,97.90088431580214,105.11145468478193,103.63477646968957,4.08,1.0,2.0
PTON,2023-01-26,11.739999771118164,12.050000190734863,11.420000076293945,11.800000190734863,81.89797904240818,89.82160183907445,98.02949927344386,104.46754702181356,103.11728558495979,4.26,2.0,1.87
PTON,2023-01-27,11.770000457763672,12.989999771118164,11.649999618530273,12.649999618530273,84.32442146991093,90.36342275735424,97.62685781213334,104.24645644548876,103.15778099565225,4.45,1.0,1.71
PTON,2023-01-30,12.710000038146973,13.369999885559082,12.300000190734863,12.5,83.75247433768467,89.69490537436255,96.68685753223805,104.12307167539619,103.1199284237609,4.65,1.0,1.57
PTON,2023-01-31,12.59000015258789,13.114999771118164,12.5,12.930000305175781,81.64005679763424,89.46762477549221,96.70302328151428,103.53932988745771,102.9459967106232,4.85,2.0,1.4
PTON,2023-02-01,13.75,16.790000915527344,13.600000381469727,16.360000610351562,103.45407585550367,99.97371049284969,103.44974780387763,105.69213368562247,105.45600373371143,4.89,11.0,1.22
PTON,2023-02-02,15.75,17.600000381469727,15.180000305175781,16.979999542236328,103.08926989098369,100.13228744232336,101.80656432262892,105.74021587181217,105.49461451438145,4.97,10.0,0.98
PTON,2023-02-03,16.25,17.829999923706055,16.135000228881836,16.280000686645508,104.33555560733738,100.68708152142973,101.55061286016667,105.85916097788461,105.46930053227388,5.04,10.0,0.74
PTON,2023-02-06,15.824999809265137,16.3700008392334,15.149999618530273,15.789999961853027,103.08362220468636,100.99623094625984,100.08742691747385,105.54003605821521,105.08360323573325,5.13,10.0,0.51
PTON,2023-02-07,15.720000267028809,16.239999771118164,15.420000076293945,15.760000228881836,99.99474396588994,97.86585957663999,99.99787699010483,105.5114586371202,105.07127560943881,5.23,10.0,0.31
PTON,2023-02-08,15.475000381469727,15.760000228881836,15.050000190734863,15.430000305175781,99.42040474952874,93.55565302725276,99.88433165839652,105.52651780978401,103.30751366347175,5.32,10.0,0.12
PTON,2023-02-09,15.675000190734863,15.819999694824219,14.654999732971191,14.800000190734863,95.94674301904809,93.88514573495036,98.969449352994,105.373898628113,100.81262574069683,5.43,10.0,-0.05
PTON,2023-02-10,14.619999885559082,14.880000114440918,13.8149995803833,13.829999923706055,98.14392342480427,94.46169981378853,99.59836349251553,105.20587848626568,100.92243345989954,5.51,11.0,-0.21
PTON,2023-02-13,13.8100004196167,13.920000076293945,13.442000389099121,13.630000114440918,98.58446591104091,93.2208510657959,99.51685739233655,105.10799423086907,100.88219356499269,5.6,11.0,-0.35
PTON,2023-02-14,13.329999923706055,13.90999984741211,12.859999656677246,13.5600004196167,98.23051048652762,91.68206240316174,98.93493140863771,104.843256748988,100.61499241725838,5.69,10.0,-0.48
PTON,2023-02-15,13.510000228881836,14.345000267028809,13.5,14.3100004196167,98.77820699568775,92.2399261270185,98.83289498528055,104.91412051896553,100.64770554415985,5.78,9.0,-0.6
PTON,2023-02-16,13.904999732971191,14.890000343322754,13.65999984741211,13.75,98.14869060990601,91.88260491254613,99.06553294261636,104.92084187165953,100.70126534145318,5.86,13.0,-0.71
PTON,2023-02-17,13.710000038146973,13.739999771118164,13.15999984741211,13.600000381469727,97.55418636306533,91.10345028322531,98.89646203112801,104.54117595554618,100.64877428210744,5.94,10.0,-0.81
PTON,2023-02-21,13.220000267028809,13.399999618530273,12.6899995803833,13.25,98.00875890781134,91.26988679759971,99.01302228477049,104.56695502220863,100.58112576457985,6.02,14.0,-0.9
PTON,2023-02-22,13.300000190734863,13.539999961853027,13.015000343322754,13.430000305175781,97.54624039669324,91.02279044469319,99.02264333309981,104.41025454853916,100.55409769465236,6.09,15.0,-0.99
PTON,2023-02-23,13.460000038146973,13.489999771118164,12.649999618530273,13.079999923706055,97.51340867511541,91.24774970327377,95.74703375719777,104.45715377417793,100.52341734074336,6.22,1.0,-1.02
PTON,2023-02-24,12.75,12.880000114440918,12.475000381469727,12.699999809265137,94.33751395253236,91.50727476419051,95.84338046949851,104.51527809464048,100.41918013090472,6.34,2.0,-1.07
PTON,2023-02-27,12.899999618530273,13.010000228881836,12.505000114440918,12.9399995803833,94.23111377187335,91.3459240401749,95.22666431420652,104.51212017251079,100.31747664629054,6.46,1.0,-1.1
PTON,2023-02-28,12.869999885559082,13.244999885559082,12.779999732971191,12.920000076293945,93.4170981826318,89.89341345558445,91.47408526507913,103.9351343497509,100.31756594272285,6.64,1.0,-0.99
PTON,2023-03-01,12.960000038146973,13.020000457763672,12.579999923706055,12.65999984741211,93.40584179615934,89.76449499486755,91.25400654393634,103.74280954669686,100.27577868886021,6.82,1.0,-0.92
PTON,2023-03-02,12.369999885559082,12.9399995803833,12.163999557495117,12.920000076293945,90.71385611819747,86.25882983280388,91.11710990321285,103.46116078167138,100.18961015715253,7.02,1.0,-0.89
PTON,2023-03-03,12.989999771118164,14.199999809265137,12.95199966430664,13.859999656677246,90.41898256090413,87.2493634397703,91.66667006547287,103.72408878432616,100.41174690061254,7.18,4.0,-0.91
PTON,2023-03-06,14.020000457763672,14.359999656677246,13.75,13.880000114440918,89.27337135553321,86.90008248803314,91.4393282083419,103.52658845690046,100.0602602039236,7.35,3.0,-0.93
PTON,2023-03-07,13.819999694824219,14.210000038146973,13.239999771118164,13.25,89.53650641297403,86.80773610783965,91.58561719674773,103.33915097691121,100.07531323438164,7.5,5.0,-0.97
PTON,2023-03-08,13.244999885559082,13.699999809265137,12.859999656677246,13.630000114440918,88.11710479081138,86.17040094820373,91.51080973382172,103.33187492212241,100.04127592090938,7.65,5.0,-1.01
PTON,2023-03-09,13.640000343322754,13.640000343322754,12.40999984741211,12.739999771118164,90.3756113874194,85.35769919153793,92.18623541643338,103.65544397192461,100.25505114399292,7.77,8.0,-1.06
PTON,2023-03-10,12.579999923706055,12.59000015258789,11.210000038146973,11.779999732971191,92.94160578880114,86.84887366825615,88.09796916492299,104.08268997894368,100.45786117855454,7.95,1.0,-1.02
PTON,2023-03-13,11.520000457763672,11.845000267028809,10.805000305175781,11.369999885559082,91.07033699006014,87.15350890455873,87.73919935535321,103.81754348850644,100.45579331189256,8.13,1.0,-0.98
PTON,2023-03-14,11.789999961853027,11.800000190734863,10.5600004196167,10.600000381469727,93.07509316259028,87.93310480882258,88.51381171960546,104.00611368389161,100.47489627001112,8.28,3.0,-0.99
PTON,2023-03-15,10.399999618530273,10.960000038146973,10.260000228881836,10.90999984741211,92.90281234568418,87.07563937629229,88.06491391091028,104.03526897459845,100.43228515786842,8.43,2.0,-1.0
PTON,2023-03-16,10.75,11.029999732971191,10.522000312805176,10.640000343322754,58.500316856657776,86.38195057981112,88.18467689347675,103.52469090627345,99.78922463981601,8.58,4.0,-1.03
PTON,2023-03-17,10.6899995803833,10.6899995803833,9.680000305175781,10.079999923706055,57.48474199382909,86.98001181413329,88.63610369855527,103.60139493878316,99.86261309922352,8.7,6.0,-1.06
PTON,2023-03-20,10.020000457763672,10.039999961853027,9.1899995803833,9.380000114440918,59.226611088617545,88.1997626616649,89.07731975185118,103.89724065105281,99.90755103048488,8.81,7.0,-1.1
PTON,2023-03-21,9.59000015258789,10.170000076293945,9.5649995803833,9.859999656677246,62.30028217801625,88.08807691253163,88.8176656740341,104.0617800977274,99.74122357925407,8.91,7.0,-1.13
PTON,2023-03-22,9.90999984741211,9.9399995803833,9.1899995803833,9.260000228881836,63.61374702254604,87.84772134766222,89.33104203727572,103.15714610007494,99.90976978607272,9.0,9.0,-1.16
PTON,2023-03-23,9.40999984741211,9.914999961853027,9.170000076293945,9.289999961853027,63.89159050555029,87.5379843598274,89.3046403805765,103.11642123799388,99.77748548782965,9.08,9.0,-1.2
PTON,2023-03-24,9.15999984741211,9.640000343322754,9.09000015258789,9.529999732971191,64.5916527989586,85.68885973045236,89.30612605637157,103.00121220741714,99.71438246749005,9.15,10.0,-1.23
PTON,2023-03-27,9.640000343322754,9.920000076293945,9.359999656677246,9.779999732971191,63.596556070996336,85.50256069364941,89.08937755437213,102.92933865296258,99.75275656653052,9.22,9.0,-1.25
PTON,2023-03-28,9.800000190734863,9.977999687194824,9.579999923706055,9.8100004196167,63.729007193699694,85.37157355866105,88.55530081357628,101.67187528122011,99.74577803504661,9.29,6.0,-1.27
PTON,2023-03-29,10.119999885559082,10.5,9.979999542236328,10.40999984741211,66.90421275850328,86.01219945237591,88.8441820037935,101.82249648988915,99.94467031586024,9.35,9.0,-1.29
PTON,2023-03-30,10.59000015258789,10.765000343322754,10.380000114440918,10.569999694824219,64.66185444709933,85.96102654726869,88.00656572334587,101.74730414927093,99.4617736333085,9.42,2.0,-1.3
PTON,2023-03-31,10.670000076293945,11.369999885559082,10.470000267028809,11.34000015258789,68.0484496674349,85.42568527857411,88.6855162355345,101.7407764237042,99.42768509101329,9.47,9.0,-1.31
PTON,2023-04-03,11.130000114440918,11.765000343322754,11.109999656677246,11.710000038146973,68.93784529088772,85.31594166105472,88.81518339360365,101.78916885364353,99.24223670295005,9.52,10.0,-1.33
PTON,2023-04-04,11.819999694824219,12.022000312805176,11.470000267028809,11.729999542236328,68.6691633174541,85.02880559654909,88.77943029103167,101.77193645268704,99.24341680514482,9.56,10.0,-1.33
PTON,2023-04-05,11.5600004196167,11.569999694824219,11.010000228881836,11.130000114440918,69.8569007255608,85.39685534072538,87.32504513474714,101.48222324458919,99.18999618565886,9.61,1.0,-1.33
PTON,2023-04-06,11.119999885559082,11.579999923706055,10.970000267028809,11.40999984741211,70.15127127181357,84.97943236493128,84.11049888351593,99.74708855923629,99.07081740003781,9.66,1.0,-1.31
PTON,2023-04-10,11.1899995803833,11.498000144958496,11.085000038146973,11.369999885559082,69.75197623895087,82.57127143463235,83.92487107000099,99.71831049443256,98.95746739791255,9.71,1.0,-1.29
PTON,2023-04-11,11.529999732971191,11.782999992370605,11.399999618530273,11.489999771118164,69.56288512944043,82.43630214871112,83.45136533785598,98.28331585572424,98.91576949770906,9.76,1.0,-1.26
PTON,2023-04-12,11.664999961853027,11.670000076293945,10.010000228881836,10.199999809265137,77.1377463700181,85.42346672233906,84.62265133922735,99.26573561540837,99.5797656655648,9.77,4.0,-1.26
PTON,2023-04-13,10.25,10.4399995803833,10.0,10.119999885559082,77.04748236311006,85.22349131005265,83.71134865709337,98.66002078336302,99.53730166565448,9.77,2.0,-1.26
PTON,2023-04-14,10.079999923706055,10.100000381469727,9.5600004196167,9.579999923706055,77.76776632751329,84.63304857016698,84.14844752006555,98.80529429060275,99.65692634689323,9.77,5.0,-1.25
PTON,2023-04-17,9.539999961853027,9.819999694824219,9.479999542236328,9.770000457763672,74.5497465456569,83.87805983770183,83.77335967191432,98.7410705222076,99.51564623643071,9.77,3.0,-1.25
PTON,2023-04-18,9.899999618530273,10.126999855041504,9.71500015258789,9.899999618530273,74.80722656295875,83.03752577968821,83.34630249009211,98.73304722332375,99.4329525153038,9.75,1.0,-1.25
PTON,2023-04-19,9.53499984741211,9.729999542236328,9.4350004196167,9.520000457763672,74.53790116927416,82.5889071399055,83.56036872745769,98.81180743206673,99.49540528320358,9.72,3.0,-1.26
PTON,2023-04-20,9.335000038146973,9.520000457763672,8.954999923706055,9.079999923706055,74.29448160302957,82.45564535864773,83.65936810651493,98.2319022936715,99.5473502206623,9.71,4.0,-1.26
PTON,2023-04-21,9.069999694824219,9.520000457763672,9.0,9.479999542236328,74.22816580951753,82.70496014861266,83.94993948763025,98.09918204081252,98.98031609465919,9.68,8.0,-1.26
PTON,2023-04-24,9.4399995803833,9.649999618530273,9.015000343322754,9.34000015258789,71.36323092083501,82.38235329242104,83.96909118749105,97.64700544604247,98.8128612053467,9.65,9.0,-1.26
PTON,2023-04-25,9.199999809265137,9.300000190734863,8.800000190734863,8.8100004196167,72.44149919668405,81.68053018074602,84.27533149807769,96.89366466964753,98.96751203799728,9.61,12.0,-1.26
PTON,2023-04-26,8.899999618530273,9.109999656677246,8.529999732971191,8.600000381469727,70.23452026106877,81.75636397652791,83.28340079018604,96.91996494618536,98.98837530432036,9.59,1.0,-1.25
PTON,2023-04-27,8.6899995803833,8.878000259399414,8.574999809265137,8.760000228881836,69.83774273440801,81.49476694914756,83.14827796701755,96.59485888478648,98.78245259899582,9.57,1.0,-1.24
PTON,2023-04-28,8.6899995803833,9.039999961853027,8.539999961853027,8.880000114440918,69.88318635792223,64.24065856764717,80.73935922584992,96.21543273475,98.78149691334895,9.55,1.0,-1.24
PTON,2023-05-01,8.84000015258789,9.180000305175781,8.729999542236328,9.069999694824219,68.78226387767202,63.81837173708694,80.7374677991736,96.25323446900788,98.80888986711298,9.53,1.0,-1.23
PTON,2023-05-02,9.079999923706055,9.140000343322754,8.529999732971191,8.609999656677246,67.28520635593104,64.06121531418594,80.9390631894764,95.20335163909952,98.81639261772438,9.48,3.0,-1.24
PTON,2023-05-03,8.569999694824219,9.1850004196167,8.569999694824219,8.829999923706055,65.97105434153067,64.33911538127715,80.72140253161862,95.25951013027723,98.62558995204586,9.43,1.0,-1.25
PTON,2023-05-04,7.625,7.809999942779541,7.309999942779541,7.639999866485596,75.8861102911787,70.01172118097284,83.18470936367066,96.7216079309298,99.62086414974924,9.33,6.0,-1.28
PTON,2023-05-05,7.75,7.888999938964844,7.309999942779541,7.809999942779541,76.28742962290582,70.33048111593406,82.21492716325758,96.56016487480046,99.62187446699615,9.28,5.0,-1.29
PTON,2023-05-08,8.029999732971191,8.380000114440918,7.861999988555908,8.09000015258789,76.68474251413086,70.67881579120787,82.38199268134197,96.63772633681853,99.26872400213657,9.21,6.0,-1.3
PTON,2023-05-09,7.909999847412109,7.989999771118164,7.650000095367432,7.829999923706055,76.48202497201288,69.81497604529496,82.50777650664202,96.28721002739893,99.0112780894747,9.17,7.0,-1.29
PTON,2023-05-10,8.0,8.0,7.260000228881836,7.53000020980835,76.95385838218789,70.07129425247875,82.41939565863888,96.38019341294705,98.54240630592325,9.12,7.0,-1.28
PTON,2023-05-11,6.941999912261963,7.289999961853027,6.760000228881836,6.860000133514404,77.90440312612981,72.11010566053594,83.00495219741963,96.90931728088843,98.56171499030361,9.06,9.0,-1.26
PTON,2023-05-12,6.920000076293945,6.960000038146973,6.619999885559082,6.940000057220459,77.79256168648301,70.98996407975555,82.5936827952015,94.30945531230913,98.48186507558555,9.0,9.0,-1.25
PTON,2023-05-15,6.909999847412109,7.559999942779541,6.809999942779541,7.440000057220459,77.72241227090151,72.6808143381179,83.37240087288002,91.69583898052089,98.2247832245676,8.92,15.0,-1.24
PTON,2023-05-16,7.320000171661377,7.440000057220459,6.860000133514404,6.980000019073486,77.7449182012344,73.50601183143006,83.92170946662412,91.89390728244913,97.16996249827758,8.82,21.0,-1.23
PTON,2023-05-17,7.0,7.34499979019165,6.909999847412109,7.139999866485596,78.42319446706884,73.76062978052582,83.6089000748138,91.93199178884092,97.18006304644146,8.72,18.0,-1.22
PTON,2023-05-18,7.110000133514404,7.389999866485596,7.070000171661377,7.349999904632568,78.73237283041703,74.04195884786238,83.06752838587573,91.42311574270681,97.23004599505465,8.62,11.0,-1.21
PTON,2023-05-19,7.300000190734863,7.300000190734863,7.034999847412109,7.170000076293945,77.92368500106863,74.02748063236795,82.97720642267413,91.15384893462176,96.98263070290649,8.52,10.0,-1.2
PTON,2023-05-22,7.159999847412109,7.5,7.019000053405762,7.329999923706055,78.61494135843736,74.20228284009836,81.90759265837336,91.18941259024835,96.98465426805066,8.42,5.0,-1.2
PTON,2023-05-23,7.230000019073486,7.635000228881836,7.150000095367432,7.25,78.26398181059413,73.97491294337996,81.76872425585302,90.65540119065201,96.98033138922153,8.34,5.0,-1.18
PTON,2023-05-24,7.190000057220459,7.190000057220459,6.885000228881836,7.059999942779541,71.94568122640113,74.0353609298778,81.75276595585781,90.18828175488323,96.81950091336978,8.26,5.0,-1.16
PTON,2023-05-25,7.150000095367432,7.150000095367432,6.900000095367432,6.989999771118164,71.93714581459484,74.00449462763599,81.71727751005558,90.10924154905753,96.47528954647895,8.17,5.0,-1.14
PTON,2023-05-26,7.0,7.099999904632568,6.880000114440918,6.889999866485596,70.80695086196182,73.74039820253843,81.65459582488256,90.10269383613847,96.38251182016751,8.09,5.0,-1.11
PTON,2023-05-30,7.019999980926514,7.440000057220459,6.920000076293945,7.050000190734863,70.93805207794192,72.1497133409879,80.56675847844963,88.88903321981758,96.19145889520331,8.0,1.0,-1.1
PTON,2023-05-31,7.0,7.349999904632568,6.940000057220459,7.28000020980835,71.70248054284414,72.6522639763406,80.62698563658901,88.57655893288411,96.14589302031457,7.93,2.0,-1.06
PTON,2023-06-01,7.269999980926514,8.0,7.15500020980835,7.730000019073486,73.9511938896317,73.68554728407831,80.9659786676242,87.96777696575755,96.28182833371285,7.85,7.0,-1.02
PTON,2023-06-02,7.909999847412109,8.510000228881836,7.869999885559082,8.369999885559082,77.009643630957,75.51907528303565,81.6539211916225,88.40173875164116,96.34457962220857,7.74,8.0,-0.99
PTON,2023-06-05,8.319999694824219,8.5600004196167,8.050000190734863,8.180000305175781,75.96706976177256,74.56819360137345,81.32643651540974,88.28243312497239,96.34822619246198,7.63,8.0,-0.97
PTON,2023-06-06,8.069999694824219,8.65999984741211,8.069999694824219,8.260000228881836,76.02147893839705,73.15971363622225,79.72834348166305,87.63024407463233,96.2347918017299,7.5,1.0,-0.99
PTON,2023-06-07,8.510000228881836,8.569999694824219,7.989999771118164,8.100000381469727,74.42610221141732,72.95837449933941,79.64304641938608,87.62783151412845,96.25118004140305,7.38,1.0,-1.01
PTON,2023-06-08,8.149999618530273,8.34000015258789,7.849999904632568,8.220000267028809,74.31013019405795,71.81896580696656,79.29539546736378,87.590880855793,96.2648950414031,7.24,1.0,-1.07
PTON,2023-06-09,8.40999984741211,9.819999694824219,8.1850004196167,8.3100004196167,74.16624650571073,71.55987540014898,79.18572627123791,87.27692564454667,96.256264983213,7.09,1.0,-1.17
PTON,2023-06-12,8.399999618530273,9.010000228881836,8.399999618530273,8.930000305175781,77.08723414607742,73.11666535336839,79.27700331424484,87.47740239279949,96.10643383006916,7.01,2.0,-1.15
PTON,2023-06-13,9.010000228881836,9.710000038146973,9.010000228881836,9.449999809265137,78.59432894532026,73.32732717767583,79.26501118006736,87.723545046743,96.1151255554409,7.01,2.0,-1.1
PTON,2023-06-14,9.510000228881836,9.760000228881836,9.300000190734863,9.6899995803833,77.20592577406907,72.00499628045691,78.81821019519094,87.67036600490684,95.92345811042503,7.0,1.0,-1.04
PTON,2023-06-15,9.5,9.5,8.720000267028809,8.960000038146973,80.48818962282608,73.03830183243691,79.27304698174372,88.16959426233358,96.20567938118842,6.97,4.0,-0.97
PTON,2023-06-16,9.020000457763672,9.199999809265137,8.5600004196167,8.640000343322754,68.76902935489615,72.28993528739655,79.05048434035537,88.27571914988927,96.10772235235092,6.96,2.0,-0.91
PTON,2023-06-20,8.539999961853027,8.614999771118164,8.140000343322754,8.260000228881836,69.98301506227521,72.83806189130313,79.1499888885934,86.46854450224352,95.96257406561688,6.94,3.0,-0.83
PTON,2023-06-21,7.900000095367432,7.90500020980835,7.320000171661377,7.579999923706055,73.67483082093767,74.601374166346,80.00342447372941,87.05114357900268,96.2910265951157,6.9,11.0,-0.75
PTON,2023-06-22,7.53000020980835,7.619999885559082,7.349999904632568,7.525000095367432,73.12709573285949,74.3464389937281,79.11969255819668,86.60258881179145,96.29257782778456,6.87,3.0,-0.67
PTON,2023-06-23,7.349999904632568,7.420000076293945,7.25,7.309999942779541,72.73230453907819,74.49960143015693,79.20295226508667,84.2553492534214,96.32960934796002,6.86,6.0,-0.59
PTON,2023-06-26,7.25,7.559999942779541,7.21999979019165,7.239999771118164,67.36139224006546,73.2894425654551,78.95569125943578,84.11633489669619,96.04490210886286,6.84,2.0,-0.5
PTON,2023-06-27,7.300000190734863,7.570000171661377,7.139999866485596,7.5,68.00751330329761,73.65217812455303,69.19007493179777,84.09087874304213,95.9952940985842,6.86,1.0,-0.3
PTON,2023-06-28,7.440000057220459,7.456999778747559,7.199999809265137,7.300000190734863,65.45483000968834,72.04416602073383,68.8773697855347,84.12890757056694,96.01109095727382,6.92,1.0,-0.09
PTON,2023-06-29,7.289999961853027,8.010000228881836,7.255000114440918,7.460000038146973,62.92428023808869,71.83170860344897,68.82818064022398,83.9946514428664,95.62566518144126,6.97,1.0,0.06
PTON,2023-06-30,7.639999866485596,7.949999809265137,7.460000038146973,7.690000057220459,63.18081269373942,72.22787132996274,68.99475226754276,83.9810249214317,95.58672782342317,7.02,3.0,0.17
PTON,2023-07-03,7.849999904632568,8.520000457763672,7.849999904632568,8.1899995803833,65.15862149984628,72.99682800419112,69.88481625508058,84.25066048970426,95.75697927684976,7.05,5.0,0.23
PTON,2023-07-05,8.119999885559082,8.319999694824219,7.880000114440918,8.229999542236328,64.59984342783709,72.76109656380656,69.86841741953126,84.2154787928481,95.75712837984001,7.07,5.0,0.27
PTON,2023-07-06,7.980000019073486,8.020000457763672,7.400000095367432,7.679999828338623,67.78857911036258,73.92142324828143,70.35730959622943,81.72225541408105,95.08616380649246,7.08,7.0,0.29
PTON,2023-07-07,7.730000019073486,8.390000343322754,7.701000213623047,8.069999694824219,69.07301761990473,74.73411521101795,70.22334732582921,81.53513794301965,95.19022952711094,7.07,7.0,0.28
PTON,2023-07-10,8.050000190734863,8.430000305175781,7.900000095367432,8.390000343322754,69.19664051872002,71.45437692428261,70.55736460018625,81.65499346980862,95.14712672337681,7.04,9.0,0.26
PTON,2023-07-11,8.569999694824219,9.199999809265137,8.449999809265137,9.109999656677246,72.46808319903104,73.56562497591672,71.90184043662627,81.93184562990571,95.41963982244043,6.99,10.0,0.24
PTON,2023-07-12,9.25,9.520000457763672,9.050000190734863,9.470000267028809,72.62458680977637,73.18057498985414,71.63258265312984,82.05235465761807,94.5367263162673,6.93,10.0,0.2
PTON,2023-07-13,9.569999694824219,9.729999542236328,9.40999984741211,9.600000381469727,72.53698508973014,73.1213956125995,71.45571949012097,82.05491115052797,94.47696596639122,6.86,10.0,0.14
PTON,2023-07-14,9.640000343322754,9.640000343322754,8.640000343322754,8.6899995803833,78.86202593613574,75.83550067379318,73.0555445328978,82.7221123960107,94.93711078862842,6.76,13.0,0.06
PTON,2023-07-17,8.680000305175781,9.180000305175781,8.510000228881836,8.829999923706055,77.25498997437612,75.52859885394166,73.044167442681,82.37792706634406,94.70275306672299,6.64,13.0,-0.05
PTON,2023-07-18,8.770000457763672,9.170000076293945,8.699999809265137,8.920000076293945,73.93903299142355,74.9474752474246,73.02559805984703,82.32380751295715,94.69366142777848,6.51,13.0,-0.21
PTON,2023-07-19,9.149999618530273,9.829999923706055,9.0600004196167,9.779999732971191,77.95282179118257,76.80582097839888,74.510020150168,83.01125988499997,95.12275697999961,6.42,16.0,-0.27
PTON,2023-07-20,9.630000114440918,9.8100004196167,9.1850004196167,9.270000457763672,79.82198401703585,77.54249520838884,74.82591075868595,83.21379538487555,94.89160914499321,6.32,17.0,-0.34
PTON,2023-07-21,9.470000267028809,9.619999885559082,9.020000457763672,9.119999885559082,79.74476263716382,76.66569984511011,74.77193498394,83.0518158951745,93.5357070924942,6.23,17.0,-0.42
PTON,2023-07-24,9.109999656677246,9.109999656677246,8.6899995803833,8.699999809265137,81.02472851367074,77.12630574423575,75.09135261336364,82.91393161610738,93.62563217834791,6.19,19.0,-0.45
PTON,2023-07-25,8.800000190734863,8.920000076293945,8.449999809265137,8.5,81.29915305914646,77.1783936437305,75.10903973182586,82.85433475846575,92.57858679596505,6.15,20.0,-0.48
PTON,2023-07-26,8.600000381469727,8.84000015258789,8.5,8.760000228881836,78.98681229440119,77.38143393424848,75.20584516513213,82.39731824891881,92.60224947306183,6.11,21.0,-0.51
PTON,2023-07-27,8.880000114440918,9.0,8.239999771118164,8.3100004196167,78.45651487862901,77.98852204392861,74.65243912476828,82.62701538082943,92.2941065563182,6.06,17.0,-0.54
PTON,2023-07-28,8.550000190734863,8.845999717712402,8.524999618530273,8.710000038146973,79.42141924748458,77.88619698428609,75.1034675273974,82.81892947004688,92.35619468157317,6.01,21.0,-0.56
PTON,2023-07-31,8.699999809265137,9.869999885559082,8.680000305175781,9.710000038146973,82.5550815867278,80.85336156001836,76.92177714029485,83.79266919404841,92.92588747512988,5.93,24.0,-0.57
PTON,2023-08-01,9.529999732971191,9.71500015258789,9.079999923706055,9.609999656677246,81.82694409218227,74.9385732089027,76.7648607013994,82.73524765274169,92.91636539999072,5.85,24.0,-0.58
PTON,2023-08-02,9.25,9.369999885559082,8.795999526977539,9.050000190734863,82.7146938603695,75.9675826212412,76.6149439431242,81.09035313796304,93.08649303819988,5.75,24.0,-0.61
PTON,2023-08-03,8.9399995803833,9.199999809265137,8.90999984741211,9.050000190734863,78.31678383841803,75.66100103379839,75.66831917918168,80.97076278996427,92.52939077579342,5.72,24.0,-0.63
PTON,2023-08-04,9.239999771118164,9.5,8.65999984741211,8.670000076293945,79.50912620999857,75.88913781900595,75.75996411479406,80.82676875541866,92.41990263023305,5.7,25.0,-0.64
PTON,2023-08-07,8.729999542236328,8.739999771118164,8.260000228881836,8.470000267028809,79.31762948676159,75.59614733541557,75.06108384613337,80.30005406258041,92.09546755372176,5.67,20.0,-0.65
PTON,2023-08-08,8.270000457763672,8.5600004196167,8.15999984741211,8.520000457763672,79.19799664236609,72.95046298389776,74.90756729436214,79.77770212510895,91.34960069375646,5.64,20.0,-0.66
PTON,2023-08-09,8.510000228881836,8.5600004196167,8.1899995803833,8.1899995803833,79.7124817678917,73.46145050916903,75.05337026608976,79.90427785902854,91.42211961139927,5.6,21.0,-0.66
PTON,2023-08-10,8.3100004196167,8.510000228881836,8.010000228881836,8.069999694824219,79.39041996808885,72.20798029586561,74.62564807407234,79.66961086687138,91.16283749838128,5.56,17.0,-0.67
PTON,2023-08-11,7.989999771118164,8.010000228881836,7.539999961853027,7.559999942779541,81.61457457945052,72.26487761638155,74.47386041146297,79.77796950808566,91.08741833754934,5.51,16.0,-0.68
PTON,2023-08-14,7.510000228881836,7.789999961853027,7.349999904632568,7.75,81.45361987460205,72.2934331684573,74.13316212784812,79.82939248706072,91.12629265746962,5.46,16.0,-0.69
PTON,2023-08-15,7.639999866485596,7.75,7.409999847412109,7.429999828338623,80.10671399511573,72.60231120189565,73.7771846385443,79.83408833550378,90.28624224850806,5.41,16.0,-0.71
PTON,2023-08-16,7.380000114440918,7.385000228881836,7.190000057220459,7.210000038146973,80.43809150542445,72.68758783103956,73.90391698836967,79.90267979913102,90.32831335277987,5.34,17.0,-0.73
PTON,2023-08-17,7.369999885559082,7.429999828338623,6.900000095367432,6.900000095367432,78.99299552022117,73.09305631578405,74.0553953365191,80.04893771828925,90.41178015015912,5.27,18.0,-0.75
PTON,2023-08-18,6.800000190734863,7.070000171661377,6.695000171661377,7.010000228881836,77.61577396664104,73.14322016399028,73.9717390918635,79.96265264302934,90.26994160763556,5.2,18.0,-0.78
PTON,2023-08-21,7.03000020980835,7.150000095367432,6.860000133514404,7.019999980926514,76.53988923849668,72.9429839577742,73.96859368605726,79.34196217550851,90.24962410066092,5.14,18.0,-0.8
PTON,2023-08-22,7.130000114440918,7.486999988555908,6.925000190734863,6.989999771118164,71.83125546529703,72.9194374334685,73.28192054342227,79.2239684140871,89.92962359024769,5.07,16.0,-0.85
PTON,2023-08-23,5.150000095367432,5.800000190734863,5.050000190734863,5.409999847412109,100.14807667257347,89.83861280039598,83.436902184241,83.3572187603593,93.44934003603382,5.0,82.0,-0.86
PTON,2023-08-24,5.349999904632568,5.690000057220459,5.269999980926514,5.514999866485596,100.317634935374,89.79395208872319,82.62674008318999,83.35706322579544,93.42585645372561,4.92,74.0,-0.89
PTON,2023-08-25,5.559999942779541,5.96999979019165,5.539999961853027,5.829999923706055,99.4902472581017,90.32450852803908,82.99358203449891,83.575701315486,91.68788113334512,4.83,76.0,-0.94
PTON,2023-08-28,5.869999885559082,6.014999866485596,5.739999771118164,5.860000133514404,99.26214752314367,89.36726004068831,83.00448545192867,83.4034240287897,89.48617023924493,4.74,77.0,-1.01
PTON,2023-08-29,5.820000171661377,6.170000076293945,5.739999771118164,6.079999923706055,100.11719682643499,88.06893035527638,82.9679757308557,83.20935078327719,89.50506279397753,4.68,75.0,-1.04
PTON,2023-08-30,5.900000095367432,6.329999923706055,5.800000190734863,6.239999771118164,95.84650385456482,88.22132435316054,82.97887377574254,82.67995960639674,89.54238854760395,4.67,77.0,-1.04
PTON,2023-08-31,6.239999771118164,6.519999980926514,6.215000152587891,6.380000114440918,95.71127832756542,88.34406537177092,83.09897059031806,82.69946639059152,89.14951334969354,4.66,82.0,-1.04
PTON,2023-09-01,6.409999847412109,6.630000114440918,6.409999847412109,6.550000190734863,96.35653112778003,88.50555080155812,83.21549991464346,82.77307041626028,88.96698315878093,4.65,85.0,-1.04
PTON,2023-09-05,6.421000003814697,6.710000038146973,6.369999885559082,6.590000152587891,95.85676105965373,88.44726980581318,81.21937059213377,82.63735686148561,88.96417462317395,4.62,62.0,-1.03
PTON,2023-09-06,6.559999942779541,6.659999847412109,6.050000190734863,6.099999904632568,97.80040663360874,89.66362536945475,82.03846496074611,82.74592296563618,88.89254856740885,4.6,70.0,-1.02
PTON,2023-09-07,5.920000076293945,5.965000152587891,5.679999828338623,5.820000171661377,97.53176702792743,88.60185777445932,81.92665204248972,82.64530509168362,88.6365802423622,4.58,70.0,-1.01
PTON,2023-09-08,5.769999980926514,5.84499979019165,5.389999866485596,5.449999809265137,98.05372179171769,88.38873407768874,82.39223636222798,82.94579677180415,88.8041325650119,4.57,74.0,-1.01
PTON,2023-09-11,5.550000190734863,5.639999866485596,5.329999923706055,5.329999923706055,96.34498069972844,88.13727952542176,82.37588640389025,82.97502455469946,88.81195504130255,4.56,73.0,-1.0
PTON,2023-09-12,5.269999980926514,5.599999904632568,5.21999979019165,5.400000095367432,89.28666691839314,87.09330986463485,82.26106613875547,82.7639306170914,87.90642088352023,4.55,73.0,-1.0
PTON,2023-09-13,5.369999885559082,5.409999847412109,5.139999866485596,5.170000076293945,89.50683558430639,87.20364406719347,82.21435445811498,82.52020421727657,87.70404109051711,4.53,72.0,-0.99
PTON,2023-09-14,5.21999979019165,5.258999824523926,5.079999923706055,5.150000095367432,88.837520333596,86.87668511154618,81.84278774471343,82.43152831310428,87.05763374129208,4.51,69.0,-0.99
PTON,2023-09-15,5.110000133514404,5.126999855041504,4.960000038146973,5.039999961853027,88.6608583212194,85.39636932604834,81.86804336705616,81.83822417344014,87.0096237660285,4.49,70.0,-0.98
PTON,2023-09-18,5.0,5.0,4.610000133514404,4.630000114440918,90.43832612015362,86.88165457818783,82.40318536662994,82.33997052892104,87.27246845255328,4.47,80.0,-0.98
PTON,2023-09-19,4.650000095367432,4.840000152587891,4.574999809265137,4.800000190734863,91.9259697849785,87.23550950638429,82.62781817252859,82.39685623131217,86.90339452116295,4.46,85.0,-0.97
PTON,2023-09-20,4.840000152587891,4.909999847412109,4.630000114440918,4.670000076293945,91.65132689053127,87.33482874875482,82.60591223846639,82.42696328629272,86.91224377139916,4.45,84.0,-0.97
PTON,2023-09-21,4.570000171661377,4.614999771118164,4.460000038146973,4.46999979019165,91.73838612684295,87.19081118413638,82.7561509312729,82.51220605726283,86.97325181816169,4.47,86.0,-0.98
PTON,2023-09-22,4.510000228881836,4.559999942779541,4.394999980926514,4.460000038146973,91.8743846440039,87.11530224356328,82.6376391702356,81.84122683940545,86.75639035478002,4.48,85.0,-0.99
PTON,2023-09-25,4.349999904632568,4.590000152587891,4.304999828338623,4.409999847412109,90.87739799246285,86.89381983915506,82.32599695901517,81.78747187675609,86.61908016535588,4.49,74.0,-0.99
PTON,2023-09-26,4.429999828338623,4.809999942779541,4.38100004196167,4.619999885559082,91.9761149941867,87.26678231015194,82.60501256011477,81.84856951879009,86.7557346926109,4.51,81.0,-1.0
PTON,2023-09-27,4.639999866485596,4.789999961853027,4.5,4.650000095367432,91.91108587452094,86.04951513557538,79.59466826675504,81.6533681351366,86.69973532845079,4.48,52.0,-0.99
PTON,2023-09-28,5.090000152587891,5.230000019073486,4.610000133514404,4.900000095367432,93.86987435759437,86.93278643305256,80.00143467084672,81.68369022561734,86.87166392351047,4.47,55.0,-0.98
PTON,2023-09-29,4.989999771118164,5.239999771118164,4.96999979019165,5.050000190734863,94.19460871692748,86.36036691534333,79.94111080715246,80.86512845012558,86.92864046430586,4.45,55.0,-0.97
PTON,2023-10-02,5.010000228881836,5.409999847412109,4.949999809265137,5.389999866485596,96.4467129483372,86.85503373929994,80.57615848926959,81.20558012276702,85.80004038445256,4.44,59.0,-0.96
PTON,2023-10-03,5.389999866485596,5.440000057220459,4.940000057220459,5.070000171661377,97.57354669642265,87.03194111593722,80.89923613242142,81.26105244454894,85.99580024538494,4.43,61.0,-0.96
PTON,2023-10-04,5.079999923706055,5.269999980926514,4.949999809265137,5.244999885559082,98.42197239123927,85.42741137583286,79.84007988364593,81.30691332929203,85.72759801223393,4.4,55.0,-0.94
PTON,2023-10-05,5.269999980926514,5.460000038146973,4.974999904632568,5.119999885559082,65.28723132886533,84.8899263679314,79.87878906590754,80.922370789676,83.99810967097217,4.38,56.0,-0.93
PTON,2023-10-06,4.920000076293945,5.190000057220459,4.920000076293945,5.110000133514404,64.98143982776242,84.76261468498235,79.02623000303828,80.64691106261422,83.89972605597448,4.35,43.0,-0.92
PTON,2023-10-09,5.059999942779541,5.210000038146973,5.019999980926514,5.139999866485596,62.67659403254142,82.76041582593079,78.45014046388815,80.3215311395419,83.80114727483713,4.31,41.0,-0.9
PTON,2023-10-10,5.150000095367432,5.46999979019165,5.114999771118164,5.230000019073486,62.93438822551104,82.77846051272503,78.41036800979232,80.07589511747761,83.8122074603206,4.28,41.0,-0.89
PTON,2023-10-11,5.269999980926514,5.539999961853027,5.255000114440918,5.480000019073486,63.548171420237054,83.47042312876748,78.64491150887856,80.09531597678215,83.8219060522233,4.25,43.0,-0.87
PTON,2023-10-12,5.460000038146973,5.489999771118164,4.949999809265137,5.039999961853027,66.98985516737314,82.22401948440844,79.61160964775809,80.53925779197638,84.1563241018424,4.22,57.0,-0.86
PTON,2023-10-13,5.019999980926514,5.050000190734863,4.809999942779541,4.849999904632568,66.98909389890896,81.9479608313562,79.69573236814126,80.50990729865084,84.19209533218782,4.2,59.0,-0.84
PTON,2023-10-16,4.920000076293945,5.224999904632568,4.889999866485596,5.159999847412109,69.3828804097753,83.28199673562374,80.37436659775462,80.41587326901053,84.40528536059516,4.19,66.0,-0.84
PTON,2023-10-17,5.099999904632568,5.298999786376953,5.079999923706055,5.210000038146973,69.45300338048878,82.99804312650329,80.31430591516093,80.43014444598867,82.39377031153329,4.18,66.0,-0.83
PTON,2023-10-18,5.119999885559082,5.139999866485596,4.78000020980835,4.800000190734863,69.87331543689193,84.3042401544938,81.27981633175446,80.8120269809422,82.49138856588723,4.18,74.0,-0.82
PTON,2023-10-19,4.570000171661377,5.054999828338623,4.53000020980835,4.789999961853027,68.90067548788727,83.91464634379116,81.26225186158626,75.56493639550744,82.48233915804775,4.18,74.0,-0.82
PTON,2023-10-20,4.699999809265137,5.010000228881836,4.590000152587891,4.840000152587891,66.71453688660753,83.53981260462032,81.18199775280495,75.41147921995646,82.3002001281645,4.18,72.0,-0.83
PTON,2023-10-23,4.809999942779541,5.025000095367432,4.650000095367432,4.699999809265137,66.91488240243844,82.81533214798228,81.07702982133442,75.34294473057692,82.34547707557627,4.18,71.0,-0.83
PTON,2023-10-24,4.78000020980835,5.184999942779541,4.739999771118164,4.829999923706055,67.35935022266374,79.43196222054631,80.58107326144331,75.39808174459026,82.39312546913757,4.18,69.0,-0.83
PTON,2023-10-25,4.809999942779541,4.840000152587891,4.539999961853027,4.639999866485596,67.19202253097622,79.64553847756345,79.63006724832003,75.50030455707746,82.35565492727514,4.17,58.0,-0.82
PTON,2023-10-26,4.639999866485596,4.724999904632568,4.394999980926514,4.449999809265137,68.09867478330463,79.26393532284493,79.78892645441209,75.59509875404642,82.16954170501445,4.16,62.0,-0.81
PTON,2023-10-27,4.489999771118164,4.550000190734863,4.28000020980835,4.300000190734863,68.46806083369782,79.35677765458823,79.87272841966136,75.5522410299996,82.17799759151733,4.16,63.0,-0.81
PTON,2023-10-30,4.360000133514404,4.690000057220459,4.360000133514404,4.630000114440918,67.89997598872141,81.0339204077129,80.85748333995477,75.80404250850965,82.51229887832314,4.16,71.0,-0.81
PTON,2023-10-31,4.710000038146973,4.800000190734863,4.585000038146973,4.760000228881836,67.5562492369514,81.36156588154093,80.96665949289292,75.90226720815194,82.52065553582023,4.17,72.0,-0.82
PTON,2023-11-01,4.769999980926514,4.840000152587891,4.550000190734863,4.809999942779541,67.12302909516083,81.40404034309942,80.96442724296872,75.92671457071715,82.38003678326281,4.18,71.0,-0.83
PTON,2023-11-02,4.639999866485596,5.735000133514404,4.570000171661377,5.429999828338623,74.22437528066926,85.4415861987444,82.52704566734127,77.08166387618387,83.0515499494321,4.21,87.0,-0.84
PTON,2023-11-03,5.539999961853027,5.599999904632568,5.050000190734863,5.210000038146973,75.47929048484195,85.72020953832497,82.1307728755858,77.09093108102681,83.07819950595481,4.23,80.0,-0.86
PTON,2023-11-06,5.199999809265137,5.260000228881836,4.829999923706055,5.019999980926514,76.33718360917821,85.09897811514777,82.12632987512775,77.17978618404622,82.75189157806554,4.25,79.0,-0.87
PTON,2023-11-07,4.78000020980835,5.159999847412109,4.769999980926514,4.869999885559082,75.8936975943737,84.9735739769916,81.4093648167178,77.19740423364571,82.79500673731303,4.26,74.0,-0.88
PTON,2023-11-08,4.880000114440918,4.929999828338623,4.699999809265137,4.730000019073486,76.40253368053415,84.79022121651035,81.34922680111009,77.21419610310899,82.83618436648312,4.27,73.0,-0.88
PTON,2023-11-09,4.730000019073486,4.769999980926514,4.449999809265137,4.460000038146973,76.64490953498255,85.31880096228302,81.54666140526167,77.43051562697345,82.99916979495418,4.28,74.0,-0.89
PTON,2023-11-10,4.440000057220459,4.574999809265137,4.304999828338623,4.53000020980835,76.2098897235876,85.11958928796136,80.60629851716203,77.42148510447262,82.29516877690007,4.29,62.0,-0.89
PTON,2023-11-13,4.519999980926514,4.519999980926514,4.340000152587891,4.440000057220459,73.48018884835254,85.02614573940785,80.64046061939857,77.38506946004838,80.85853382402574,4.29,62.0,-0.9
PTON,2023-11-14,4.639999866485596,5.170000076293945,4.639999866485596,5.139999866485596,83.93204515329704,90.68672898223036,84.06145000162012,79.45558663483399,82.13720062139116,4.33,100.0,-0.91
PTON,2023-11-15,5.159999847412109,5.659999847412109,5.159999847412109,5.570000171661377,86.57656768182741,92.36587851812374,85.10197326190438,80.07475804666211,82.3379222214646,4.39,100.0,-0.92
PTON,2023-11-16,5.460000038146973,5.460000038146973,5.150000095367432,5.360000133514404,87.04985383405709,76.33451349377742,85.07074300670196,80.11944053350324,82.00452365525065,4.35,99.0,-0.88
PTON,2023-11-17,5.409999847412109,5.53000020980835,5.25,5.519999980926514,87.41482017412248,76.47345710937093,85.14282275135392,79.72527194986068,81.7132714357582,4.29,100.0,-0.87
PTON,2023-11-20,5.539999961853027,5.619999885559082,5.454999923706055,5.539999961853027,87.40992829283046,75.59839517399777,85.05888795494944,79.72820489759175,81.71550347575952,4.23,97.0,-0.89
PTON,2023-11-21,5.400000095367432,5.414000034332275,5.190000057220459,5.309999942779541,88.23917445932379,76.0639592741506,85.11721131040102,79.70007813477882,81.64593734190329,4.16,99.0,-0.92
PTON,2023-11-22,5.369999885559082,5.550000190734863,5.284999847412109,5.309999942779541,87.14632063783924,75.64107462550191,84.44552458573538,79.60364154055033,81.477994794008,4.1,95.0,-0.92
PTON,2023-11-24,5.269999980926514,5.360000133514404,5.159999847412109,5.269999980926514,83.59307346424315,75.41836136017393,84.43409013303366,79.258509671292,81.47472165034884,4.03,94.0,-0.94
PTON,2023-11-27,5.25,5.46999979019165,5.175000190734863,5.400000095367432,82.96644469426938,75.45055746831927,83.91338241069025,78.84935493196764,81.41511221834787,3.96,92.0,-0.94
PTON,2023-11-28,5.349999904632568,5.610000133514404,5.090000152587891,5.590000152587891,81.66168787524542,75.60583866273956,83.70603628812609,78.89579601459359,81.49758010234233,3.88,91.0,-0.98
PTON,2023-11-29,5.75,6.03000020980835,5.699999809265137,5.829999923706055,82.43816057021799,76.14020120273352,83.74829397652661,78.68716358064553,81.61200096798036,3.8,91.0,-1.02
PTON,2023-11-30,5.880000114440918,5.949999809265137,5.510000228881836,5.659999847412109,79.03363514031098,74.74257176883687,82.70182696491581,78.65475689664211,81.57688029905862,3.74,81.0,-0.99
PTON,2023-12-01,5.679999828338623,6.239999771118164,5.59499979019165,6.21999979019165,83.06873841332919,76.6366624183753,83.90838048416015,79.46184652970145,81.72026039488719,3.67,91.0,-0.99
PTON,2023-12-04,6.190000057220459,6.630000114440918,6.139999866485596,6.340000152587891,83.12250627474704,75.44105002437755,83.9424996368443,79.27103890324447,81.66857766366505,3.6,92.0,-1.02
PTON,2023-12-05,6.269999980926514,6.300000190734863,5.829999923706055,5.900000095367432,85.70512875801903,76.81201173912814,83.2539160057632,79.27045916443495,80.99800514497218,3.55,86.0,-0.97
PTON,2023-12-06,5.989999771118164,6.400000095367432,5.914999961853027,6.079999923706055,85.7641704278506,76.99820124717937,83.36920931129922,79.12007200469495,81.02464363826333,3.5,86.0,-0.93
PTON,2023-12-07,6.0,6.105000019073486,5.824999809265137,5.940000057220459,85.08481601399681,76.59814121140592,83.39655057660403,78.83526903240461,80.98158877930052,3.44,86.0,-0.89
PTON,2023-12-08,5.929999828338623,6.025000095367432,5.75,5.960000038146973,83.77325925418425,76.58752054267588,81.97111085885258,78.83539962582098,80.84480140865877,3.39,60.0,-0.8
PTON,2023-12-11,5.929999828338623,6.039999961853027,5.599999904632568,5.679999828338623,84.49764549126412,77.13398664286854,81.89356181798158,78.94886424776297,80.73336088010788,3.35,58.0,-0.7
PTON,2023-12-12,5.670000076293945,5.688000202178955,5.394999980926514,5.460000038146973,83.34263461813576,75.4958294196254,82.05840592664589,78.99255071703068,80.36544205312212,3.31,61.0,-0.6
PTON,2023-12-13,5.429999828338623,5.980000019073486,5.28000020980835,5.940000057220459,86.21488381200706,77.03479815203475,82.99185607411599,79.66512020934799,80.81280869679202,3.28,79.0,-0.49
PTON,2023-12-14,6.099999904632568,6.670000076293945,6.079999923706055,6.460000038146973,89.02584240706494,78.48784649554801,84.08950231670458,79.98715342713741,81.2753014203519,3.25,93.0,-0.38
PTON,2023-12-15,6.510000228881836,6.539999961853027,6.070000171661377,6.150000095367432,84.05625528825591,78.64020925969183,84.24259446058812,80.14725608226995,81.3096556483543,3.23,93.0,-0.27
PTON,2023-12-18,6.159999847412109,6.179999828338623,5.960000038146973,6.010000228881836,83.35880840413735,78.8406745637074,83.93238781664523,79.70476864683566,81.07065754223552,3.18,89.0,-0.14
PTON,2023-12-19,6.050000190734863,6.440000057220459,6.019999980926514,6.400000095367432,84.02689770668256,79.64837345612635,84.21141803711723,79.9810659765693,81.1349036556476,3.15,92.0,0.0
PTON,2023-12-20,6.360000133514404,6.494999885559082,5.889999866485596,5.929999828338623,86.8597071315752,80.95856949816157,83.07374320370057,80.44244956749853,81.45055210384731,3.13,77.0,0.13
PTON,2023-12-21,6.099999904632568,6.269999980926514,6.065000057220459,6.170000076293945,86.69020113154606,81.28436213438182,83.36971000328623,80.39594473846401,81.55839384893876,3.12,81.0,0.26
PTON,2023-12-22,6.139999866485596,6.309999942779541,5.945000171661377,5.980000019073486,85.17909280626958,80.99692707378172,83.00561506962582,80.39380985195191,81.43110865551365,3.09,75.0,0.42
PTON,2023-12-26,6.010000228881836,6.230000019073486,5.835000038146973,6.190000057220459,85.4675340549859,81.06354604093035,83.22999548804619,80.52013185166082,81.22333380303577,3.05,78.0,0.63
PTON,2023-12-27,6.269999980926514,6.5,6.21999979019165,6.389999866485596,85.1819892933741,80.26227081575603,83.1814693641456,80.611202819027,81.22052560370572,3.01,76.0,0.85
PTON,2023-12-28,6.329999923706055,6.380000114440918,6.139999866485596,6.28000020980835,75.4153569196539,79.26488094588873,83.14978234353696,79.44354477392935,80.76801897440234,2.95,75.0,1.12
PTON,2023-12-29,6.260000228881836,6.489999771118164,6.0,6.090000152587891,72.81307558512128,79.3144121492244,83.25330562962085,79.51048484195837,80.76140604882596,2.89,78.0,1.42
PTON,2024-01-02,5.960000038146973,6.135000228881836,5.769999980926514,5.820000171661377,73.1815289938304,79.73677248894873,83.32304483404315,79.4309864209816,80.83582344519786,2.82,79.0,1.75
PTON,2024-01-03,5.570000171661377,5.644999980926514,5.309999942779541,5.380000114440918,76.3877366577117,81.43429414742569,84.15667799352227,79.8901639134488,81.18647379640852,2.75,91.0,2.11
PTON,2024-01-04,5.704999923706055,6.300000190734863,5.559999942779541,6.130000114440918,85.35930411697194,85.6583126116762,86.24419646574128,81.42252565669699,82.21972304722904,2.7,100.0,2.39
PTON,2024-01-05,6.449999809265137,7.239999771118164,6.190000057220459,6.71999979019165,87.93626570391476,87.53574211221448,87.42620315842386,82.0696342412077,82.2955198630932,2.65,100.0,2.63
PTON,2024-01-08,6.789999961853027,6.880000114440918,6.349999904632568,6.590000152587891,88.2694292780559,87.21349862583536,87.23134579408404,81.91902139266296,82.26577379994544,2.58,99.0,2.77
PTON,2024-01-09,6.519999980926514,7.050000190734863,6.039999961853027,6.119999885559082,91.28299185247013,86.82277325457122,87.87771748810125,82.18693628577142,82.48987642853804,2.52,100.0,2.85
PTON,2024-01-10,6.170000076293945,6.284999847412109,5.875,6.110000133514404,91.1141182777573,86.39504148162207,87.61548791763654,82.1736373470994,82.35803785770683,2.45,99.0,2.84
PTON,2024-01-11,6.03000020980835,6.079999923706055,5.630000114440918,5.980000019073486,90.93452159595638,85.68769719329238,87.63112667243402,81.93483041435663,82.22321504249587,2.37,99.0,2.63
PTON,2024-01-12,5.960000038146973,6.210000038146973,5.78000020980835,5.829999923706055,90.46976868428152,85.86301862192684,87.71109249390808,81.93979611771579,81.6283927402536,2.27,99.0,2.1
PTON,2024-01-16,5.760000228881836,5.809999942779541,5.630000114440918,5.809999942779541,90.04289845971297,84.07770286335905,87.71059975067944,81.90326816517482,81.5800093254575,2.14,98.0,0.25
PTON,2024-01-17,5.690000057220459,5.864999771118164,5.559999942779541,5.800000190734863,85.57058398366657,84.0767644065621,77.64977059028149,81.8814883278256,81.4303228302175,2.19,1.0,0.25
PTON,2024-01-18,5.880000114440918,5.929999828338623,5.650000095367432,5.789999961853027,85.3297004619658,84.06912654549316,77.59373485362181,81.83363430859389,81.37809535585647,2.25,1.0,0.21
PTON,2024-01-19,5.809999942779541,5.820000171661377,5.369999885559082,5.570000171661377,83.5239949506329,84.24513903864859,77.33383726191313,81.73525564616325,81.14604033464178,2.31,1.0,0.18
PTON,2024-01-22,5.639999866485596,6.210000038146973,5.559999942779541,5.860000133514404,84.42326002057911,84.6723544755193,77.75572724153737,81.91241479718515,81.11426325803379,2.35,4.0,0.12
PTON,2024-01-23,5.96999979019165,6.179999828338623,5.800000190734863,5.820000171661377,84.18393035140781,84.2180019596556,77.53764433877397,80.14147815651752,80.89155947908337,2.4,2.0,0.06
PTON,2024-01-24,5.940000057220459,5.954999923706055,5.610000133514404,5.690000057220459,84.41135860687989,83.86501150084318,77.49980805216022,80.1309465923363,80.72460923323449,2.45,2.0,-0.0
PTON,2024-01-25,5.71999979019165,5.889999866485596,5.619999885559082,5.800000190734863,83.43194916670372,83.53471420750125,77.47823024265297,80.04902555446627,80.59796190208795,2.49,2.0,-0.06
PTON,2024-01-26,5.860000133514404,6.0,5.730000019073486,5.800000190734863,82.55900346938078,82.29298930779724,77.3551651628441,79.96524741177616,80.52729552426369,2.54,2.0,-0.11
PTON,2024-01-29,5.820000171661377,6.110000133514404,5.5920000076293945,6.110000133514404,80.26764728389597,82.74624810129706,77.80872675215296,80.0921390208543,80.63191507814331,2.57,9.0,-0.18
PTON,2024-01-30,6.019999980926514,6.03000020980835,5.739999771118164,5.809999942779541,77.59451664231779,83.48366142233071,77.25031750816859,79.55776524820202,80.44574388192075,2.62,1.0,-0.24
PTON,2024-01-31,5.730000019073486,6.039999961853027,5.559999942779541,5.559999942779541,77.34319181701144,80.30750958851173,77.20571887533622,79.70629448892258,80.54491021541902,2.66,1.0,-0.3
PTON,2024-02-01,5.230000019073486,5.300000190734863,4.170000076293945,4.210000038146973,110.99816827456046,98.22658005094588,88.33806811546324,85.7468584771864,85.0215183419776,2.74,100.0,-0.31
PTON,2024-02-02,4.309999942779541,4.5,4.099999904632568,4.239999771118164,108.89191252695367,97.99846787838958,88.2945045434177,85.45064785968664,81.55288223083622,2.81,99.0,-0.34
PTON,2024-02-05,4.199999809265137,4.199999809265137,3.9600000381469727,4.019999980926514,107.94402428357908,98.38575327271468,88.62845731292323,85.60476396901855,81.58077418981685,2.88,100.0,-0.37
PTON,2024-02-06,4.050000190734863,4.440000057220459,4.0,4.380000114440918,110.68868193750257,99.89788176844641,89.49408557141733,86.16701479449527,82.00920309748413,2.97,100.0,-0.34
PTON,2024-02-07,4.340000152587891,4.46999979019165,4.289999961853027,4.389999866485596,110.59283385146747,99.17803441716235,89.49553839937022,86.12959863713701,81.97302924278483,3.06,100.0,-0.35
PTON,2024-02-08,4.369999885559082,4.579999923706055,4.260000228881836,4.53000020980835,110.48655279140978,99.33878809757158,89.58941584760362,86.17443579300279,82.05356351918678,3.14,100.0,-0.37
PTON,2024-02-09,4.579999923706055,4.695000171661377,4.460000038146973,4.550000190734863,109.86071036414084,99.25420360076802,88.57945675151856,86.17279394934168,82.04267217715591,3.2,96.0,-0.45
PTON,2024-02-12,4.585000038146973,5.065000057220459,4.550000190734863,4.809999942779541,111.53292195247096,95.21112448366232,88.83638135426457,86.39880068671569,82.1805511412479,3.26,97.0,-0.52
PTON,2024-02-13,4.599999904632568,4.650000095367432,4.420000076293945,4.449999809265137,113.15616128149708,94.94841084087491,89.58887213411154,86.85690168839389,82.26401173833678,3.34,99.0,-0.57
PTON,2024-02-14,4.550000190734863,4.71999979019165,4.519999980926514,4.710000038146973,114.28572322951189,95.46630990218773,89.77399701102188,87.12763439703143,82.48547585439285,3.41,100.0,-0.61
PTON,2024-02-15,4.690000057220459,4.820000171661377,4.610000133514404,4.659999847412109,112.26769309401121,95.25337844039466,89.79058203808773,87.08225715072602,82.48795203108446,3.49,100.0,-0.67
PTON,2024-02-16,4.539999961853027,4.619999885559082,4.420000076293945,4.539999961853027,104.79407329158074,95.36208125581793,89.87053282743459,87.03079059515699,82.3100360416822,3.56,100.0,-0.72
PTON,2024-02-20,4.449999809265137,4.46999979019165,4.28000020980835,4.349999904632568,100.5987246154349,95.36820876574681,89.81893058314986,86.83910969106326,82.32273540857659,3.62,99.0,-0.77
PTON,2024-02-21,4.320000171661377,4.360000133514404,4.239999771118164,4.28000020980835,100.58889165140674,95.4020065198423,89.84567935016065,86.29210502267497,82.3285136875371,3.67,99.0,-0.81
PTON,2024-02-22,4.320000171661377,4.340000152587891,4.210000038146973,4.269999980926514,99.03104633241128,95.39873350252714,89.43996662659389,86.26188131184198,82.30053618947696,3.72,91.0,-0.86
PTON,2024-02-23,4.260000228881836,4.369999885559082,4.170000076293945,4.349999904632568,99.3870711963718,95.33366433979398,89.35484432285593,86.28743281193498,82.31321750714845,3.75,90.0,-0.9
PTON,2024-02-26,4.329999923706055,4.590000152587891,4.300000190734863,4.570000171661377,100.86634091682289,95.63361830570375,89.0893814922441,86.49244560061481,82.45895258158772,3.79,89.0,-0.95
PTON,2024-02-27,4.650000095367432,4.789999961853027,4.559999942779541,4.699999809265137,101.29807774828208,95.39267424966258,88.69646539692364,86.54568323260474,82.48236056341473,3.82,87.0,-0.99
PTON,2024-02-28,4.610000133514404,4.760000228881836,4.53000020980835,4.639999866485596,101.30456551649412,95.25935546569654,88.54146502693995,86.53721806806331,82.45567352077406,3.84,84.0,-1.02
PTON,2024-02-29,4.739999771118164,4.849999904632568,4.5,4.519999980926514,101.43171209422586,93.16133726504442,88.55578134470025,86.11480997500472,82.48495584107322,3.85,84.0,-1.04
PTON,2024-03-01,4.5,4.71999979019165,4.400000095367432,4.599999904632568,101.69385439760865,93.1443630791702,88.6058949424619,85.85288106007413,82.49740225447798,3.86,85.0,-1.05
PTON,2024-03-04,4.630000114440918,4.630000114440918,4.329999923706055,4.349999904632568,102.2687160417999,92.71151742898206,89.02439484103792,86.00112103218804,82.62350601319024,3.86,88.0,-1.06
PTON,2024-03-05,4.289999961853027,4.380000114440918,4.21999979019165,4.260000228881836,100.77459290633375,92.47463834394466,89.02345494008044,85.57404163643383,82.29991549317022,3.86,87.0,-1.06
PTON,2024-03-06,4.309999942779541,4.460000038146973,4.215000152587891,4.400000095367432,101.53933954221037,92.73085011938974,88.85234528093446,85.59578056619846,82.38093627941865,3.85,86.0,-1.06
PTON,2024-03-07,4.429999828338623,4.579999923706055,4.239999771118164,4.519999980926514,101.98976306119008,92.94685355310398,88.0005217089673,85.53089263508397,82.33301445310718,3.85,76.0,-1.06
PTON,2024-03-08,4.53000020980835,4.760000228881836,4.489999771118164,4.679999828338623,102.4468153293217,92.84209609196171,87.97727060764267,85.08175354933276,82.36141945285476,3.84,75.0,-1.05
PTON,2024-03-11,4.699999809265137,4.960000038146973,4.639999866485596,4.710000038146973,102.50230273650867,92.55216424264043,87.4158439289388,85.08671854364668,82.12253989213204,3.84,68.0,-1.03
PTON,2024-03-12,4.71999979019165,4.769999980926514,4.570000171661377,4.639999866485596,100.97893434612782,90.79838944310652,87.42752412872593,85.04168536300384,81.79000851136341,3.83,69.0,-1.01
PTON,2024-03-13,4.579999923706055,4.809999942779541,4.400000095367432,4.409999847412109,100.99651728335046,89.40707408777003,86.83286966971284,85.22974233740732,81.86453544299327,3.83,65.0,-1.0
PTON,2024-03-14,4.400000095367432,4.465000152587891,4.179999828338623,4.349999904632568,100.46998588773637,88.97602358244622,86.85665172928903,85.11897700422942,81.59931107066045,3.82,65.0,-0.98
PTON,2024-03-15,4.349999904632568,4.579999923706055,4.309999942779541,4.320000171661377,59.57062704211988,88.90380273152192,86.84254170352482,85.07238943755452,81.53525756066509,3.82,64.0,-0.95
PTON,2024-03-18,4.349999904632568,4.389999866485596,4.239999771118164,4.360000133514404,59.59304379406522,87.8145812471861,86.73933279209916,85.03443188766168,81.51705210054351,3.81,62.0,-0.92
PTON,2024-03-19,4.309999942779541,4.369999885559082,4.25,4.260000228881836,57.82680643854155,86.67702898819006,86.69422309279322,84.9748679209845,81.3833025506034,3.79,61.0,-0.88
PTON,2024-03-20,4.25,4.489999771118164,4.204999923706055,4.449999809265137,53.65813199760051,86.7689607971845,86.75785913610179,84.79298977060891,81.22654180421337,3.77,62.0,-0.82
PTON,2024-03-21,4.460000038146973,4.599999904632568,4.409999847412109,4.409999847412109,53.726122402551844,86.60570315715553,86.51548163372935,84.78987631760711,81.05506667355397,3.74,59.0,-0.75
PTON,2024-03-22,4.389999866485596,4.389999866485596,4.039999961853027,4.199999809265137,54.69189369495885,86.66188169727698,86.6918372945651,84.60166717304641,80.96381805003669,3.71,59.0,-0.68
PTON,2024-03-25,4.190000057220459,4.339000225067139,4.124000072479248,4.170000076293945,54.667383767334584,86.29419616495417,85.87762451033933,84.36834999736583,80.96228158554217,3.69,56.0,-0.62
PTON,2024-03-26,4.190000057220459,4.349999904632568,4.150000095367432,4.159999847412109,51.784791371574535,86.27276248921108,85.75407579216252,84.21646512756881,80.91109394046498,3.67,55.0,-0.55
PTON,2024-03-27,4.190000057220459,4.429999828338623,4.15500020980835,4.420000076293945,50.35954632437415,87.2197260756301,86.29795655150168,83.94227894506072,81.11115103200581,3.66,57.0,-0.48
PTON,2024-03-28,4.420000076293945,4.520999908447266,4.28000020980835,4.284999847412109,48.101286744130576,86.9881376482261,84.17363800552833,83.8476677538425,81.1565264719904,3.65,44.0,-0.45
PTON,2024-04-01,4.340000152587891,4.369999885559082,4.170000076293945,4.28000020980835,48.05101505000774,85.63020539232437,83.94121898141249,83.82112104687796,80.91274660229065,3.64,39.0,-0.42
PTON,2024-04-02,4.190000057220459,4.199999809265137,4.014999866485596,4.059999942779541,49.76471662674615,81.48870669814133,84.14425190868822,83.25441570163657,81.04006848460574,3.63,42.0,-0.38
PTON,2024-04-03,4.019999980926514,4.070000171661377,3.9649999141693115,4.03000020980835,48.39159388662092,78.84673663721564,84.02721527745463,83.22047823316807,80.69842957406685,3.61,39.0,-0.32
PTON,2024-04-04,4.099999904632568,4.170000076293945,3.7699999809265137,3.809999942779541,50.69950084714099,79.4198389480445,84.35845290946396,83.42715633739279,80.7833008895259,3.59,46.0,-0.26
PTON,2024-04-05,3.75,3.819999933242798,3.569999933242798,3.619999885559082,52.512483837286375,78.75842460879169,84.23684919796221,82.80701507756675,80.91566310469406,3.58,44.0,-0.19
PTON,2024-04-08,3.6600000858306885,3.819999933242798,3.6500000953674316,3.740000009536743,53.22505129997581,79.20206782320805,84.37109061459577,82.73094768918268,80.85807998033964,3.55,46.0,-0.1
PTON,2024-04-09,3.7200000286102295,4.03000020980835,3.7200000286102295,3.950000047683716,53.714733113161,80.18580107070467,84.79424991289063,83.02022573037053,81.02065986976729,3.52,48.0,0.01
PTON,2024-04-10,3.759999990463257,3.7699999809265137,3.559999942779541,3.6500000953674316,56.88124327602889,81.45553043286895,82.32238510216716,83.33458980353599,81.36496306515112,3.53,15.0,-0.04
PTON,2024-04-11,3.7100000381469727,3.7690000534057617,3.575000047683716,3.7200000286102295,57.41249842489174,81.63645330298729,81.30317822390595,83.35298969111048,81.38513444802079,3.55,12.0,-0.12
PTON,2024-04-12,3.6700000762939453,3.7100000381469727,3.5,3.549999952316284,58.30179986092443,82.02312754561568,81.40376941281149,83.39868313641904,80.6809103003818,3.57,13.0,-0.2
PTON,2024-04-15,3.549999952316284,3.569999933242798,3.2699999809265137,3.2899999618530273,60.981072198327524,83.17975966815041,82.01739797030672,83.63189307886162,80.99968513940271,3.58,16.0,-0.26
PTON,2024-04-16,3.240000009536743,3.25,3.065000057220459,3.0999999046325684,61.21922644998621,83.59972107201841,82.45577167692846,83.64611215925949,81.03004571015194,3.59,19.0,-0.3
PTON,2024-04-17,3.109999895095825,3.2100000381469727,3.049999952316284,3.0899999141693115,61.19235119552135,82.65723145117573,82.24743548712165,82.53155662231323,80.99397493229954,3.6,18.0,-0.35
PTON,2024-04-18,3.0799999237060547,3.2249999046325684,3.0199999809265137,3.059999942779541,59.82047740379479,82.65364477968538,82.24566939834492,82.53118103400526,80.9759043027096,3.61,18.0,-0.39
PTON,2024-04-19,3.0,3.1500000953674316,2.9700000286102295,3.0299999713897705,58.67498704355087,82.61669290097706,82.24792656355791,82.28487861624885,80.90362886443793,3.62,20.0,-0.43
PTON,2024-04-22,3.049999952316284,3.0799999237060547,2.9200000762939453,3.049999952316284,57.216301264364745,82.46404307721764,82.1316896815881,82.2954024487104,80.79697444827232,3.63,18.0,-0.46
PTON,2024-04-23,3.049999952316284,3.2799999713897705,3.0399999618530273,3.130000114440918,58.10059513211898,82.77781068902053,82.03471021894438,82.26420132951134,80.71377861792712,3.64,17.0,-0.5
PTON,2024-04-24,3.1500000953674316,3.1700000762939453,3.0,3.059999942779541,58.158266479102295,81.78421148492949,81.71646037479616,82.26206684789446,80.72757920375831,3.65,14.0,-0.54
PTON,2024-04-25,3.0,3.059999942779541,2.9100000858306885,3.0299999713897705,57.09817320498568,81.38328825185877,81.63417049540828,82.25205567134944,80.54736140851155,3.66,14.0,-0.56
PTON,2024-04-26,3.059999942779541,3.234999895095825,3.0199999809265137,3.1600000858306885,59.240036753159586,81.79506450787197,80.4060850700933,82.34646262649166,80.65483517564218,3.69,12.0,-0.62
PTON,2024-04-29,3.190000057220459,3.3350000381469727,3.1600000858306885,3.299999952316284,61.27215930264225,60.42832195543751,80.69626508245015,82.5392143732191,80.76274734278073,3.71,13.0,-0.68
PTON,2024-04-30,3.200000047683716,3.299999952316284,3.1050000190734863,3.109999895095825,62.70535960888086,61.42850597466008,80.46034435961415,82.48068428475483,80.93320974998518,3.73,13.0,-0.73
PTON,2024-05-01,3.1470000743865967,3.384999990463257,3.075000047683716,3.2200000286102295,63.98340263976162,61.13216435104085,80.5180714305784,82.53951332746361,80.98730150994653,3.75,14.0,-0.78
PTON,2024-05-02,3.609999895095825,3.799999952316284,2.700000047683716,3.130000114440918,62.181458053994184,58.41196298934741,80.54911883225525,82.46779159320937,80.88106532411842,3.77,15.0,-0.83
PTON,2024-05-03,3.1700000762939453,3.609999895095825,3.1700000762939453,3.424999952316284,68.8326950282037,61.601451289697195,81.98009048366565,83.17175488790357,81.3748251213543,3.77,22.0,-0.83
PTON,2024-05-06,3.390000104904175,3.6700000762939453,3.369999885559082,3.5399999618530273,68.74791954310437,61.642561871261606,81.91927097132321,83.15169345310437,80.21587760893082,3.77,21.0,-0.83
PTON,2024-05-07,4.130000114440918,4.190000057220459,3.8499999046325684,4.090000152587891,81.34955945442589,68.73866410301561,85.07411023069943,84.94962487595879,81.52317597060414,3.76,53.0,-0.79
PTON,2024-05-08,3.940000057220459,3.950000047683716,3.740000009536743,3.940000057220459,82.04328620718098,68.0623886906241,84.08784087723619,85.04515091054935,81.50850777631034,3.76,42.0,-0.78
PTON,2024-05-09,3.950000047683716,4.46999979019165,3.940000057220459,4.460000038146973,88.06517052070338,71.12481704579523,85.3852904872639,86.36593797776744,82.43311435286166,3.76,53.0,-0.78
PTON,2024-05-10,4.46999979019165,4.510000228881836,4.170000076293945,4.210000038146973,89.22084842151864,71.09281913889598,85.51122781670028,81.19418832586467,82.53760096495924,3.76,53.0,-0.77
PTON,2024-05-13,4.329999923706055,4.539999961853027,4.190000057220459,4.190000057220459,89.22895656636712,71.07187907286799,85.45577240773869,81.1580407118304,82.0322079291248,3.76,52.0,-0.76
PTON,2024-05-14,4.360000133514404,4.809999942779541,4.195000171661377,4.230000019073486,87.88689560111092,70.92589893332405,84.8164939644182,80.8845987108534,82.0290036246496,3.76,49.0,-0.76
PTON,2024-05-15,4.320000171661377,4.380000114440918,4.045000076293945,4.070000171661377,88.61780264625757,70.82607958343795,84.20917518635748,80.99714147219242,81.79463151076808,3.76,44.0,-0.74
PTON,2024-05-16,4.03000020980835,4.179999828338623,3.819999933242798,3.890000104904175,88.06872826630759,71.33819695349005,84.17301030220891,81.02476439264717,81.67551219066576,3.75,42.0,-0.73
PTON,2024-05-17,3.859999895095825,4.054999828338623,3.815000057220459,3.9200000762939453,86.69904107599488,71.36327662175715,84.08601632012953,80.96320362236563,81.64323636408629,3.75,38.0,-0.72
PTON,2024-05-20,3.890000104904175,4.0,3.7699999809265137,3.9100000858306885,86.24101307598261,71.24177911521375,83.85691219142183,80.9095437369095,81.58247749222981,3.75,35.0,-0.71
PTON,2024-05-21,3.5899999141693115,3.5899999141693115,3.240000009536743,3.2699999809265137,99.2819863679217,79.14816577931106,88.08521925949191,83.47115630792985,83.43632825100474,3.76,76.0,-0.7
PTON,2024-05-22,3.2899999618530273,3.5299999713897705,3.2699999809265137,3.430000066757202,98.00633002159175,79.60790205171206,88.49041325934368,83.68651060897066,83.55371387263956,3.77,78.0,-0.69
PTON,2024-05-23,3.4100000858306885,3.440000057220459,3.180000066757202,3.2300000190734863,99.2014927195263,80.38508163830396,88.82086065283309,83.49810598497321,83.74475639868773,3.79,84.0,-0.69
PTON,2024-05-24,3.259999990463257,3.2899999618530273,3.1500000953674316,3.1500000953674316,98.59945438458243,80.37338095618256,88.6524085774156,83.3777347816112,83.74075288900565,3.8,82.0,-0.68
PTON,2024-05-28,3.200000047683716,3.25,2.9600000381469727,2.990000009536743,97.31492810282882,80.76833726295702,88.19985362509391,83.25052881962642,83.8809706440285,3.81,73.0,-0.68
PTON,2024-05-29,2.930000066757202,3.1600000858306885,2.9100000858306885,3.140000104904175,96.93772530337567,80.9256571249941,85.91031574296439,83.44875643680373,84.03639617415098,3.81,51.0,-0.68
PTON,2024-05-30,3.1500000953674316,3.4800000190734863,3.1449999809265137,3.4700000286102295,101.12025868542287,83.68101289579666,86.15424346121702,84.3118565953815,84.6266518929126,3.81,52.0,-0.67
PTON,2024-05-31,3.5,3.640000104904175,3.450000047683716,3.640000104904175,101.82104547171411,84.02330544488635,86.55969984291107,84.37825644589584,84.70636780713801,3.8,55.0,-0.67
PTON,2024-06-03,3.700000047683716,3.7899999618530273,3.5899999141693115,3.6500000953674316,101.71833604315768,83.79960843280854,85.87843673185766,84.37976370914461,84.4738764362543,3.79,51.0,-0.66
PTON,2024-06-04,3.5999999046325684,3.7100000381469727,3.555000066757202,3.619999885559082,101.8044035451764,83.42170408640857,85.87793222141367,84.35072704655549,84.06804869983087,3.79,51.0,-0.66
PTON,2024-06-05,3.6500000953674316,3.809999942779541,3.6500000953674316,3.7799999713897705,102.2268431352532,83.96334124981564,86.1803316679847,83.93671808011055,84.17345786728868,3.78,55.0,-0.65
PTON,2024-06-06,3.7699999809265137,3.8399999141693115,3.7300000190734863,3.740000009536743,101.99115933311415,83.94310291034563,86.12140240451164,83.82725387875031,84.16701685315839,3.77,54.0,-0.64
PTON,2024-06-07,3.6449999809265137,3.7200000286102295,3.5999999046325684,3.6600000858306885,102.2138449311148,83.45285680125842,86.16438865146434,83.80454804298388,84.17130702636932,3.76,56.0,-0.63
PTON,2024-06-10,3.619999885559082,3.700000047683716,3.5799999237060547,3.640000104904175,101.69739645132564,83.42529479426769,86.16323560317497,83.6540365773835,84.15251088944977,3.69,55.0,-0.55
PTON,2024-06-11,3.569999933242798,3.630000114440918,3.509999990463257,3.5799999237060547,101.20166377643791,83.46859086164257,86.18277149042761,83.6739992527719,84.15112807226485,3.62,57.0,-0.46
PTON,2024-06-12,3.7899999618530273,3.990000009536743,3.7850000858306885,3.8399999141693115,101.26091647481749,84.77600512085695,86.8217533819806,84.08940496438362,84.13473457884618,3.53,64.0,-0.38
PTON,2024-06-13,3.869999885559082,3.890000104904175,3.6449999809265137,3.7100000381469727,101.59977578346002,84.92653756702921,86.51392700587887,83.99401517192783,83.97588187741232,3.45,57.0,-0.29
PTON,2024-06-14,3.6500000953674316,3.869999885559082,3.619999885559082,3.809999942779541,101.29324283391152,84.60406981335464,86.65431963363929,84.05369009186525,83.98124252913863,3.36,59.0,-0.21
PTON,2024-06-17,3.799999952316284,3.984999895095825,3.7750000953674316,3.950000047683716,98.59810934767424,84.96182522624368,86.83840420591376,83.92984898083917,83.73959908838133,3.27,65.0,-0.15
PTON,2024-06-18,3.9200000762939453,3.940000057220459,3.7799999713897705,3.7899999618530273,99.10000430750242,84.79972130718623,86.96507844778357,83.98023513262697,83.76085960570163,3.17,67.0,-0.11
PTON,2024-06-20,3.759999990463257,3.7950000762939453,3.619999885559082,3.630000114440918,90.23505189415667,85.21785182426478,87.18065027346549,83.74559555913524,83.75184023240787,3.06,67.0,-0.13
PTON,2024-06-21,3.630000114440918,3.6500000953674316,3.5230000019073486,3.609999895095825,89.68150555625857,85.22039697108822,86.7043635951072,83.45189155794624,83.34017252804254,2.96,58.0,-0.14
PTON,2024-06-24,3.5899999141693115,3.7300000190734863,3.4600000381469727,3.630000114440918,81.29783133041151,84.22323404743328,86.41802968547833,83.3478485944351,83.34331922885492,2.83,51.0,-0.36
PTON,2024-06-25,3.609999895095825,3.609999895095825,3.319999933242798,3.369999885559082,82.33770915815974,85.29302218296162,86.90186219704988,83.74572398465664,83.6086844440367,2.7,65.0,-0.82
PTON,2024-06-26,3.3499999046325684,3.4600000381469727,3.3399999141693115,3.4600000381469727,82.91684448892713,85.51832525699712,75.19628815671659,83.81444488746375,83.65778410665439,2.89,1.0,0.46
PTON,2024-06-27,3.430000066757202,3.515000104904175,3.4100000858306885,3.440000057220459,82.78064586892651,84.90308172796837,75.18459452971975,83.81008681761827,83.57021324475616,3.07,1.0,1.02
PTON,2024-06-28,3.4700000286102295,3.490000009536743,3.190000057220459,3.380000114440918,82.30537691634116,84.95253162411971,74.77844490288366,83.79711368412008,83.54840927379027,3.25,1.0,1.34
PTON,2024-07-01,3.369999885559082,3.4200000762939453,3.180000066757202,3.25,82.07565026077282,84.56988597195259,73.67984081789017,83.70467982420263,83.58933469861633,3.43,1.0,1.69
PTON,2024-07-02,3.259999990463257,3.4000000953674316,3.200000047683716,3.390000104904175,83.17644495960312,84.44637935049988,74.02376971525668,83.31828808449151,83.6454065685573,3.59,2.0,1.7
PTON,2024-07-03,3.390000104904175,3.4100000858306885,3.299999952316284,3.369999885559082,83.17411785323834,84.15820838048785,73.8245201890749,83.20802453532808,83.38093023837439,3.74,2.0,1.63
PTON,2024-07-05,3.369999885559082,3.490000009536743,3.2899999618530273,3.4600000381469727,65.24291531769354,83.54663263453887,73.96235757632104,82.928793510538,83.43031194449316,3.89,3.0,1.45
PTON,2024-07-08,3.5,3.5999999046325684,3.424999952316284,3.5899999141693115,64.65116034060549,82.36474139201853,73.64618706543277,83.0462073541915,83.2653514582147,4.03,1.0,1.28
PTON,2024-07-09,3.5999999046325684,3.630000114440918,3.390000104904175,3.549999952316284,62.106454440171774,82.29542835493271,72.67530768745803,82.50813297714423,83.10185261940327,4.18,1.0,1.19
PTON,2024-07-10,3.5999999046325684,3.619999885559082,3.4800000190734863,3.559999942779541,61.52824210859846,81.7372238661995,72.0616131091617,82.50982635026455,82.99640157107659,4.33,1.0,1.11
PTON,2024-07-11,3.680000066757202,3.75,3.4049999713897705,3.4700000286102295,59.88092314026085,80.37331973013721,72.14209217708779,82.54581662028212,82.57779529169537,4.47,2.0,0.98
PTON,2024-07-12,3.549999952316284,3.75,3.515000104904175,3.634999990463257,59.72583244433836,79.90546334236801,72.46818862222612,82.67744655944676,82.6212312433678,4.59,3.0,0.82
PTON,2024-07-15,3.6500000953674316,3.9200000762939453,3.6500000953674316,3.7699999809265137,53.45185258674926,80.19422649136669,72.43157399183595,82.72945815029135,82.70110837674164,4.7,3.0,0.65
PTON,2024-07-16,3.7699999809265137,3.9800000190734863,3.759999990463257,3.940000057220459,53.18931900685557,80.57802757976101,72.75039219226235,82.77430458907425,82.27579284288896,4.79,6.0,0.47
PTON,2024-07-17,3.859999895095825,4.039999961853027,3.799999952316284,3.8949999809265137,53.346585552193524,80.59091102106287,72.76972098548715,82.64101166350518,82.2575531226918,4.88,7.0,0.3
PTON,2024-07-18,3.815000057220459,3.9600000381469727,3.6649999618530273,3.690000057220459,55.723634283774146,81.46759850904546,73.18695806824547,82.78705304997791,82.40309457113906,4.95,8.0,0.13
PTON,2024-07-19,3.680000066757202,3.7899999618530273,3.5799999237060547,3.5899999141693115,54.786214812808645,81.5660642680658,72.83987576658684,82.36577165551786,81.8768330365047,5.03,8.0,-0.03
PTON,2024-07-22,3.5799999237060547,3.640000104904175,3.450000047683716,3.630000114440918,54.84055209740109,81.4188509185866,72.70892539797005,82.30656913817882,81.73889427636063,5.11,6.0,-0.17
PTON,2024-07-23,3.5999999046325684,3.7300000190734863,3.5199999809265137,3.5899999141693115,54.580487188794535,81.42742185616807,72.70311447461145,82.30196623648881,81.7324746053622,5.19,6.0,-0.31
PTON,2024-07-24,3.5199999809265137,3.569999933242798,3.390000104904175,3.430000066757202,56.10612794626307,81.60586779245001,72.92838149401668,81.15491948881241,81.72432373216787,5.25,11.0,-0.44
PTON,2024-07-25,3.4200000762939453,3.5899999141693115,3.4000000953674316,3.450000047683716,55.974051730083595,81.14230352988528,72.86900113039194,81.02919573321574,81.70615919625652,5.31,11.0,-0.55
PTON,2024-07-26,3.5,3.609999895095825,3.4700000286102295,3.5999999046325684,53.43465896513323,80.60652145421496,72.72181978383718,81.09527575767807,81.76707462428384,5.36,8.0,-0.66
PTON,2024-07-29,3.630000114440918,3.6700000762939453,3.5199999809265137,3.6500000953674316,52.72587888036906,80.36161314817853,72.69949586306512,81.04510660028203,81.63565694083506,5.41,6.0,-0.76
PTON,2024-07-30,3.680000066757202,3.694999933242798,3.559999942779541,3.6700000762939453,52.13301666866762,80.1129937850415,72.50561546862244,80.98283870741724,81.48434408803737,5.46,5.0,-0.86
PTON,2024-07-31,3.680000066757202,3.7750000953674316,3.5,3.559999942779541,51.555027361521276,78.28232043223933,72.49879196849015,80.76932580874828,80.74682947371188,5.51,5.0,-0.95
PTON,2024-08-01,3.559999942779541,3.5799999237060547,3.259999990463257,3.319999933242798,53.97391508120872,79.29526615173964,73.03271835500087,81.14968376699989,81.01228117925727,5.55,17.0,-1.03
PTON,2024-08-02,3.1600000858306885,3.2799999713897705,3.0999999046325684,3.200000047683716,53.60982365177046,73.58574848206386,73.20662331438388,81.22712298910545,80.88480001498594,5.58,19.0,-1.11
PTON,2024-08-05,2.950000047683716,3.1500000953674316,2.865000009536743,3.0799999237060547,54.50987636874807,73.60250764208537,73.38920840000372,79.4012328389053,80.95550229442618,5.61,20.0,-1.18
PTON,2024-08-06,3.109999895095825,3.119999885559082,3.0299999713897705,3.069999933242798,54.417798105570604,68.59487990489542,73.00551082819854,78.78190700213578,80.86264717183514,5.65,17.0,-1.25
PTON,2024-08-07,3.140000104904175,3.194999933242798,2.9100000858306885,2.9200000762939453,52.16512992623644,68.36887295477001,73.36112975622588,78.86714454703507,80.97068210730602,5.68,21.0,-1.31
PTON,2024-08-08,2.9100000858306885,3.0799999237060547,2.9049999713897705,2.9800000190734863,51.881486238888854,68.58302582596129,73.46093749206784,78.82132949883656,81.00169889321454,5.71,23.0,-1.36
PTON,2024-08-09,2.9800000190734863,3.0299999713897705,2.9100000858306885,2.990000009536743,51.93664521647984,68.53644070375096,73.440553870475,78.82100057565225,80.92734408930473,5.73,23.0,-1.41
PTON,2024-08-12,3.009999990463257,3.009999990463257,2.859999895095825,2.890000104904175,52.506619390577626,68.44992825421197,73.53338817606277,78.76885000307823,80.97594911545498,5.75,25.0,-1.46
PTON,2024-08-13,2.9000000953674316,3.140000104904175,2.884999990463257,3.0199999809265137,53.35686941253635,68.69149353949253,73.5394216642215,78.96722794484901,80.88399329977068,5.77,26.0,-1.5
PTON,2024-08-14,3.1600000858306885,3.180000066757202,2.8299999237060547,2.880000114440918,53.16749731005754,69.21120751269481,73.86041230560349,79.13968743035042,80.95159948190343,5.78,30.0,-1.53
PTON,2024-08-15,2.940000057220459,3.255000114440918,2.934999942779541,3.2100000381469727,62.58182822503278,73.02402792512149,75.64479618799412,80.17356079737407,81.63600770630185,5.77,36.0,-1.55
PTON,2024-08-16,3.2300000190734863,3.2699999809265137,3.1050000190734863,3.2100000381469727,62.02165136127646,63.20834345944457,75.642548194606,80.05034735587981,81.5925339706857,5.76,36.0,-1.57
PTON,2024-08-19,3.200000047683716,3.2699999809265137,3.140000104904175,3.2300000190734863,60.957135926950116,62.42714681458461,75.65552617478365,79.87811743064964,81.49522697225864,5.76,38.0,-1.59
PTON,2024-08-20,3.25,3.265000104904175,3.140000104904175,3.200000047683716,60.939036279586546,61.23080660199199,74.98108729323275,79.82011028917536,81.4756929795548,5.75,34.0,-1.6
PTON,2024-08-21,3.259999990463257,3.380000114440918,3.180000066757202,3.359999895095825,62.77943125098845,61.81519100591186,75.29785535287078,79.21631259314385,81.63968362561953,5.76,37.0,-1.62
PTON,2024-08-22,3.8299999237060547,4.75,3.7200000286102295,4.550000190734863,108.02306914978479,86.65268780829953,89.57490791817047,87.0932484984095,87.18956886466025,5.82,100.0,-1.6
PTON,2024-08-23,4.429999828338623,4.96999979019165,4.119999885559082,4.840000152587891,108.57464213628577,86.95756449589595,89.68305691580979,87.01544929432706,83.59449246352564,5.88,100.0,-1.59
PTON,2024-08-26,4.900000095367432,5.260000228881836,4.849999904632568,4.900000095367432,108.27950175054848,84.79429854158252,89.68639541009425,86.95134786869222,83.58103994913003,5.95,100.0,-1.58
PTON,2024-08-27,4.929999828338623,5.090000152587891,4.739999771118164,4.820000171661377,107.98293678608763,84.45461376067011,89.25234378968415,86.93065473691797,83.40653460386825,6.0,97.0,-1.58
PTON,2024-08-28,4.78000020980835,4.889999866485596,4.480000019073486,4.53000020980835,109.70453673822958,85.55486319723857,89.4352040143314,87.22679950590958,83.62921223408588,6.06,97.0,-1.58
PTON,2024-08-29,4.625,4.78000020980835,4.559999942779541,4.630000114440918,108.34849868439287,85.59901662679698,89.35838450531071,87.09333065065104,83.5743837154877,6.11,96.0,-1.58
PTON,2024-08-30,4.659999847412109,4.880000114440918,4.590000152587891,4.659999847412109,107.84008891395791,85.21152814637121,88.96437297362021,86.97799454539324,83.53372614592915,6.16,94.0,-1.59
PTON,2024-09-03,4.565000057220459,4.650000095367432,4.420000076293945,4.480000019073486,108.73156983245195,85.61792146279232,88.27011162977458,86.50320577165792,83.58789651334163,6.2,90.0,-1.6
PTON,2024-09-04,4.429999828338623,4.710000038146973,4.409999847412109,4.570000171661377,108.65421074226778,85.53046264699645,88.27459324293659,85.94231240592512,83.56903391019482,6.25,90.0,-1.61
PTON,2024-09-05,4.610000133514404,5.0,4.489999771118164,4.769999980926514,107.88073332810661,85.88134148623682,88.15882269946296,85.91962874053604,83.68292049368432,6.3,87.0,-1.63
PTON,2024-09-06,4.809999942779541,5.25,4.46999979019165,4.53000020980835,109.39414739382877,86.546154992002,87.68541256757032,86.08737599451699,83.48823956453172,6.33,85.0,-1.64
PTON,2024-09-09,4.519999980926514,4.570000171661377,4.230000019073486,4.400000095367432,109.4603194348968,85.68982447955898,87.26432081571825,85.80553923691609,83.40888472749481,6.36,84.0,-1.65
PTON,2024-09-10,4.409999847412109,4.460000038146973,4.215000152587891,4.429999828338623,109.43964005869064,85.35135116227957,87.25914373709007,85.35611807592787,83.16005604014397,6.4,83.0,-1.66
PTON,2024-09-11,4.420000076293945,4.539999961853027,4.315000057220459,4.420000076293945,109.46861368908682,85.21473188916123,87.23804373160525,85.21460024207998,83.13232696472205,6.43,82.0,-1.67
PTON,2024-09-12,4.409999847412109,4.460000038146973,4.190000057220459,4.269999980926514,109.59403565166947,85.25388413982522,87.42317938296334,85.23125261954259,83.18919756949506,6.46,84.0,-1.68
PTON,2024-09-13,4.349999904632568,4.75,4.349999904632568,4.730000019073486,110.5894577040535,87.24484748940387,88.82064563672662,86.01263544465102,83.71616304079562,6.51,92.0,-1.69
PTON,2024-09-16,4.730000019073486,4.840000152587891,4.619999885559082,4.71999979019165,109.71788381370035,86.70786578609257,88.75930346559797,85.92138092678252,83.71560454051557,6.55,91.0,-1.7
PTON,2024-09-17,4.730000019073486,4.769999980926514,4.489999771118164,4.599999904632568,109.27110620484109,86.90539010485703,88.78471747486665,85.94866161235323,83.72724182252749,6.6,91.0,-1.71
PTON,2024-09-18,4.610000133514404,4.75,4.414999961853027,4.429999828338623,110.17711892398042,87.32343164357036,89.00519045166841,85.98550327424753,83.38142437145059,6.64,94.0,-1.72
PTON,2024-09-19,4.630000114440918,4.96999979019165,4.630000114440918,4.75,109.76085588307127,86.8424175124264,89.41623609597357,86.24228205465236,83.59616278732362,6.69,96.0,-1.72
PTON,2024-09-20,4.710000038146973,4.925000190734863,4.610000133514404,4.900000095367432,109.84013023601278,86.89587524526742,89.3002699123491,85.83055135145187,83.6084125801735,6.74,94.0,-1.72
PTON,2024-09-23,5.010000228881836,5.070000171661377,4.730000019073486,4.739999771118164,110.72973678651836,87.23285760517555,88.92500078955638,84.48746274901482,83.55927044451936,6.78,90.0,-1.73
PTON,2024-09-24,4.789999961853027,5.179999828338623,4.769999980926514,5.170000076293945,111.58346080961512,88.67348616271052,89.7606690389303,84.41089802876321,84.0063902276142,6.83,100.0,-1.73
PTON,2024-09-25,5.159999847412109,5.210000038146973,4.849999904632568,4.880000114440918,113.51209918619406,89.16599518908266,90.15658662486652,84.64668810835254,84.20044930277135,6.88,100.0,-1.72
PTON,2024-09-26,5.010000228881836,5.105000019073486,4.75,4.96999979019165,111.90599287568799,88.89483262841088,89.13549007534932,84.23989002136439,84.0924333818857,6.92,90.0,-1.73
PTON,2024-09-27,5.119999885559082,5.130000114440918,4.800000190734863,4.809999942779541,109.46218979829342,89.22230773925222,89.19636234830283,84.32264403490392,84.15482179798126,6.96,90.0,-1.73
PTON,2024-09-30,4.789999961853027,4.860000133514404,4.659999847412109,4.679999828338623,110.04191410187228,89.37665902225392,86.39157927502899,84.3453746787068,84.03570192502012,6.97,59.0,-1.73
PTON,2024-10-01,4.650000095367432,4.679999828338623,4.320000171661377,4.340000152587891,112.95663691174312,90.62214277395599,87.03455924247162,84.75276125183623,84.31580131795137,6.99,68.0,-1.74
PTON,2024-10-02,4.25,4.71999979019165,4.25,4.619999885559082,113.81294520906864,91.37931336502227,85.35448007948322,85.09170256520243,84.29556485796775,6.99,46.0,-1.74
PTON,2024-10-03,4.545000076293945,4.690000057220459,4.489999771118164,4.659999847412109,113.2862528325371,91.38278166739909,84.85437692909356,85.0997342301627,84.080572293599,6.98,46.0,-1.73
PTON,2024-10-04,4.829999923706055,4.885000228881836,4.599999904632568,4.699999809265137,71.82786075424376,91.17020140643287,84.8576127143529,85.10754779111427,84.01498983878368,6.98,47.0,-1.73
PTON,2024-10-07,4.710000038146973,4.769999980926514,4.519999980926514,4.579999923706055,69.85585484270676,90.97208144789471,84.95465387716351,85.04112877709122,84.0201029532308,6.98,47.0,-1.73
PTON,2024-10-08,4.599999904632568,4.670000076293945,4.540999889373779,4.579999923706055,69.7299751918664,90.72030665192707,84.72017817472714,84.81728962615644,84.01997701782345,6.98,44.0,-1.73
PTON,2024-10-09,4.579999923706055,4.920000076293945,4.570000171661377,4.71999979019165,70.2099817114479,90.49611693880443,84.5134890912372,84.89636871403489,84.07319921114664,6.99,43.0,-1.73
PTON,2024-10-10,4.619999885559082,4.760000228881836,4.570000171661377,4.739999771118164,67.7623028613218,90.44588220895693,84.50928732247507,84.86037621342105,84.05570289513717,6.99,42.0,-1.73
PTON,2024-10-11,4.739999771118164,4.940000057220459,4.739999771118164,4.909999847412109,68.2213738063982,89.87764364062294,84.6713698856521,84.93551303909021,83.99905929096244,6.99,43.0,-1.73
PTON,2024-10-14,4.920000076293945,5.489999771118164,4.75,5.400000095367432,73.37510793710862,91.49689323302884,80.84206537675337,85.69249096965056,84.12280792048539,6.96,41.0,-1.74
PTON,2024-10-15,5.599999904632568,5.599999904632568,5.099999904632568,5.210000038146973,73.19470723208677,91.90718628108642,80.8058032166699,85.56582602490727,84.11116412104276,6.93,41.0,-1.73
PTON,2024-10-16,5.28000020980835,5.320000171661377,5.150000095367432,5.260000228881836,73.07356749501707,91.84043789755208,80.14969012685626,85.37167334582728,83.88833461399105,6.89,41.0,-1.73
PTON,2024-10-17,5.230000019073486,5.306000232696533,5.150000095367432,5.269999980926514,72.17426809481111,91.20638922585054,80.00731846036483,85.21554319481237,83.8830418857331,6.86,41.0,-1.73
PTON,2024-10-18,5.349999904632568,6.184999942779541,5.349999904632568,5.840000152587891,75.73616604033283,93.28310007634116,80.95562038868633,79.45403511594513,84.10281341532885,6.83,45.0,-1.73
PTON,2024-10-21,5.789999961853027,5.909999847412109,5.380000114440918,5.480000019073486,77.85499920533913,94.17445064510866,81.43101031004466,79.82765945036907,84.34864518723569,6.81,46.0,-1.73
PTON,2024-10-22,5.6579999923706055,5.885000228881836,5.315000057220459,5.650000095367432,78.14505827068118,94.28860511114172,80.11874477519585,79.63488203410682,84.39638230310126,6.8,42.0,-1.72
PTON,2024-10-23,5.630000114440918,6.320000171661377,5.550000190734863,6.269999980926514,82.85874605412606,96.35253706848547,81.37543803436357,79.93607483489137,84.97403887114358,6.77,47.0,-1.72
PTON,2024-10-24,6.269999980926514,6.389999866485596,6.045000076293945,6.139999866485596,82.29279924760317,96.20662532872262,81.4822739383831,79.98214925221328,84.96196625848431,6.76,49.0,-1.71
PTON,2024-10-25,6.170000076293945,6.389999866485596,6.110000133514404,6.28000020980835,77.82082669468527,94.82419152177309,81.49950454469041,79.94300488136386,84.88883210016024,6.74,50.0,-1.71
PTON,2024-10-28,6.429999828338623,6.489999771118164,6.309999942779541,6.400000095367432,77.78808301717095,94.31991541202927,81.30402915420089,79.96809401365034,84.79710132002637,6.72,47.0,-1.7
PTON,2024-10-29,6.409999847412109,6.789999961853027,6.260000228881836,6.78000020980835,78.19923878655445,94.20594973133912,81.6862681604831,79.98841251870974,84.90668754140103,6.71,52.0,-1.69
PTON,2024-10-30,6.670000076293945,6.900000095367432,6.46999979019165,6.650000095367432,77.34586544688827,94.3834181441887,81.66761963545923,79.46584372726,84.62301987835868,6.69,52.0,-1.68
PTON,2024-10-31,7.880000114440918,8.920000076293945,7.670000076293945,8.5,101.44899888867853,104.8180775696818,90.05577578460941,84.27890657770509,88.03430869607833,6.73,99.0,-1.68
PTON,2024-11-01,8.470000267028809,8.760000228881836,7.210000038146973,7.25,113.76653623556166,110.90464416058752,93.82636305117249,86.42634577157324,89.49666983060366,6.83,100.0,-1.64
PTON,2024-11-04,7.840000152587891,7.989999771118164,7.360000133514404,7.510000228881836,113.07544866323593,110.95630783835226,93.39211671368413,86.44579200810392,88.75276327572624,6.91,99.0,-1.61
PTON,2024-11-05,7.420000076293945,8.024999618530273,7.369999885559082,7.659999847412109,111.04304923300145,110.48072050479607,93.18040555309702,86.29844874271917,88.66835379546043,7.0,98.0,-1.59
PTON,2024-11-06,7.730000019073486,8.005000114440918,7.434999942779541,7.929999828338623,109.13374106445363,110.39691557578143,93.23165385735918,86.34759249819226,88.64456258550779,7.08,98.0,-1.58
PTON,2024-11-07,7.929999828338623,8.270000457763672,7.820000171661377,8.020000457763672,109.14090351099428,109.60600594099338,93.11999840448459,86.34983419813433,88.59070147382106,7.15,96.0,-1.57
PTON,2024-11-08,7.96999979019165,8.949999809265137,7.940000057220459,8.899999618530273,111.0272244005007,109.45396507929024,94.05261016459843,87.1495035045346,89.12121739456596,7.24,100.0,-1.55
PTON,2024-11-11,8.920000076293945,8.96500015258789,8.369999885559082,8.579999923706055,111.40439724689001,109.95294282802321,93.96713897119974,87.11309272849547,88.99569138849091,7.33,99.0,-1.53
PTON,2024-11-12,8.350000381469727,8.520000457763672,8.204999923706055,8.3100004196167,108.84581003189935,110.38152380212085,94.16195807975595,87.16444395432568,89.05308086190054,7.42,100.0,-1.52
PTON,2024-11-13,8.449999809265137,8.680000305175781,8.229999542236328,8.3100004196167,108.31296896639968,110.30750410615416,94.17024302393754,87.14446664676974,89.02483843158214,7.51,100.0,-1.52
PTON,2024-11-14,8.319999694824219,8.454999923706055,7.989999771118164,8.0,109.55890884982699,110.63627635280544,93.53388221470348,87.21185108909887,87.93525633992476,7.58,95.0,-1.52
PTON,2024-11-15,8.029999732971191,8.050000190734863,7.614999771118164,7.75,110.48008388393858,93.22604693921355,93.70846842208952,87.29247624595125,87.64344993059109,7.65,95.0,-1.53
PTON,2024-11-18,7.710000038146973,7.809999942779541,7.360000133514404,7.579999923706055,110.36193740760231,92.77765863521667,93.8061888921719,87.06378298946508,87.58451189337303,7.71,95.0,-1.52
PTON,2024-11-19,7.429999828338623,7.960000038146973,7.309999942779541,7.940000057220459,110.56754072572375,93.11592241538064,93.91347677983275,87.16683842305993,87.655549865078,7.76,96.0,-1.52
PTON,2024-11-20,7.869999885559082,8.420000076293945,7.769999980926514,8.359999656677246,110.9397184699247,93.39408901636669,93.84377908942876,87.28598075363084,87.7984001460206,7.79,95.0,-1.51
PTON,2024-11-21,8.319999694824219,9.194999694824219,8.260000228881836,9.0600004196167,112.24452211809124,93.31679525638454,94.37797068619555,87.71591747167548,88.03860876348804,7.83,100.0,-1.5
PTON,2024-11-22,9.399999618530273,9.779999732971191,9.210000038146973,9.539999961853027,112.51775415929495,93.65608062545104,94.5754111315815,87.82204886606748,88.1773757090229,7.87,100.0,-1.49
PTON,2024-11-25,9.829999923706055,9.880000114440918,9.449999809265137,9.579999923706055,110.46010393385014,93.66303893867054,94.54571819108463,87.82157630818581,88.17197668892194,7.9,99.0,-1.47
PTON,2024-11-26,9.430000305175781,10.100000381469727,9.420000076293945,9.649999618530273,109.29791849335729,93.05542489085984,94.44966275298621,87.79355759109943,88.145730436653,7.92,98.0,-1.45
PTON,2024-11-27,9.550000190734863,9.8100004196167,9.279999732971191,9.729999542236328,109.309884505958,93.04804936705017,94.38954114762714,87.55134922781562,88.08824340526623,7.92,97.0,-1.43
PTON,2024-11-29,9.859999656677246,10.390000343322754,9.760000228881836,10.34000015258789,109.7710190053646,93.36986505982506,94.72420567418132,87.77808692710607,88.19339386634178,7.91,100.0,-1.41
PTON,2024-12-02,10.359999656677246,10.359999656677246,9.359999656677246,9.550000190734863,110.89292842642789,94.36119981060973,95.63097343193368,88.33268913024712,88.51486390853469,7.91,100.0,-1.38
PTON,2024-12-03,9.529999732971191,10.399999618530273,9.510000228881836,9.859999656677246,108.33001800236582,94.04210484868692,95.51833375334431,88.3910282110304,88.08067994608348,7.9,99.0,-1.35
PTON,2024-12-04,9.84000015258789,9.947999954223633,9.369999885559082,9.539999961853027,109.33162497690515,94.51464569384551,95.66435526674917,88.4418509391788,88.13213468629696,7.89,100.0,-1.32
PTON,2024-12-05,9.5,9.725000381469727,9.279999732971191,9.649999618530273,106.20301141986432,94.46317311397883,95.5021150534606,88.323171370085,87.82744636934027,7.87,97.0,-1.28
PTON,2024-12-06,9.9399995803833,10.585000038146973,9.930000305175781,10.010000228881836,105.84933262130266,94.05835024936229,95.54534121699189,88.39134491153884,87.85102219996686,7.85,98.0,-1.25
PTON,2024-12-09,10.020000457763672,10.260000228881836,9.770000457763672,10.0,105.94838030001131,92.29106209774542,95.01741991694604,88.16589203015938,87.81490829608872,7.82,95.0,-1.21
PTON,2024-12-10,9.789999961853027,10.109999656677246,9.425000190734863,9.5,107.69177356865669,93.169304585523,95.33106398391502,88.40461690731797,87.97675206599244,7.79,95.0,-1.17
PTON,2024-12-11,9.739999771118164,10.097999572753906,9.46399974822998,9.789999961853027,106.9951546939611,92.91395250445711,95.38554808512532,88.4520201300357,87.87827744836734,7.74,95.0,-1.13
PTON,2024-12-12,9.75,10.0600004196167,9.3100004196167,9.350000381469727,107.95257510641454,93.12175902938966,95.7414435042782,88.40345661623024,87.91151875723946,7.7,100.0,-1.08
PTON,2024-12-13,9.420000076293945,9.699999809265137,9.239999771118164,9.579999923706055,82.24876751075807,92.39035665905794,95.35849424944811,88.33581510012722,87.55289831920564,7.64,93.0,-1.03
PTON,2024-12-16,9.569999694824219,10.329999923706055,9.430000305175781,10.25,68.24559269839794,93.01860551242777,95.78843413533801,88.64821987995535,87.41449663964418,7.58,100.0,-0.98
PTON,2024-12-17,10.170000076293945,10.895000457763672,10.149999618530273,10.569999694824219,68.12239405151512,92.60484047545808,95.70731318034686,88.4344642112445,87.31155707532427,7.51,98.0,-0.93
PTON,2024-12-18,10.699999809265137,10.770000457763672,9.300000190734863,9.4399995803833,77.00272199987775,94.86514365460135,97.7031584795196,89.52534565694542,88.0334610734223,7.46,100.0,-0.87
PTON,2024-12-19,9.59000015258789,9.75,9.199999809265137,9.229999542236328,76.99888167437932,94.06164804590061,97.83331409718181,89.2915398988318,87.85251721948565,7.4,100.0,-0.82
PTON,2024-12-20,9.0600004196167,9.5600004196167,8.930000305175781,9.380000114440918,77.04559093108905,94.05519919741992,97.63191876408709,89.05128596081411,87.5170232593233,7.33,98.0,-0.77
PTON,2024-12-23,9.289999961853027,9.350000381469727,8.9399995803833,9.270000457763672,71.22126365719484,93.74088635320857,96.86108899639017,89.01448028122529,87.44482862277543,7.25,97.0,-0.72
PTON,2024-12-24,9.319999694824219,9.510000228881836,9.199999809265137,9.359999656677246,70.33450680735065,93.40064822248219,96.56657982179564,88.82062325607353,87.3860300297909,7.15,96.0,-0.66
PTON,2024-12-26,9.350000381469727,10.329999923706055,9.319999694824219,10.270000457763672,74.14973018220668,93.07122668241388,97.11382062679911,88.86489852463868,87.79846537184066,7.06,97.0,-0.6
PTON,2024-12-27,10.119999885559082,10.3100004196167,9.289999961853027,9.390000343322754,79.26014823132155,94.91110706210748,98.41811939822064,89.56290587566961,88.2229943524351,6.97,100.0,-0.56
PTON,2024-12-30,9.140000343322754,9.255000114440918,8.779999732971191,8.960000038146973,79.70916168510185,95.66943061001082,98.36842303933707,89.56371470148343,88.33572465718964,6.88,99.0,-0.52
PTON,2024-12-31,9.0600004196167,9.085000038146973,8.640000343322754,8.699999809265137,79.62277046037816,96.0254819863898,98.56812565836897,89.13754548224098,88.33116137204726,6.78,100.0,-0.48
PTON,2025-01-02,8.800000190734863,8.979999542236328,8.270000457763672,8.829999923706055,79.2930876829206,95.73328986754815,98.5631430408157,88.80904451394885,88.21622258595886,6.67,99.0,-0.47
PTON,2025-01-03,9.0600004196167,9.5,8.949999809265137,9.069999694824219,78.60665863028628,95.76013715151805,98.33140684572408,88.83711669041013,87.8824953073272,6.55,96.0,-0.46
PTON,2025-01-06,9.25,9.369999885559082,8.770000457763672,8.90999984741211,77.55759824649469,95.86334961796351,98.29983929934137,88.86226609147491,86.95292521632535,6.41,95.0,-0.49
PTON,2025-01-07,8.920000076293945,9.020000457763672,8.550000190734863,8.739999771118164,74.11867928232408,96.05064693220379,97.97559735352695,88.8927826820817,86.50188923221249,6.27,94.0,-0.54
PTON,2025-01-08,8.539999961853027,8.819999694824219,8.220000267028809,8.630000114440918,72.4608067568099,96.01896898023764,96.79091422639698,88.91982846875422,86.48820969506197,6.14,88.0,-0.53
PTON,2025-01-10,8.380000114440918,8.869999885559082,8.1899995803833,8.859999656677246,72.94238090843659,94.4171037962683,96.8125612849186,88.9211497069108,86.1953294486208,6.01,88.0,-0.53
PTON,2025-01-13,8.6899995803833,8.970000267028809,8.350000381469727,8.960000038146973,72.99774673962172,93.97037699492601,96.81063656074316,88.85912678830614,86.20027253138034,5.86,87.0,-0.58
PTON,2025-01-14,9.0600004196167,9.229999542236328,8.5600004196167,8.729999542236328,73.23515420860276,94.24418505914288,96.93238125201052,88.92014663646596,86.21351000269331,5.68,89.0,-0.73
PTON,2025-01-15,9.140000343322754,9.279999732971191,8.880000114440918,8.970000267028809,71.28507993298089,94.31109444016836,96.77275975427771,88.85240185240048,86.20893969115969,5.5,84.0,-0.96
PTON,2025-01-16,9.020000457763672,9.020000457763672,8.4399995803833,8.489999771118164,69.38228854114405,93.13957413514025,85.13826901130972,89.02902912544788,86.39383018230389,5.53,21.0,-1.0
PTON,2025-01-17,8.619999885559082,8.645000457763672,8.114999771118164,8.270000457763672,68.8160219554112,92.25297759732226,84.82262457596946,88.77722974108502,86.43785033455741,5.56,18.0,-1.05
PTON,2025-01-21,8.399999618530273,8.539999961853027,8.260000228881836,8.4399995803833,68.72504856792928,92.1647182451195,84.84896603014953,88.72657389650678,86.45799818307532,5.59,19.0,-1.09
PTON,2025-01-22,8.4399995803833,8.649999618530273,8.260000228881836,8.350000381469727,68.58956002748391,89.9579275347634,84.8161401164411,88.65679888840205,86.37245694024128,5.62,18.0,-1.13
PTON,2025-01-23,8.210000038146973,8.600000381469727,8.15999984741211,8.449999809265137,67.65926890917369,89.80847904397243,84.12664791159425,88.08709109295839,86.23777896410469,5.66,14.0,-1.17
PTON,2025-01-24,8.460000038146973,8.84000015258789,8.335000038146973,8.399999618530273,67.64492736539461,89.76485100812492,84.1110644335202,88.03329855843454,86.23694352089404,5.69,14.0,-1.21
PTON,2025-01-27,8.210000038146973,8.555000305175781,8.130000114440918,8.220000267028809,66.44825676559347,89.8782670533054,84.22517000782918,86.50511197660006,86.23439383828992,5.73,16.0,-1.25
PTON,2025-01-28,8.220000267028809,8.449999809265137,8.069999694824219,8.319999694824219,65.82930652806054,89.20210163030909,83.91991050079278,86.37098517221719,86.2227495933719,5.76,14.0,-1.28
PTON,2025-01-29,8.300000190734863,8.390000343322754,7.800000190734863,8.050000190734863,65.23861194886558,89.3942431941162,84.11978197312196,85.29560052965955,86.29133479232979,5.79,16.0,-1.31
PTON,2025-01-30,8.149999618530273,8.25,7.949999809265137,8.069999694824219,64.69151796882828,73.77308679409977,83.90953279175902,84.98668896335754,86.14077958982789,5.82,14.0,-1.34
PTON,2025-01-31,8.180000305175781,8.34000015258789,7.670000076293945,7.75,61.55445466082353,66.56173779586142,83.7354292241207,85.14105256294704,86.08715502995545,5.86,14.0,-1.37
PTON,2025-02-03,7.53000020980835,7.579999923706055,7.199999809265137,7.320000171661377,61.84968886964032,67.2258314190416,84.14528003829811,85.43804270211773,86.16602839241396,5.88,20.0,-1.39
PTON,2025-02-04,7.289999961853027,7.440000057220459,7.190000057220459,7.309999942779541,54.00289268658265,67.09394630016891,84.15104588920079,85.29628004464831,81.47890030027739,5.9,21.0,-1.41
PTON,2025-02-05,7.315999984741211,7.710000038146973,7.309999942779541,7.579999923706055,55.350683488939914,67.13149510915495,84.28850554249762,85.1891098700871,81.5487345986631,5.93,23.0,-1.43
PTON,2025-02-06,8.90999984741211,9.755000114440918,8.199999809265137,8.489999771118164,65.12797800253016,71.05885356018675,85.76259891318541,86.17083539773161,82.1092294896568,5.94,36.0,-1.44
PTON,2025-02-07,8.65999984741211,8.829999923706055,8.229999542236328,8.369999885559082,65.1593771828866,67.7839751954066,84.44674867261257,86.1949834053243,81.70474985646902,5.96,24.0,-1.46
PTON,2025-02-10,8.550000190734863,9.1899995803833,8.489999771118164,8.569999694824219,65.52692590468435,67.55662201936211,84.4848424069061,83.42854480827148,81.73183776215957,5.99,25.0,-1.49
PTON,2025-02-11,8.649999618530273,8.949999809265137,8.579999923706055,8.739999771118164,59.38352630700783,67.34165920825514,84.35828139959244,83.29348499657414,81.69879692207589,6.02,24.0,-1.51
PTON,2025-02-12,8.579999923706055,9.319999694824219,8.539999961853027,9.180000305175781,55.790684526256044,68.06390780452499,84.32889221974523,83.09058540068874,81.83091444164889,6.04,24.0,-1.53
PTON,2025-02-13,9.149999618530273,10.220000267028809,9.039999961853027,10.149999618530273,61.27678224694603,70.48847419162792,85.04549751014243,83.75852107134966,82.24355429207519,6.06,38.0,-1.55
PTON,2025-02-14,10.100000381469727,10.25,9.359999656677246,9.770000457763672,61.74207447119458,70.63923818174328,85.2686399989019,83.6370613630183,81.94778937764987,6.08,40.0,-1.57
PTON,2025-02-18,9.649999618530273,9.800000190734863,9.4399995803833,9.630000114440918,61.87288721353329,70.53503313878862,85.09587406379006,83.52115810513835,81.78887278038701,6.1,39.0,-1.59
PTON,2025-02-19,9.489999771118164,10.020000457763672,9.399999618530273,9.789999961853027,61.597414346823996,70.03135859953677,84.14517845338126,82.78345884199172,81.78890914150915,6.13,20.0,-1.61
PTON,2025-02-20,9.640000343322754,9.649999618530273,8.979999542236328,9.050000190734863,65.72451247317811,71.28471902077254,84.61383645052446,83.22934867356969,82.1438314787524,6.15,31.0,-1.62
PTON,2025-02-21,9.09000015258789,9.100000381469727,8.444999694824219,8.5600004196167,67.49937848009164,70.28419735487607,85.15708515558713,83.53858342621392,82.22573578228905,6.17,43.0,-1.64
PTON,2025-02-24,8.5600004196167,8.789999961853027,8.229999542236328,8.760000228881836,67.74352147257173,69.6127582574038,84.98122197177598,83.55231161062238,82.22896303657515,6.19,40.0,-1.65
PTON,2025-02-25,8.65999984741211,8.694999694824219,7.989999771118164,8.449999809265137,68.08830182797546,69.96141074620064,85.07853723627076,83.56672523963505,82.3192439328668,6.2,42.0,-1.66
PTON,2025-02-26,8.5600004196167,8.6850004196167,7.84499979019165,7.880000114440918,70.76452630181016,71.29266692041793,84.94714709057833,84.00979035081512,82.62241623392178,6.21,39.0,-1.67
PTON,2025-02-27,7.900000095367432,8.0600004196167,7.409999847412109,7.429999828338623,72.2619914834312,72.14478881932249,85.07424951235588,84.28503415551415,82.71271489500518,6.21,43.0,-1.67
PTON,2025-02-28,7.409999847412109,7.670000076293945,7.380000114440918,7.53000020980835,71.83328528919888,70.95609317556851,85.08308613983156,84.28490459550866,82.67919126360563,6.21,44.0,-1.67
PTON,2025-03-03,7.590000152587891,7.739999771118164,6.994999885559082,7.03000020980835,72.75279910214155,70.50799942536963,85.87661613209444,84.68900386254434,82.96723069599403,6.2,49.0,-1.66
PTON,2025-03-04,6.829999923706055,7.099999904632568,6.570000171661377,6.949999809265137,72.52591931871257,70.09365681253712,85.77932244337586,84.33837062782568,82.93061128580418,6.19,48.0,-1.66
PTON,2025-03-05,6.989999771118164,7.050000190734863,6.730000019073486,6.889999866485596,72.10334668916673,69.86794041239858,85.80109284487428,84.23109227006786,82.92178292950493,6.19,48.0,-1.65
PTON,2025-03-06,6.675000190734863,6.71999979019165,6.300000190734863,6.329999923706055,75.56734962706096,71.63565538172844,86.8458024858721,84.82864600794227,83.17280487944535,6.17,49.0,-1.64
PTON,2025-03-07,6.28000020980835,6.396999835968018,5.849999904632568,6.210000038146973,75.3481220252301,71.09375993412154,86.91613841691543,84.77541048325153,83.16821493787128,6.16,49.0,-1.63
PTON,2025-03-10,6.019999980926514,6.119999885559082,5.545000076293945,5.619999885559082,79.66935644191835,73.52422486613986,88.26334000968068,85.4808317164171,83.72445028182153,6.14,49.0,-1.62
PTON,2025-03-11,5.619999885559082,5.940000057220459,5.554999828338623,5.739999771118164,80.24675225242959,73.26789599516754,87.03528544620059,85.33921325059491,83.70846742974692,6.08,48.0,-1.61
PTON,2025-03-12,5.945000171661377,6.196000099182129,5.804999828338623,6.099999904632568,82.72173446478715,74.22264125706201,87.35724558827339,85.61158688730667,83.85454976693006,6.01,48.0,-1.6
PTON,2025-03-13,6.110000133514404,6.110000133514404,5.769999980926514,6.070000171661377,82.45359788387127,73.79817588079962,87.35384508644302,85.61603602616572,83.85495532119631,5.94,47.0,-1.6
PTON,2025-03-14,6.590000152587891,7.079999923706055,6.452000141143799,7.050000190734863,94.4594297154454,80.2723497216665,90.46807145633645,86.86639734730917,85.14631672814707,5.85,50.0,-1.6
PTON,2025-03-17,7.03000020980835,7.03000020980835,6.449999809265137,6.590000152587891,95.6696904150648,79.81832121127394,89.72023639118515,87.23664220444445,85.265456893218,5.77,48.0,-1.59
PTON,2025-03-18,6.46999979019165,6.679999828338623,6.204999923706055,6.460000038146973,94.52482893705127,79.45981776592399,89.1829878854524,87.27402448940859,85.27893806346316,5.71,47.0,-1.58
PTON,2025-03-19,6.409999847412109,6.880000114440918,6.360000133514404,6.519999980926514,94.60214211717636,76.46307764073958,89.07127707534293,87.24045946822525,85.2781025776463,5.62,46.0,-1.59
PTON,2025-03-20,6.329999923706055,6.659999847412109,6.269999980926514,6.519999980926514,93.84780837383707,76.39684879659842,87.53609637367406,87.09242597665269,85.2748546493949,5.55,44.0,-1.59
PTON,2025-03-21,6.300000190734863,7.039999961853027,6.28000020980835,6.960000038146973,89.51193561072117,77.65405261707933,88.07009167185416,87.27845478388817,85.47551182397267,5.48,44.0,-1.59
PTON,2025-03-24,7.159999847412109,7.3379998207092285,7.090000152587891,7.320000171661377,90.9841036236107,78.46347222076355,88.35249342246202,87.44284778140405,85.5114825659444,5.41,45.0,-1.59
PTON,2025-03-25,7.289999961853027,7.380000114440918,7.150000095367432,7.289999961853027,90.59451646718732,78.41227615108988,88.31271026533541,87.40900176443073,85.50653921287743,5.33,44.0,-1.6
PTON,2025-03-26,7.28000020980835,7.28000020980835,6.849999904632568,6.949999809265137,91.08096414704228,76.25065412176313,88.1854679765205,87.53630008729783,85.50046933126106,5.26,42.0,-1.61
PTON,2025-03-27,6.809999942779541,7.130000114440918,6.730000019073486,6.769999980926514,89.60717528395543,74.38529725902089,88.23116076811695,87.59033176152138,85.54226062733386,5.19,42.0,-1.62
PTON,2025-03-28,6.679999828338623,6.735000133514404,6.199999809265137,6.300000190734863,84.92552049813794,75.15527298829899,79.75113817038189,88.045161015318,85.85970873647358,5.3,1.0,-1.55
PTON,2025-03-31,6.079999923706055,6.514999866485596,5.960000038146973,6.320000171661377,84.82883785481559,75.01537129442323,75.72646601464565,87.97856128344823,85.65546716822014,5.5,1.0,-1.22
PTON,2025-04-01,6.260000228881836,6.380000114440918,6.130000114440918,6.21999979019165,84.82984133352969,74.92725841844457,75.5323018650112,87.85770019559702,85.6114148267168,5.69,1.0,-1.0
PTON,2025-04-02,6.039999961853027,6.545000076293945,5.989999771118164,6.309999942779541,84.76484002036429,74.73867901138618,75.49768046159218,87.77800974975078,85.62068560222893,5.87,1.0,-0.86
PTON,2025-04-03,5.840000152587891,5.885000228881836,5.300000190734863,5.400000095367432,92.42480488909193,80.767996351607,79.11201323541883,89.62154653624944,86.88620118176003,5.97,4.0,-0.9
PTON,2025-04-04,5.019999980926514,5.289999961853027,4.631999969482422,5.03000020980835,93.08269199623209,81.75589655644248,79.78655132645932,90.0208127800347,87.18098484966238,6.05,6.0,-0.95
PTON,2025-04-07,4.690000057220459,5.570000171661377,4.630000114440918,5.150000095367432,93.10112397140057,82.027372049807,77.99583937710001,89.81559189228821,87.02186145423032,6.15,4.0,-0.96
PTON,2025-04-08,5.420000076293945,5.570000171661377,4.820000171661377,5.0,93.00930681445891,81.81063984709087,77.93211233263642,89.82551211066759,86.91815952613536,6.24,4.0,-0.99
PTON,2025-04-09,4.960000038146973,6.070000171661377,4.809999942779541,5.869999885559082,104.92577359907341,88.83920272194864,82.13338809561988,91.75888539713473,88.30917057678866,6.27,9.0,-1.02
PTON,2025-04-10,5.610000133514404,5.659999847412109,5.28000020980835,5.5,105.19709766590599,89.55410231590577,82.71149421366798,92.09491608910699,88.40154592770952,6.28,10.0,-1.04
PTON,2025-04-11,5.489999771118164,5.650000095367432,5.28000020980835,5.579999923706055,105.21825962826692,89.38105968015367,82.58346972137623,91.92854954982377,88.04245886550012,6.31,10.0,-1.06
PTON,2025-04-14,5.900000095367432,5.900000095367432,5.550000190734863,5.699999809265137,104.08063943377724,89.0310632876134,82.55243844984892,91.95411978539929,88.04725706678526,6.32,10.0,-1.08
PTON,2025-04-15,5.670000076293945,5.860000133514404,5.599999904632568,5.730000019073486,104.13100802590975,88.9687027086001,82.50565469796342,91.83283413059581,87.91332132015212,6.34,10.0,-1.09
PTON,2025-04-16,5.590000152587891,5.84499979019165,5.460000038146973,5.619999885559082,104.19727370446586,88.83645208231897,82.16734389994679,91.8597116746299,87.59082433160175,6.36,10.0,-1.1
PTON,2025-04-17,5.519999980926514,5.590000152587891,5.300000190734863,5.389999866485596,102.1260814509301,89.12301822894364,81.91245932916947,92.00751907759587,87.48365105545312,6.37,9.0,-1.11
PTON,2025-04-21,5.28000020980835,5.369999885559082,5.170000076293945,5.320000171661377,102.07006159891903,89.04014906646576,80.78552672898722,91.94392193051397,87.49531337765065,6.4,9.0,-1.11
PTON,2025-04-22,5.409999847412109,5.824999809265137,5.380000114440918,5.75,100.72273463521297,90.74587082366598,81.35813317944776,91.97382059709494,87.8125101058751,6.41,10.0,-1.11
PTON,2025-04-23,5.96999979019165,6.300000190734863,5.920000076293945,5.980000019073486,101.1761126247587,91.16298485451733,81.64909205308979,91.9498524743675,87.88028153088119,6.42,11.0,-1.1
PTON,2025-04-24,6.034999847412109,6.369999885559082,6.010000228881836,6.28000020980835,100.62646957824704,91.77424582101146,82.07173917413932,91.97184797116358,88.0011275705846,6.42,13.0,-1.08
PTON,2025-04-25,6.235000133514404,6.355000019073486,6.164999961853027,6.289999961853027,100.6109955820479,91.59220981334602,82.0526104224051,91.96828805131001,87.97083833245199,6.41,13.0,-1.06
PTON,2025-04-28,6.539999961853027,6.699999809265137,6.389999866485596,6.599999904632568,91.47789664498572,92.20774530565203,81.82033815484118,91.88932805794902,88.05019154683916,6.41,12.0,-1.04
PTON,2025-04-29,6.550000190734863,7.03000020980835,6.46999979019165,6.929999828338623,90.46939408562913,92.48730776062334,81.36029428452292,92.01980660191413,88.15913233286274,6.4,11.0,-1.0
PTON,2025-04-30,6.650000095367432,6.909999847412109,6.441999912261963,6.889999866485596,90.26865332108468,91.77393190672657,81.16558326108688,92.02803084591532,88.07786687979379,6.38,10.0,-0.96
PTON,2025-05-01,7.014999866485596,7.070000171661377,6.760000228881836,6.849999904632568,90.27134566242425,91.77921643573244,81.02948168506926,91.92171283058103,87.98943921173543,6.37,10.0,-0.92
PTON,2025-05-02,7.0,7.025000095367432,6.809999942779541,6.820000171661377,90.2872609949304,91.45009798802597,80.99496469115128,91.80939947451893,87.7708069503506,6.35,10.0,-0.87
PTON,2025-05-05,6.730000019073486,7.139999866485596,6.590000152587891,6.889999866485596,88.2939620209795,88.29189411876996,80.77032609872077,91.60297446673545,87.71626731851543,6.33,9.0,-0.81
PTON,2025-05-06,6.710000038146973,7.010000228881836,6.614999771118164,6.989999771118164,87.10336881444637,88.33800892985761,80.82063445480784,90.77719164008869,87.66695701319354,6.31,11.0,-0.75
PTON,2025-05-07,6.989999771118164,7.110000133514404,6.913000106811523,6.980000019073486,87.09996293391391,88.16463883252513,80.45814742765339,90.77830955498054,87.23298562723085,6.29,9.0,-0.69
PTON,2025-05-08,6.300000190734863,6.824999809265137,5.820000171661377,6.510000228881836,88.33753655069644,89.0633963418806,80.9691293272959,91.19947466083119,87.48050540648018,6.26,13.0,-0.61
PTON,2025-05-09,6.519999980926514,6.519999980926514,5.920000076293945,6.159999847412109,89.41828734107334,88.92781302272374,81.1046324323761,91.4548156141912,86.49975359173165,6.22,16.0,-0.53
PTON,2025-05-12,6.494999885559082,6.840000152587891,6.460000038146973,6.639999866485596,89.73762262692998,87.76560693666842,81.95345262166988,91.68965123439243,86.72108638343107,6.17,23.0,-0.43
PTON,2025-05-13,6.829999923706055,6.989999771118164,6.739999771118164,6.809999942779541,89.99640923195875,87.7688656865881,81.28936614377031,84.53084370929716,85.88589153397112,6.13,18.0,-0.32
PTON,2025-05-14,6.849999904632568,6.989999771118164,6.590000152587891,6.619999885559082,90.28691550569043,87.87158276122365,81.18564816887927,84.30917878564254,85.73208452324661,6.07,18.0,-0.2
PTON,2025-05-15,6.5,6.550000190734863,6.289999961853027,6.329999923706055,91.21065299957193,88.09174391501172,79.57302678742664,84.47894962876165,85.85620907339958,6.0,7.0,-0.08
PTON,2025-05-16,6.320000171661377,6.434999942779541,6.21999979019165,6.340000152587891,78.34187730161423,86.84245182130455,79.52231166777378,84.45214715270045,85.8525788159619,5.91,7.0,0.05
PTON,2025-05-19,6.159999847412109,6.40500020980835,6.079999923706055,6.289999961853027,75.066412482355,86.22362972004424,79.460904461511,84.12068712082743,85.76329103029752,5.83,7.0,0.19
PTON,2025-05-20,6.230000019073486,6.809999942779541,6.059999942779541,6.71999979019165,76.85243786291669,87.27004786898927,80.22535676493881,84.43169702718734,85.87400555283931,5.74,12.0,0.36
PTON,2025-05-21,6.550000190734863,6.889999866485596,6.449999809265137,6.460000038146973,77.33465037810862,87.32591479949473,80.40339262098621,84.5727781079203,85.97295628579046,5.66,13.0,0.54
PTON,2025-05-22,6.380000114440918,7.264999866485596,6.349999904632568,7.210000038146973,69.7175229679444,89.32252166482844,80.96807809180456,85.38848120179185,86.64545480887979,5.55,18.0,0.75
PTON,2025-05-23,6.989999771118164,7.599999904632568,6.920000076293945,7.570000171661377,67.27084127874446,89.09321630628388,80.19993179627816,85.53849489172197,84.83712411227896,5.4,12.0,0.95
PTON,2025-05-27,7.760000228881836,7.795000076293945,7.429999828338623,7.570000171661377,67.33026697014124,89.05164291346156,79.87916252460265,85.40634142408875,84.72030972848195,5.26,12.0,1.14
PTON,2025-05-28,7.570000171661377,7.574999809265137,7.150000095367432,7.170000076293945,69.76458317485277,88.62381056444676,80.19561589892676,85.4307077073055,84.67889530643299,5.09,13.0,1.34
PTON,2025-05-29,7.320000171661377,7.400000095367432,7.050000190734863,7.139999866485596,69.84641981540649,88.59511729577787,80.15122676836222,85.35150035946934,84.63469940558858,4.91,13.0,1.53
PTON,2025-05-30,7.019999980926514,7.239999771118164,6.920000076293945,7.099999904632568,69.50195532815951,88.5839037103308,80.01837803369087,85.35573132165585,84.45677968183806,4.73,13.0,1.7
PTON,2025-06-02,7.039999961853027,7.090000152587891,6.579999923706055,6.599999904632568,71.98375104240623,88.13253921430365,80.76482562571174,85.82210189895258,84.67728970892362,4.52,20.0,1.84
PTON,2025-06-03,6.599999904632568,6.760000228881836,6.454999923706055,6.659999847412109,71.73950556079272,88.05086357147694,80.74476597478063,85.7141939387864,84.11809869619164,4.31,20.0,1.93
PTON,2025-06-04,6.679999828338623,7.559999942779541,6.670000076293945,7.46999979019165,75.59174550814517,88.52002213253891,82.85201636703525,85.93100164860952,84.74367104099709,4.12,47.0,2.12
PTON,2025-06-05,7.454999923706055,7.460000038146973,6.84499979019165,6.940000057220459,78.64626300135521,89.88905910336965,83.51542725414266,86.40040885373237,85.08777969031455,3.9,48.0,2.21
PTON,2025-06-06,7.010000228881836,7.329999923706055,6.920000076293945,7.300000190734863,78.7265158669344,89.63222404589585,83.91198378557704,86.52538530865831,85.21604505910733,3.67,51.0,2.08
PTON,2025-06-09,7.420000076293945,7.989999771118164,7.400000095367432,7.650000095367432,79.64201455057429,90.06347818224357,84.17886059556207,86.5499462407893,85.23386995154172,3.41,59.0,1.44
PTON,2025-06-10,7.699999809265137,7.715000152587891,7.409999847412109,7.630000114440918,78.69179376973413,84.78556963388456,84.05538874394317,86.18748305200583,85.22494949584906,3.13,53.0,-0.18
PTON,2025-06-11,7.739999771118164,7.815000057220459,7.2829999923706055,7.380000114440918,78.30347528702558,83.88600977733553,83.77490209335858,86.2249888323391,85.26663747630975,3.13,50.0,-0.16
PTON,2025-06-12,7.260000228881836,7.349999904632568,6.989999771118164,7.320000171661377,78.32727663105094,83.78997236768211,83.68746613958706,86.13082049668405,85.26967084015948,3.12,49.0,-0.15
PTON,2025-06-13,7.119999885559082,7.420000076293945,6.860000133514404,6.960000038146973,79.76903413851733,84.46194614274708,83.97689499753682,85.76727051633563,85.41378009633691,3.12,55.0,-0.14
PTON,2025-06-16,7.110000133514404,7.190000057220459,6.822000026702881,6.929999828338623,79.76866443976172,84.46896285593932,83.96598214995143,85.47903506139293,85.14736576844989,3.12,55.0,-0.12
PTON,2025-06-17,6.800000190734863,6.829999923706055,6.039999961853027,6.114999771118164,87.59986340246326,87.24777044357673,86.18211463629135,86.76750200373942,86.01897839630863,3.13,84.0,-0.16
PTON,2025-06-18,6.199999809265137,6.255000114440918,6.034999847412109,6.21999979019165,87.65083733345728,86.65434428104759,86.24085263899643,86.69370510556308,85.9968016667405,3.14,84.0,-0.2
PTON,2025-06-20,6.170000076293945,6.304999828338623,6.079999923706055,6.179999828338623,87.65067605708037,86.65728641542171,86.19088179115157,86.63105238966378,85.93243187421639,3.15,83.0,-0.24
PTON,2025-06-23,6.110000133514404,6.420000076293945,6.03000020980835,6.369999885559082,85.91628833727793,86.4015858219336,86.3194302542685,86.21073111002173,85.87003973638595,3.17,84.0,-0.27
PTON,2025-06-24,6.5,6.630000114440918,6.320000171661377,6.590000152587891,84.87985716078839,86.54452054637272,86.37503877748803,85.9950149297539,85.8087016732169,3.18,84.0,-0.31
PTON,2025-06-25,6.614999771118164,6.789999961853027,6.5,6.559999942779541,82.0360288759944,85.25887839081967,86.37297182872197,85.99481529870151,85.8078672491788,3.19,83.0,-0.35
PTON,2025-06-26,6.570000171661377,6.630000114440918,6.360000133514404,6.389999866485596,81.9937163108927,85.43518298657104,86.2416058753444,86.05551863525208,85.85497855058928,3.21,81.0,-0.38
PTON,2025-06-27,6.440000057220459,7.039999961853027,6.409999847412109,6.800000190734863,83.66066802524143,86.30131734974462,86.3783038329041,86.28872406658043,85.71789360384096,3.22,84.0,-0.41
PTON,2025-06-30,6.849999904632568,6.985000133514404,6.710000038146973,6.940000057220459,82.69459969386564,86.34843542085177,86.44322253383604,86.3151107270663,85.70347612062756,3.23,84.0,-0.44
PTON,2025-07-01,6.800000190734863,6.800000190734863,6.545000076293945,6.599999904632568,84.12658358983329,80.65777661514583,86.59666105224935,86.47413710525633,85.86307337748818,3.25,84.0,-0.47
PTON,2025-07-02,6.659999847412109,6.824999809265137,6.480000019073486,6.610000133514404,84.08079455031098,79.15895214789506,84.6213707807024,86.47368806695638,85.8392405285571,3.24,62.0,-0.46
PTON,2025-07-03,6.630000114440918,6.739999771118164,6.614999771118164,6.639999866485596,81.84191277114166,79.05961995534186,84.60757441015231,86.38304855726071,85.73635635752409,3.24,60.0,-0.46
PTON,2025-07-07,6.510000228881836,6.590000152587891,6.349999904632568,6.429999828338623,81.56532190094458,79.10844929981309,84.63554090186011,85.7550152056297,85.71606888344526,3.24,62.0,-0.46
PTON,2025-07-08,6.480000019073486,6.739999771118164,6.394000053405762,6.710000038146973,75.81223933768628,72.58737903900095,84.86947348360792,85.78353380911436,85.80538375684556,3.24,62.0,-0.47
PTON,2025-07-09,6.730000019073486,6.829999923706055,6.5,6.510000228881836,74.63116281283823,71.55058803784125,84.57210691182924,85.85960966823247,85.8356674042157,3.25,57.0,-0.47
PTON,2025-07-10,6.590000152587891,6.920000076293945,6.519999980926514,6.71999979019165,75.38054045043046,71.75837708869246,83.1147058623967,85.93571487197198,85.81655491625871,3.24,48.0,-0.46
PTON,2025-07-11,6.679999828338623,6.679999828338623,6.36299991607666,6.380000114440918,75.24622316595489,72.53016480753956,83.28669278936748,85.31364522289255,85.97821138854626,3.24,49.0,-0.45
PTON,2025-07-14,6.380000114440918,6.53000020980835,6.340000152587891,6.440000057220459,75.34396972644463,72.54321796872146,83.29837143736137,84.97784054204261,85.98107648400142,3.23,50.0,-0.44
PTON,2025-07-15,6.449999809265137,6.574999809265137,6.369999885559082,6.440000057220459,75.34744809239763,72.40841742111499,83.23618526402934,84.90460634237338,85.93559915575395,3.23,49.0,-0.44
PTON,2025-07-16,6.449999809265137,6.5,6.320000171661377,6.385000228881836,72.41985658334839,71.86318606748877,82.38066006910523,84.0149853064932,85.82884422441305,3.23,43.0,-0.43
PTON,2025-07-17,6.400000095367432,6.465000152587891,6.119999885559082,6.28000020980835,72.48855276857802,71.89993157029043,81.98323791391434,84.00115873371415,85.78035557400614,3.23,39.0,-0.43
PTON,2025-07-18,6.389999866485596,6.409999847412109,6.23199987411499,6.289999961853027,63.5173786819062,70.18208105293822,81.87935891942433,83.95900216886577,85.6762559107674,3.23,37.0,-0.43
PTON,2025-07-21,6.304999828338623,6.375,6.159999847412109,6.190000057220459,60.28172827488253,69.82606709871082,81.73735416552212,83.94997994124547,85.68455492074139,3.23,36.0,-0.42
PTON,2025-07-22,6.199999809265137,6.670000076293945,6.164999961853027,6.489999771118164,60.03414687359988,69.77884616988142,81.41822797338013,83.85841475186552,85.62026448858133,3.23,35.0,-0.43
PTON,2025-07-23,6.514999866485596,7.159999847412109,6.514999866485596,6.769999980926514,59.71064945688778,70.30008347440396,81.20167030653374,83.97736774177257,85.6611536509324,3.23,32.0,-0.43
PTON,2025-07-24,6.650000095367432,6.710000038146973,6.420000076293945,6.429999828338623,61.269258463541796,70.42735624851775,81.5634584981241,78.9643068212278,85.82694559653814,3.23,37.0,-0.42
PTON,2025-07-25,6.550000190734863,6.599999904632568,6.440000057220459,6.559999942779541,61.130373736981824,69.81254636118486,80.91822132572977,76.74705827590219,85.8347198098652,3.22,25.0,-0.4
PTON,2025-07-28,6.53000020980835,6.53000020980835,6.295000076293945,6.380000114440918,61.513121582002775,70.02396999181715,81.01532668268662,76.6957241646957,85.75334227085119,3.22,29.0,-0.38
PTON,2025-07-29,6.449999809265137,6.449999809265137,6.099999904632568,6.179999828338623,60.53764168664648,70.29867698427664,81.1556800909825,76.74297235104238,85.82124964964494,3.21,32.0,-0.35
PTON,2025-07-30,6.815000057220459,7.480000019073486,6.590000152587891,7.340000152587891,79.15744626676481,78.79511655820612,84.58123627929096,79.32412730521887,87.39285012535724,3.19,71.0,-0.3
PTON,2025-07-31,7.335000038146973,7.360000133514404,6.980000019073486,7.139999866485596,70.08545088418411,78.99211062789585,84.64460650137133,79.37682061624108,87.43880926843988,3.17,75.0,-0.25
PTON,2025-08-01,6.929999828338623,6.949999809265137,6.449999809265137,6.599999904632568,74.05127258478694,80.58290744657144,84.06451567048676,78.92537344450909,87.81545626052996,3.13,69.0,-0.16
PTON,2025-08-04,6.800000190734863,6.96999979019165,6.53000020980835,6.960000038146973,75.4608668851776,81.3408467390639,84.40617044157307,79.07979876337322,87.89989278020519,3.11,71.0,-0.1
PTON,2025-08-05,7.0,7.28000020980835,6.869999885559082,7.110000133514404,75.23368311575129,80.14157048982347,83.93608114817938,79.03888203308014,87.61762942370866,3.07,66.0,-0.01
PTON,2025-08-06,7.079999923706055,7.28000020980835,6.940000057220459,7.070000171661377,74.72189154609009,79.2818317725983,83.93755178685451,79.04083027938877,87.53074684567198,3.04,67.0,0.08
PTON,2025-08-07,7.420000076293945,8.029999732971191,6.840000152587891,7.110000133514404,74.69846018316024,77.82463189283237,80.51100505630428,78.9208918825084,87.43247189879443,2.95,20.0,0.05
PTON,2025-08-08,7.489999771118164,7.929999828338623,7.210000038146973,7.840000152587891,79.04216529257766,80.16599679609389,81.25038833433604,79.68610542774695,87.93803392372119,2.87,37.0,0.07
PTON,2025-08-11,7.909999847412109,8.640000343322754,7.909999847412109,8.25,78.42392695686216,80.5170780921835,81.54822625845519,79.86851526165837,87.89786023495648,2.8,42.0,0.12
PTON,2025-08-12,8.380000114440918,8.414999961853027,8.020000457763672,8.140000343322754,78.51382369120516,79.96535167758924,81.57950485629775,79.69767274618796,87.90015945713996,2.72,44.0,0.16
PTON,2025-08-13,8.25,8.739999771118164,8.210000038146973,8.720000267028809,78.77664195566244,81.05181712736426,82.26070176977316,79.88065285777364,88.1389517579328,2.67,56.0,0.27
PTON,2025-08-14,8.489999771118164,8.880000114440918,8.40999984741211,8.489999771118164,79.44126577637479,81.27436642772068,81.77970189229025,79.37101651798692,88.11019944421894,2.61,47.0,0.37
PTON,2025-08-15,8.550000190734863,8.630000114440918,8.350000381469727,8.520000457763672,79.44597205373329,80.26970549033689,81.4105849234958,79.13118351138662,88.01991145006866,2.54,41.0,0.44
PTON,2025-08-18,8.520000457763672,8.739999771118164,8.319999694824219,8.449999809265137,78.68720759697092,79.80220489798397,81.42052776064658,79.13421451453392,87.87642170404759,2.47,43.0,0.5
PTON,2025-08-19,8.369999885559082,8.380000114440918,7.800000190734863,7.840000152587891,81.65576474450957,78.35313137393669,81.95117518494641,79.61389464496374,87.606343768522,2.4,53.0,0.56
PTON,2025-08-20,7.710000038146973,7.75,7.369999885559082,7.730000019073486,81.1797470018542,77.78833582715691,81.87044579278394,79.6207063176915,87.62347529557246,2.32,51.0,0.57
PTON,2025-08-21,7.715000152587891,7.945000171661377,7.610000133514404,7.690000057220459,80.85606782696843,77.79659478411779,81.03107381090426,79.2784167499233,87.6273325436128,2.31,31.0,0.62
PTON,2025-08-22,7.71999979019165,8.079999923706055,7.664999961853027,7.909999847412109,79.31841896696605,77.1603802173421,81.13772778706806,78.81255621432432,87.65279516653007,2.22,32.0,0.54
PTON,2025-08-25,7.78000020980835,7.820000171661377,7.5,7.510000228881836,81.13693980076337,77.92970487669787,81.54248771038044,78.94264860522082,87.70977469279724,2.12,43.0,0.26
PTON,2025-08-26,7.579999923706055,7.829999923706055,7.510000228881836,7.570000171661377,81.1260525084664,77.9313018060925,81.52386367454065,78.86140805524381,82.37843444078608,2.01,42.0,-0.33
PTON,2025-08-27,7.550000190734863,7.789999961853027,7.519999980926514,7.679999828338623,81.05586052417826,76.42632982910413,77.53014688948315,78.86892808714214,82.16932938287988,2.04,1.0,-0.23
PTON,2025-08-28,7.690000057220459,7.760000228881836,7.5,7.579999923706055,80.97737114229183,76.48041438704344,76.65393715780641,78.75195323895859,82.17608521853563,2.1,1.0,-0.02
PTON,2025-08-29,7.570000171661377,7.710000038146973,7.46999979019165,7.599999904632568,80.97269283924562,72.79145404850175,76.59056136122051,78.7534817394444,82.15582626452982,2.13,1.0,0.15
PTON,2025-09-02,7.429999828338623,7.440000057220459,7.190000057220459,7.364999771118164,81.46263139880068,71.46400562299982,76.61169270954828,78.6115923876629,81.97363796994983,2.16,2.0,0.28
PTON,2025-09-03,7.369999885559082,7.695000171661377,7.355000019073486,7.599999904632568,80.88598485484076,71.0025487899562,72.53019068658801,78.6193046529983,82.00256677365788,2.37,1.0,2.04
