Ticker,Contract Name,Type,Expiry,Strike,Bid,Ask,Volume,Open Interest,Implied Volatility,Last Stock Price,Bid Stock,Ask Stock,Moneyness
SMCI,SMCI260116C00069000,Call,2026-01-16,69.0,0.96,1.07,21.0,771,0.676761044921875,40.7,40.0,40.85,0.5898550724637681
SMCI,SMCI250926P00035000,Put,2025-09-26,35.0,0.38,0.42,117.0,469,0.56836369140625,40.7,40.0,40.85,0.8599508599508598
SMCI,SMCI260116C00058000,Call,2026-01-16,58.0,1.68,1.9,14.0,2055,0.6330603100585939,40.7,40.0,40.85,0.7017241379310345
SMCI,SMCI250926P00037000,Put,2025-09-26,37.0,0.69,0.75,73.0,177,0.5312546875,40.7,40.0,40.85,0.9090909090909092
SMCI,SMCI251219C00090000,Call,2025-12-19,90.0,0.35,0.39,15.0,845,0.8125018749999999,40.7,40.0,40.85,0.4522222222222222
SMCI,SMCI260116P00023000,Put,2026-01-16,23.0,0.49,0.56,2.0,4172,0.6962920996093751,40.7,40.0,40.85,0.5651105651105651
SMCI,SMCI251010P00040000,Put,2025-10-10,40.0,2.23,2.43,83.0,215,0.5205126074218749,40.7,40.0,40.85,0.9828009828009828
SMCI,SMCI260320P00032000,Put,2026-03-20,32.0,2.75,2.95,10.0,84,0.5938761315917969,40.7,40.0,40.85,0.7862407862407862
SMCI,SMCI261218P00018000,Put,2026-12-18,18.0,1.13,1.27,8.0,1634,0.6340368627929689,40.7,40.0,40.85,0.4422604422604422
SMCI,SMCI261218C00118000,Call,2026-12-18,118.0,1.6,1.75,1.0,295,0.6543003320312502,40.7,40.0,40.85,0.3449152542372881
SMCI,SMCI260116C00061000,Call,2026-01-16,61.0,1.42,1.6,7.0,2053,0.6442906665039063,40.7,40.0,40.85,0.6672131147540984
SMCI,SMCI250905C00038500,Call,2025-09-05,38.5,2.12,2.28,95.0,105,0.5820354296875,40.7,40.0,40.85,1.0571428571428572
SMCI,SMCI260918C00080000,Call,2026-09-18,80.0,2.61,2.83,2.0,184,0.6331823791503908,40.7,40.0,40.85,0.50875
SMCI,SMCI260116C00054000,Call,2026-01-16,54.0,2.2,2.44,43.0,977,0.6228065063476562,40.7,40.0,40.85,0.7537037037037038
SMCI,SMCI261218C00112000,Call,2026-12-18,112.0,1.79,1.91,1.0,75,0.6492954992675781,40.7,40.0,40.85,0.3633928571428572
SMCI,SMCI250912C00035000,Call,2025-09-12,35.0,5.5,5.9,19.0,108,0.7402369726562499,40.7,40.0,40.85,1.162857142857143
SMCI,SMCI261218C00031000,Call,2026-12-18,31.0,15.3,16.4,10.0,107,0.6510044665527344,40.7,40.0,40.85,1.3129032258064517
SMCI,SMCI251017P00030000,Put,2025-10-17,30.0,0.29,0.32,4.0,780,0.6425816992187501,40.7,40.0,40.85,0.7371007371007371
SMCI,SMCI250905P00042500,Put,2025-09-05,42.5,1.82,2.0,59.0,634,0.5273484765625001,40.7,40.0,40.85,1.0442260442260445
SMCI,SMCI251121C00080000,Call,2025-11-21,80.0,0.34,0.38,39.0,2054,0.8339860351562498,40.7,40.0,40.85,0.50875
SMCI,SMCI250919C00055000,Call,2025-09-19,55.0,0.07,0.08,304.0,12043,0.7460962890625,40.7,40.0,40.85,0.7400000000000001
SMCI,SMCI251003P00041000,Put,2025-10-03,41.0,2.45,2.6,70.0,66,0.5083056982421875,40.7,40.0,40.85,1.0073710073710074
SMCI,SMCI251219C00070000,Call,2025-12-19,70.0,0.68,0.75,39.0,1077,0.7075224560546876,40.7,40.0,40.85,0.5814285714285715
SMCI,SMCI260515C00065000,Call,2026-05-15,65.0,2.66,2.93,2.0,1053,0.6381872119140625,40.7,40.0,40.85,0.6261538461538462
SMCI,SMCI251003C00047000,Call,2025-10-03,47.0,0.68,0.73,33.0,172,0.5590864404296876,40.7,40.0,40.85,0.8659574468085107
SMCI,SMCI250912P00037000,Put,2025-09-12,37.0,0.2,0.22,140.0,1031,0.5361374511718751,40.7,40.0,40.85,0.9090909090909092
SMCI,SMCI260116P00024000,Put,2026-01-16,24.0,0.58,0.64,1.0,1373,0.6806672558593752,40.7,40.0,40.85,0.5896805896805897
SMCI,SMCI250926C00046000,Call,2025-09-26,46.0,0.55,0.6,106.0,619,0.5366257275390626,40.7,40.0,40.85,0.8847826086956523
SMCI,SMCI260618C00030000,Call,2026-06-18,30.0,14.15,15.15,2.0,156,0.6705355212402344,40.7,40.0,40.85,1.356666666666667
SMCI,SMCI260116C00079000,Call,2026-01-16,79.0,0.64,0.7,1.0,786,0.7148466015625,40.7,40.0,40.85,0.5151898734177216
SMCI,SMCI271217P00047000,Put,2027-12-17,47.0,15.75,16.85,1.0,157,0.5006153454589843,40.7,40.0,40.85,1.154791154791155
SMCI,SMCI251017P00032000,Put,2025-10-17,32.0,0.44,0.47,5.0,149,0.5976602734375001,40.7,40.0,40.85,0.7862407862407862
SMCI,SMCI260116C00100000,Call,2026-01-16,100.0,0.36,0.41,456.0,19752,0.8002949658203125,40.7,40.0,40.85,0.407
SMCI,SMCI260116C00076000,Call,2026-01-16,76.0,0.71,0.77,1.0,501,0.7006865869140625,40.7,40.0,40.85,0.5355263157894737
SMCI,SMCI250926C00050000,Call,2025-09-26,50.0,0.26,0.29,249.0,4346,0.6044961425781252,40.7,40.0,40.85,0.8140000000000001
SMCI,SMCI250919C00045500,Call,2025-09-19,45.5,0.37,0.41,5.0,2646,0.5283250292968751,40.7,40.0,40.85,0.8945054945054945
SMCI,SMCI250912C00043500,Call,2025-09-12,43.5,0.32,0.35,399.0,983,0.492192578125,40.7,40.0,40.85,0.935632183908046
SMCI,SMCI250919P00035000,Put,2025-09-19,35.0,0.23,0.26,1653.0,12640,0.586918193359375,40.7,40.0,40.85,0.8599508599508598
SMCI,SMCI260320C00090000,Call,2026-03-20,90.0,0.78,0.85,2.0,763,0.6997100341796876,40.7,40.0,40.85,0.4522222222222222
SMCI,SMCI260116C00077000,Call,2026-01-16,77.0,0.67,0.74,1.0,2257,0.70312796875,40.7,40.0,40.85,0.5285714285714286
SMCI,SMCI270115C00031000,Call,2027-01-15,31.0,15.55,16.7,1.0,272,0.651492742919922,40.7,40.0,40.85,1.3129032258064517
SMCI,SMCI251003C00055000,Call,2025-10-03,55.0,0.23,0.25,19.0,709,0.6777375976562501,40.7,40.0,40.85,0.7400000000000001
SMCI,SMCI260220P00023000,Put,2026-02-20,23.0,0.69,0.73,1.0,86,0.6733431103515627,40.7,40.0,40.85,0.5651105651105651
SMCI,SMCI250905P00039500,Put,2025-09-05,39.5,0.1,0.11,1516.0,1991,0.4179745703124999,40.7,40.0,40.85,0.9705159705159704
SMCI,SMCI250926C00048000,Call,2025-09-26,48.0,0.37,0.4,247.0,504,0.5678754150390625,40.7,40.0,40.85,0.8479166666666668
SMCI,SMCI271217C00090000,Call,2027-12-17,90.0,5.8,6.3,293.0,790,0.6271399591064455,40.7,40.0,40.85,0.4522222222222222
SMCI,SMCI251017P00033000,Put,2025-10-17,33.0,0.55,0.59,22.0,289,0.5810588769531251,40.7,40.0,40.85,0.8108108108108107
SMCI,SMCI250919P00042500,Put,2025-09-19,42.5,2.62,2.82,8.0,402,0.5117236328125,40.7,40.0,40.85,1.0442260442260445
SMCI,SMCI250919C00048000,Call,2025-09-19,48.0,0.19,0.21,482.0,3617,0.569340244140625,40.7,40.0,40.85,0.8479166666666668
SMCI,SMCI250912C00036000,Call,2025-09-12,36.0,4.7,4.95,38.0,70,0.56055126953125,40.7,40.0,40.85,1.1305555555555555
SMCI,SMCI261218C00110000,Call,2026-12-18,110.0,1.79,1.97,2.0,2685,0.6445348046875,40.7,40.0,40.85,0.37
SMCI,SMCI261218C00022000,Call,2026-12-18,22.0,21.8,23.2,1.0,170,0.7983418603515625,40.7,40.0,40.85,1.85
SMCI,SMCI250905P00042000,Put,2025-09-05,42.0,1.38,1.51,453.0,1715,0.5468795312500001,40.7,40.0,40.85,1.0319410319410318
SMCI,SMCI260320C00070000,Call,2026-03-20,70.0,1.55,1.69,18.0,1301,0.6508823974609376,40.7,40.0,40.85,0.5814285714285715
SMCI,SMCI271217C00075000,Call,2027-12-17,75.0,7.25,7.8,5.0,433,0.6186561572265626,40.7,40.0,40.85,0.5426666666666667
SMCI,SMCI260220C00090000,Call,2026-02-20,90.0,0.65,0.7,2.0,488,0.7251004052734374,40.7,40.0,40.85,0.4522222222222222
SMCI,SMCI260116C00066000,Call,2026-01-16,66.0,1.07,1.16,8.0,877,0.6555210229492189,40.7,40.0,40.85,0.6166666666666667
SMCI,SMCI260320P00031000,Put,2026-03-20,31.0,2.42,2.55,20.0,83,0.5927775097656252,40.7,40.0,40.85,0.7616707616707616
SMCI,SMCI251219P00025000,Put,2025-12-19,25.0,0.51,0.55,1.0,621,0.6894562304687502,40.7,40.0,40.85,0.6142506142506142
SMCI,SMCI261218C00116000,Call,2026-12-18,116.0,1.68,1.79,1.0,232,0.6530796411132813,40.7,40.0,40.85,0.3508620689655172
SMCI,SMCI251121C00075000,Call,2025-11-21,75.0,0.4,0.44,25.0,3636,0.7973653076171875,40.7,40.0,40.85,0.5426666666666667
SMCI,SMCI260618C00090000,Call,2026-06-18,90.0,1.36,1.48,2.0,1466,0.6627230993652344,40.7,40.0,40.85,0.4522222222222222
SMCI,SMCI261218P00020000,Put,2026-12-18,20.0,1.5,1.64,70.0,2329,0.6184120190429689,40.7,40.0,40.85,0.4914004914004913
SMCI,SMCI250926P00046000,Put,2025-09-26,46.0,5.55,5.85,6.0,97,0.5278367529296876,40.7,40.0,40.85,1.1302211302211302
SMCI,SMCI260116C00090000,Call,2026-01-16,90.0,0.46,0.51,167.0,8672,0.7612328564453126,40.7,40.0,40.85,0.4522222222222222
SMCI,SMCI260220P00030000,Put,2026-02-20,30.0,1.85,1.99,91.0,613,0.6069375244140626,40.7,40.0,40.85,0.7371007371007371
SMCI,SMCI250919P00036000,Put,2025-09-19,36.0,0.31,0.34,264.0,3617,0.5507857421875001,40.7,40.0,40.85,0.8845208845208845
SMCI,SMCI260320P00034000,Put,2026-03-20,34.0,3.4,3.6,2.0,159,0.579105771484375,40.7,40.0,40.85,0.8353808353808353
SMCI,SMCI251121P00025000,Put,2025-11-21,25.0,0.37,0.4,4.0,1082,0.7402369726562499,40.7,40.0,40.85,0.6142506142506142
SMCI,SMCI271217P00035000,Put,2027-12-17,35.0,8.65,9.4,1.0,1731,0.5249070947265625,40.7,40.0,40.85,0.8599508599508598
SMCI,SMCI260618C00085000,Call,2026-06-18,85.0,1.56,1.66,3.0,277,0.6530796411132813,40.7,40.0,40.85,0.4788235294117647
SMCI,SMCI250905C00039000,Call,2025-09-05,39.0,1.67,1.8,277.0,942,0.51562984375,40.7,40.0,40.85,1.0435897435897437
SMCI,SMCI270115P00059000,Put,2027-01-15,59.0,20.4,21.5,1.0,123,0.4282283740234375,40.7,40.0,40.85,1.4496314496314495
SMCI,SMCI261218C00085000,Call,2026-12-18,85.0,3.1,3.3,1.0,325,0.6309851354980469,40.7,40.0,40.85,0.4788235294117647
SMCI,SMCI251017P00031000,Put,2025-10-17,31.0,0.36,0.38,52.0,150,0.6181678808593751,40.7,40.0,40.85,0.7616707616707616
SMCI,SMCI251010C00040000,Call,2025-10-10,40.0,3.1,3.25,28.0,80,0.5493209130859377,40.7,40.0,40.85,1.0175
SMCI,SMCI261218C00102000,Call,2026-12-18,102.0,2.17,2.3,1.0,227,0.642703768310547,40.7,40.0,40.85,0.3990196078431373
SMCI,SMCI261218P00024000,Put,2026-12-18,24.0,2.45,2.59,7.0,205,0.5932657861328126,40.7,40.0,40.85,0.5896805896805897
SMCI,SMCI250926C00047000,Call,2025-09-26,47.0,0.45,0.48,60.0,490,0.5507857421875001,40.7,40.0,40.85,0.8659574468085107
SMCI,SMCI250919C00043000,Call,2025-09-19,43.0,0.82,0.9,1612.0,7607,0.508793974609375,40.7,40.0,40.85,0.9465116279069768
SMCI,SMCI250926C00045000,Call,2025-09-26,45.0,0.7,0.75,373.0,775,0.52539537109375,40.7,40.0,40.85,0.9044444444444444
SMCI,SMCI250905P00040500,Put,2025-09-05,40.5,0.37,0.4,1670.0,1880,0.41211525390625,40.7,40.0,40.85,0.995085995085995
SMCI,SMCI261218P00023000,Put,2026-12-18,23.0,2.18,2.33,10.0,647,0.5988809643554689,40.7,40.0,40.85,0.5651105651105651
SMCI,SMCI250919P00038000,Put,2025-09-19,38.0,0.64,0.7,35.0,6124,0.5136767382812499,40.7,40.0,40.85,0.9336609336609336
SMCI,SMCI251121C00085000,Call,2025-11-21,85.0,0.29,0.31,6.0,712,0.860352958984375,40.7,40.0,40.85,0.4788235294117647
SMCI,SMCI250919C00043500,Call,2025-09-19,43.5,0.69,0.74,192.0,1017,0.5048877636718749,40.7,40.0,40.85,0.935632183908046
SMCI,SMCI251003C00041000,Call,2025-10-03,41.0,2.28,2.39,51.0,107,0.5317429638671876,40.7,40.0,40.85,0.9926829268292684
SMCI,SMCI250905P00040000,Put,2025-09-05,40.0,0.2,0.22,4895.0,13613,0.414068359375,40.7,40.0,40.85,0.9828009828009828
SMCI,SMCI251017P00034000,Put,2025-10-17,34.0,0.69,0.73,57.0,279,0.5654340332031251,40.7,40.0,40.85,0.8353808353808353
SMCI,SMCI260220C00075000,Call,2026-02-20,75.0,1.04,1.1,3.0,276,0.6743196630859377,40.7,40.0,40.85,0.5426666666666667
SMCI,SMCI251121C00070000,Call,2025-11-21,70.0,0.49,0.53,191.0,2611,0.7612328564453126,40.7,40.0,40.85,0.5814285714285715
SMCI,SMCI260515C00095000,Call,2026-05-15,95.0,1.03,1.11,93.0,1829,0.6879914013671876,40.7,40.0,40.85,0.428421052631579
SMCI,SMCI260320C00075000,Call,2026-03-20,75.0,1.27,1.36,82.0,978,0.6606479248046876,40.7,40.0,40.85,0.5426666666666667
SMCI,SMCI251017C00030000,Call,2025-10-17,30.0,10.75,11.25,21.0,96,0.639652041015625,40.7,40.0,40.85,1.356666666666667
SMCI,SMCI260220P00032000,Put,2026-02-20,32.0,2.49,2.62,141.0,167,0.6049844189453126,40.7,40.0,40.85,0.7862407862407862
SMCI,SMCI251010P00041000,Put,2025-10-10,41.0,2.7,2.82,14.0,79,0.5029346582031251,40.7,40.0,40.85,1.0073710073710074
SMCI,SMCI260918C00090000,Call,2026-09-18,90.0,2.0,2.12,1.0,368,0.6387975573730469,40.7,40.0,40.85,0.4522222222222222
SMCI,SMCI250912C00045500,Call,2025-09-12,45.5,0.14,0.15,16275.0,1096,0.52539537109375,40.7,40.0,40.85,0.8945054945054945
SMCI,SMCI250912P00045500,Put,2025-09-12,45.5,4.75,5.0,30.0,185,0.5722699023437501,40.7,40.0,40.85,1.1179361179361178
SMCI,SMCI261218P00055000,Put,2026-12-18,55.0,18.25,19.4,2.0,505,0.507817421875,40.7,40.0,40.85,1.351351351351351
SMCI,SMCI260116C00072000,Call,2026-01-16,72.0,0.83,0.89,31.0,1236,0.6826203613281252,40.7,40.0,40.85,0.5652777777777778
SMCI,SMCI250926P00038000,Put,2025-09-26,38.0,0.94,1.0,9.0,552,0.5190477783203125,40.7,40.0,40.85,0.9336609336609336
SMCI,SMCI250926C00049000,Call,2025-09-26,49.0,0.31,0.33,42.0,611,0.5839885351562499,40.7,40.0,40.85,0.8306122448979593
SMCI,SMCI250912C00044500,Call,2025-09-12,44.5,0.21,0.23,28481.0,11802,0.5048877636718749,40.7,40.0,40.85,0.9146067415730338
SMCI,SMCI251003P00038000,Put,2025-10-03,38.0,1.22,1.28,21.0,144,0.5249070947265625,40.7,40.0,40.85,0.9336609336609336
SMCI,SMCI260116C00073000,Call,2026-01-16,73.0,0.8,0.85,1.0,568,0.6870148486328126,40.7,40.0,40.85,0.5575342465753425
SMCI,SMCI260918C00075000,Call,2026-09-18,75.0,3.05,3.2,2.0,153,0.6286658227539064,40.7,40.0,40.85,0.5426666666666667
SMCI,SMCI250905C00037000,Call,2025-09-05,37.0,3.65,3.8,12.0,68,0.6953155468750001,40.7,40.0,40.85,1.1
SMCI,SMCI270115C00066000,Call,2027-01-15,66.0,5.35,5.65,21.0,317,0.6214637463378907,40.7,40.0,40.85,0.6166666666666667
SMCI,SMCI260515C00090000,Call,2026-05-15,90.0,1.18,1.25,19.0,444,0.6784700122070313,40.7,40.0,40.85,0.4522222222222222
SMCI,SMCI261218C00082000,Call,2026-12-18,82.0,3.35,3.55,27.0,485,0.6302527209472657,40.7,40.0,40.85,0.4963414634146342
SMCI,SMCI250905C00038000,Call,2025-09-05,38.0,2.62,2.76,34.0,260,0.6367223828125,40.7,40.0,40.85,1.0710526315789477
SMCI,SMCI250905C00042000,Call,2025-09-05,42.0,0.11,0.12,10590.0,11815,0.4414118359375,40.7,40.0,40.85,0.9690476190476192
SMCI,SMCI251121P00027000,Put,2025-11-21,27.0,0.52,0.55,1.0,449,0.702151416015625,40.7,40.0,40.85,0.6633906633906633
SMCI,SMCI270115C00062000,Call,2027-01-15,62.0,6.0,6.35,40.0,528,0.6228065063476562,40.7,40.0,40.85,0.6564516129032258
SMCI,SMCI260116C00074000,Call,2026-01-16,74.0,0.77,0.82,8.0,1054,0.6916534741210938,40.7,40.0,40.85,0.55
SMCI,SMCI261218C00024000,Call,2026-12-18,24.0,20.45,21.3,15.0,90,0.7531762963867188,40.7,40.0,40.85,1.6958333333333335
SMCI,SMCI251010C00041000,Call,2025-10-10,41.0,2.59,2.7,20.0,101,0.5388229711914063,40.7,40.0,40.85,0.9926829268292684
SMCI,SMCI271217P00023000,Put,2027-12-17,23.0,3.65,3.85,3.0,389,0.5651898950195313,40.7,40.0,40.85,0.5651105651105651
SMCI,SMCI260116C00080000,Call,2026-01-16,80.0,0.62,0.67,6.0,6093,0.7182645361328125,40.7,40.0,40.85,0.50875
SMCI,SMCI251219C00065000,Call,2025-12-19,65.0,0.88,0.94,57.0,1676,0.6811555322265627,40.7,40.0,40.85,0.6261538461538462
SMCI,SMCI260220C00043000,Call,2026-02-20,43.0,6.0,6.25,27.0,102,0.6384313500976562,40.7,40.0,40.85,0.9465116279069768
SMCI,SMCI250912P00040500,Put,2025-09-12,40.5,1.05,1.1,557.0,202,0.47070841796875,40.7,40.0,40.85,0.995085995085995
SMCI,SMCI261218C00078000,Call,2026-12-18,78.0,3.7,3.9,2.0,424,0.6280554772949221,40.7,40.0,40.85,0.5217948717948718
SMCI,SMCI250926C00043000,Call,2025-09-26,43.0,1.17,1.23,383.0,331,0.5151415673828125,40.7,40.0,40.85,0.9465116279069768
SMCI,SMCI250926C00038000,Call,2025-09-26,38.0,3.7,3.85,49.0,100,0.5493209130859377,40.7,40.0,40.85,1.0710526315789477
SMCI,SMCI260116C00071000,Call,2026-01-16,71.0,0.87,0.92,8.0,659,0.6782258740234376,40.7,40.0,40.85,0.5732394366197183
SMCI,SMCI260515C00085000,Call,2026-05-15,85.0,1.36,1.42,2.0,150,0.6682162084960939,40.7,40.0,40.85,0.4788235294117647
SMCI,SMCI271217C00080000,Call,2027-12-17,80.0,6.8,7.15,4.0,345,0.6215858154296876,40.7,40.0,40.85,0.50875
SMCI,SMCI260618P00028000,Put,2026-06-18,28.0,2.39,2.55,4.0,1908,0.5954630297851562,40.7,40.0,40.85,0.6879606879606879
SMCI,SMCI261218C00094000,Call,2026-12-18,94.0,2.54,2.68,1.0,546,0.6357458300781251,40.7,40.0,40.85,0.4329787234042553
SMCI,SMCI260515P00020000,Put,2026-05-15,20.0,0.75,0.79,20.0,452,0.6748079394531252,40.7,40.0,40.85,0.4914004914004913
SMCI,SMCI250919C00015000,Call,2025-09-19,15.0,25.6,26.55,1.0,74,3.031252421875,40.7,40.0,40.85,2.7133333333333334
SMCI,SMCI251121P00029000,Put,2025-11-21,29.0,0.74,0.78,39.0,519,0.6738313867187502,40.7,40.0,40.85,0.7125307125307124
SMCI,SMCI251003C00038000,Call,2025-10-03,38.0,4.05,4.2,2.0,77,0.567387138671875,40.7,40.0,40.85,1.0710526315789477
SMCI,SMCI260320C00065000,Call,2026-03-20,65.0,1.97,2.11,72.0,3949,0.6433141137695313,40.7,40.0,40.85,0.6261538461538462
SMCI,SMCI261218C00098000,Call,2026-12-18,98.0,2.35,2.46,3.0,267,0.6387975573730469,40.7,40.0,40.85,0.4153061224489796
SMCI,SMCI250919C00044500,Call,2025-09-19,44.5,0.51,0.54,73.0,1184,0.5151415673828125,40.7,40.0,40.85,0.9146067415730338
SMCI,SMCI250926P00039000,Put,2025-09-26,39.0,1.25,1.31,87.0,334,0.50586431640625,40.7,40.0,40.85,0.9582309582309582
SMCI,SMCI261218P00068000,Put,2026-12-18,68.0,38.05,39.75,10.0,250,0.991333094482422,40.7,40.0,40.85,1.6707616707616706
SMCI,SMCI250919C00042500,Call,2025-09-19,42.5,0.95,1.0,432.0,676,0.5053760400390624,40.7,40.0,40.85,0.9576470588235296
SMCI,SMCI250912P00048000,Put,2025-09-12,48.0,7.2,7.5,8.0,181,0.570316796875,40.7,40.0,40.85,1.1793611793611791
SMCI,SMCI250912P00046500,Put,2025-09-12,46.5,5.75,5.95,6.0,79,0.6035195898437502,40.7,40.0,40.85,1.1425061425061425
SMCI,SMCI250905C00035000,Call,2025-09-05,35.0,5.6,5.8,66.0,90,0.500005,40.7,40.0,40.85,1.162857142857143
SMCI,SMCI250912P00038000,Put,2025-09-12,38.0,0.32,0.34,866.0,2489,0.5029346582031251,40.7,40.0,40.85,0.9336609336609336
SMCI,SMCI261218C00047000,Call,2026-12-18,47.0,9.25,9.7,1.0,458,0.6370885900878906,40.7,40.0,40.85,0.8659574468085107
SMCI,SMCI260116C00056000,Call,2026-01-16,56.0,1.94,2.06,6.0,2308,0.6235389208984375,40.7,40.0,40.85,0.7267857142857144
SMCI,SMCI250905P00045500,Put,2025-09-05,45.5,4.65,4.85,6.0,240,0.8828136718749999,40.7,40.0,40.85,1.1179361179361178
SMCI,SMCI250912C00044000,Call,2025-09-12,44.0,0.26,0.28,999.0,16921,0.500005,40.7,40.0,40.85,0.925
SMCI,SMCI251017C00049000,Call,2025-10-17,49.0,0.81,0.86,45.0,2677,0.5722699023437501,40.7,40.0,40.85,0.8306122448979593
SMCI,SMCI251003C00043000,Call,2025-10-03,43.0,1.53,1.59,5.0,159,0.5327195166015625,40.7,40.0,40.85,0.9465116279069768
SMCI,SMCI260116C00075000,Call,2026-01-16,75.0,0.74,0.79,6.0,5836,0.6958038232421876,40.7,40.0,40.85,0.5426666666666667
SMCI,SMCI261218C00096000,Call,2026-12-18,96.0,2.44,2.57,3.0,1055,0.6373327282714845,40.7,40.0,40.85,0.4239583333333334
SMCI,SMCI260320P00030000,Put,2026-03-20,30.0,2.14,2.26,3.0,1568,0.5983926879882813,40.7,40.0,40.85,0.7371007371007371
SMCI,SMCI250919P00041000,Put,2025-09-19,41.0,1.75,1.86,67.0,3718,0.500005,40.7,40.0,40.85,1.0073710073710074
SMCI,SMCI270115C00085000,Call,2027-01-15,85.0,3.3,3.5,1.0,2800,0.626102371826172,40.7,40.0,40.85,0.4788235294117647
SMCI,SMCI270115P00025000,Put,2027-01-15,25.0,2.83,3.0,1695.0,2700,0.5816692224121094,40.7,40.0,40.85,0.6142506142506142
SMCI,SMCI260220C00070000,Call,2026-02-20,70.0,1.27,1.34,48.0,1441,0.6584506811523438,40.7,40.0,40.85,0.5814285714285715
SMCI,SMCI250926C00042000,Call,2025-09-26,42.0,1.5,1.57,222.0,490,0.5127001855468749,40.7,40.0,40.85,0.9690476190476192
SMCI,SMCI260220C00055000,Call,2026-02-20,55.0,2.77,2.92,26.0,1323,0.6276892700195313,40.7,40.0,40.85,0.7400000000000001
SMCI,SMCI261218C00086000,Call,2026-12-18,86.0,3.05,3.2,20.0,737,0.6314734118652343,40.7,40.0,40.85,0.4732558139534884
SMCI,SMCI260116C00037000,Call,2026-01-16,37.0,7.65,8.05,14.0,1129,0.6208534008789064,40.7,40.0,40.85,1.1
SMCI,SMCI250919C00046000,Call,2025-09-19,46.0,0.32,0.34,139.0,4434,0.5312546875,40.7,40.0,40.85,0.8847826086956523
SMCI,SMCI250926C00041000,Call,2025-09-26,41.0,1.93,2.01,288.0,284,0.51758294921875,40.7,40.0,40.85,0.9926829268292684
SMCI,SMCI260116P00028000,Put,2026-01-16,28.0,1.07,1.14,1.0,6778,0.6281775463867189,40.7,40.0,40.85,0.6879606879606879
SMCI,SMCI261218P00047000,Put,2026-12-18,47.0,13.45,13.95,3.0,162,0.5241746801757812,40.7,40.0,40.85,1.154791154791155
SMCI,SMCI261218P00027000,Put,2026-12-18,27.0,3.35,3.5,1.0,461,0.5783733569335938,40.7,40.0,40.85,0.6633906633906633
SMCI,SMCI251121P00028000,Put,2025-11-21,28.0,0.62,0.65,5.0,749,0.6860382958984376,40.7,40.0,40.85,0.6879606879606879
SMCI,SMCI260320P00023000,Put,2026-03-20,23.0,0.84,0.88,6.0,700,0.6596713720703126,40.7,40.0,40.85,0.5651105651105651
SMCI,SMCI250912C00038000,Call,2025-09-12,38.0,3.05,3.15,66.0,95,0.5429733203125001,40.7,40.0,40.85,1.0710526315789477
SMCI,SMCI250912P00044500,Put,2025-09-12,44.5,3.9,4.05,65.0,209,0.52539537109375,40.7,40.0,40.85,1.0933660933660934
SMCI,SMCI250919C00050000,Call,2025-09-19,50.0,0.14,0.15,612.0,17719,0.624027197265625,40.7,40.0,40.85,0.8140000000000001
SMCI,SMCI251121C00065000,Call,2025-11-21,65.0,0.62,0.66,203.0,7124,0.7231472998046875,40.7,40.0,40.85,0.6261538461538462
SMCI,SMCI271217P00050000,Put,2027-12-17,50.0,18.0,18.65,10.0,153,0.5073291455078125,40.7,40.0,40.85,1.2285012285012284
SMCI,SMCI260515P00025000,Put,2026-05-15,25.0,1.51,1.58,1.0,655,0.6267127172851563,40.7,40.0,40.85,0.6142506142506142
SMCI,SMCI250905P00041000,Put,2025-09-05,41.0,0.63,0.67,638.0,7110,0.41992767578125,40.7,40.0,40.85,1.0073710073710074
SMCI,SMCI260515P00023000,Put,2026-05-15,23.0,1.16,1.21,1.0,440,0.6438023901367188,40.7,40.0,40.85,0.5651105651105651
SMCI,SMCI260918P00065000,Put,2026-09-18,65.0,26.35,27.3,1.0,166,0.5023243127441408,40.7,40.0,40.85,1.597051597051597
SMCI,SMCI251219P00034000,Put,2025-12-19,34.0,2.13,2.21,15.0,208,0.5983926879882813,40.7,40.0,40.85,0.8353808353808353
SMCI,SMCI260220C00065000,Call,2026-02-20,65.0,1.62,1.69,14.0,468,0.64648791015625,40.7,40.0,40.85,0.6261538461538462
SMCI,SMCI260918C00065000,Call,2026-09-18,65.0,4.25,4.4,7.0,154,0.6269568554687501,40.7,40.0,40.85,0.6261538461538462
SMCI,SMCI250905C00041000,Call,2025-09-05,41.0,0.34,0.36,4099.0,4119,0.4101621484375,40.7,40.0,40.85,0.9926829268292684
SMCI,SMCI250912P00042500,Put,2025-09-12,42.5,2.26,2.35,77.0,308,0.4794973925781249,40.7,40.0,40.85,1.0442260442260445
SMCI,SMCI261218C00092000,Call,2026-12-18,92.0,2.65,2.78,1.0,1131,0.6337927246093751,40.7,40.0,40.85,0.4423913043478261
SMCI,SMCI260918C00070000,Call,2026-09-18,70.0,3.6,3.75,6.0,404,0.6281775463867189,40.7,40.0,40.85,0.5814285714285715
SMCI,SMCI261218P00025000,Put,2026-12-18,25.0,2.75,2.87,40.0,545,0.5886271606445312,40.7,40.0,40.85,0.6142506142506142
SMCI,SMCI260618C00075000,Call,2026-06-18,75.0,2.15,2.27,3.0,3037,0.6403844555664062,40.7,40.0,40.85,0.5426666666666667
SMCI,SMCI260116P00029000,Put,2026-01-16,29.0,1.24,1.3,1.0,1094,0.6164589135742189,40.7,40.0,40.85,0.7125307125307124
SMCI,SMCI261218C00060000,Call,2026-12-18,60.0,6.05,6.4,73.0,4315,0.624149266357422,40.7,40.0,40.85,0.6783333333333333
SMCI,SMCI250905C00040500,Call,2025-09-05,40.5,0.58,0.61,8971.0,1850,0.41992767578125,40.7,40.0,40.85,1.0049382716049384
SMCI,SMCI250905P00041500,Put,2025-09-05,41.5,0.97,1.02,88.0,1877,0.4335994140625,40.7,40.0,40.85,1.0196560196560196
SMCI,SMCI261218C00120000,Call,2026-12-18,120.0,1.59,1.69,63.0,10443,0.6577182666015625,40.7,40.0,40.85,0.3391666666666666
SMCI,SMCI260618C00080000,Call,2026-06-18,80.0,1.81,1.9,2.0,1621,0.6442906665039063,40.7,40.0,40.85,0.50875
SMCI,SMCI251017C00047000,Call,2025-10-17,47.0,1.09,1.14,110.0,929,0.5564009204101563,40.7,40.0,40.85,0.8659574468085107
SMCI,SMCI250912P00043500,Put,2025-09-12,43.5,3.05,3.15,9.0,137,0.492192578125,40.7,40.0,40.85,1.0687960687960687
SMCI,SMCI250912P00044000,Put,2025-09-12,44.0,3.45,3.6,73.0,680,0.5117236328125,40.7,40.0,40.85,1.081081081081081
SMCI,SMCI260116C00052000,Call,2026-01-16,52.0,2.54,2.67,30.0,2134,0.6125527026367189,40.7,40.0,40.85,0.7826923076923078
SMCI,SMCI271217C00055000,Call,2027-12-17,55.0,11.0,11.45,1.0,477,0.6320837573242188,40.7,40.0,40.85,0.7400000000000001
SMCI,SMCI260918P00030000,Put,2026-09-18,30.0,3.75,3.9,1.0,434,0.5734905932617188,40.7,40.0,40.85,0.7371007371007371
SMCI,SMCI271217P00038000,Put,2027-12-17,38.0,10.3,10.75,2.0,765,0.5109301837158204,40.7,40.0,40.85,0.9336609336609336
SMCI,SMCI251003C00046000,Call,2025-10-03,46.0,0.82,0.85,123.0,270,0.5449264257812501,40.7,40.0,40.85,0.8847826086956523
SMCI,SMCI250905C00036000,Call,2025-09-05,36.0,4.65,4.8,74.0,142,0.85937640625,40.7,40.0,40.85,1.1305555555555555
SMCI,SMCI271217P00045000,Put,2027-12-17,45.0,14.4,15.0,40.0,591,0.5052539709472657,40.7,40.0,40.85,1.1056511056511056
SMCI,SMCI260116P00026000,Put,2026-01-16,26.0,0.79,0.83,10.0,2344,0.6489292919921875,40.7,40.0,40.85,0.6388206388206388
SMCI,SMCI250919C00044000,Call,2025-09-19,44.0,0.59,0.62,454.0,2424,0.506840869140625,40.7,40.0,40.85,0.925
SMCI,SMCI251017C00046000,Call,2025-10-17,46.0,1.27,1.33,134.0,1416,0.5500533276367189,40.7,40.0,40.85,0.8847826086956523
SMCI,SMCI251219C00060000,Call,2025-12-19,60.0,1.19,1.25,26.0,2312,0.6577182666015625,40.7,40.0,40.85,0.6783333333333333
SMCI,SMCI261218P00062000,Put,2026-12-18,62.0,24.25,25.4,12.0,1516,0.523442265625,40.7,40.0,40.85,1.5233415233415233
SMCI,SMCI260618C00043000,Call,2026-06-18,43.0,8.15,8.5,4.0,787,0.6446568737792968,40.7,40.0,40.85,0.9465116279069768
SMCI,SMCI250905C00041500,Call,2025-09-05,41.5,0.2,0.21,3015.0,2348,0.42383388671875,40.7,40.0,40.85,0.9807228915662652
SMCI,SMCI251017P00036000,Put,2025-10-17,36.0,1.09,1.13,437.0,315,0.5415084912109377,40.7,40.0,40.85,0.8845208845208845
SMCI,SMCI260116C00059000,Call,2026-01-16,59.0,1.63,1.7,2.0,830,0.6335485864257813,40.7,40.0,40.85,0.6898305084745763
SMCI,SMCI260220P00037000,Put,2026-02-20,37.0,4.3,4.45,13.0,242,0.5756878369140624,40.7,40.0,40.85,0.9090909090909092
SMCI,SMCI270115C00068000,Call,2027-01-15,68.0,5.2,5.4,20.0,423,0.6267127172851563,40.7,40.0,40.85,0.598529411764706
SMCI,SMCI251219P00033000,Put,2025-12-19,33.0,1.85,1.9,13.0,72,0.6040078662109377,40.7,40.0,40.85,0.8108108108108107
SMCI,SMCI251017C00037000,Call,2025-10-17,37.0,5.2,5.35,38.0,97,0.5732464550781251,40.7,40.0,40.85,1.1
SMCI,SMCI261218C00021000,Call,2026-12-18,21.0,22.55,23.15,1.0,71,0.7709983837890625,40.7,40.0,40.85,1.9380952380952383
SMCI,SMCI250905C00039500,Call,2025-09-05,39.5,1.3,1.35,354.0,475,0.4687553125,40.7,40.0,40.85,1.0303797468354432
SMCI,SMCI261218C00074000,Call,2026-12-18,74.0,4.15,4.35,1.0,2203,0.6289099609375001,40.7,40.0,40.85,0.55
SMCI,SMCI260515C00060000,Call,2026-05-15,60.0,3.4,3.55,15.0,1180,0.6356237609863282,40.7,40.0,40.85,0.6783333333333333
SMCI,SMCI260116C00068000,Call,2026-01-16,68.0,1.01,1.05,16.0,584,0.6669955175781253,40.7,40.0,40.85,0.598529411764706
SMCI,SMCI250926C00044000,Call,2025-09-26,44.0,0.91,0.95,240.0,1210,0.5185595019531251,40.7,40.0,40.85,0.925
SMCI,SMCI260320C00044000,Call,2026-03-20,44.0,6.15,6.35,134.0,197,0.631839619140625,40.7,40.0,40.85,0.925
SMCI,SMCI250912C00043000,Call,2025-09-12,43.0,0.43,0.45,867.0,1833,0.49023947265625,40.7,40.0,40.85,0.9465116279069768
SMCI,SMCI261218C00100000,Call,2026-12-18,100.0,2.26,2.37,1.0,2585,0.6405065246582031,40.7,40.0,40.85,0.407
SMCI,SMCI260220P00031000,Put,2026-02-20,31.0,2.2,2.26,21.0,85,0.6066933862304689,40.7,40.0,40.85,0.7616707616707616
SMCI,SMCI260515C00075000,Call,2026-05-15,75.0,1.88,1.96,38.0,992,0.6521030883789063,40.7,40.0,40.85,0.5426666666666667
SMCI,SMCI271217P00033000,Put,2027-12-17,33.0,7.85,8.1,1.0,182,0.5291795129394532,40.7,40.0,40.85,0.8108108108108107
SMCI,SMCI250919P00046500,Put,2025-09-19,46.5,5.95,6.15,2.0,245,0.5185595019531251,40.7,40.0,40.85,1.1425061425061425
SMCI,SMCI251121P00030000,Put,2025-11-21,30.0,0.88,0.92,205.0,1648,0.6606479248046876,40.7,40.0,40.85,0.7371007371007371
SMCI,SMCI260116C00055000,Call,2026-01-16,55.0,2.11,2.22,132.0,4842,0.6245154736328126,40.7,40.0,40.85,0.7400000000000001
SMCI,SMCI261218C00076000,Call,2026-12-18,76.0,3.95,4.1,37.0,505,0.6289099609375001,40.7,40.0,40.85,0.5355263157894737
SMCI,SMCI250912C00041500,Call,2025-09-12,41.5,0.84,0.89,897.0,15914,0.485356708984375,40.7,40.0,40.85,0.9807228915662652
SMCI,SMCI260918C00085000,Call,2026-09-18,85.0,2.32,2.43,2.0,2328,0.6372106591796876,40.7,40.0,40.85,0.4788235294117647
SMCI,SMCI260515C00080000,Call,2026-05-15,80.0,1.59,1.65,6.0,496,0.6596713720703126,40.7,40.0,40.85,0.50875
SMCI,SMCI260220C00048000,Call,2026-02-20,48.0,4.35,4.5,11.0,293,0.6286658227539064,40.7,40.0,40.85,0.8479166666666668
SMCI,SMCI260116C00064000,Call,2026-01-16,64.0,1.23,1.28,201.0,808,0.6508823974609376,40.7,40.0,40.85,0.6359375
SMCI,SMCI260116C00070000,Call,2026-01-16,70.0,0.91,0.96,655.0,8151,0.6738313867187502,40.7,40.0,40.85,0.5814285714285715
SMCI,SMCI271217C00038000,Call,2027-12-17,38.0,16.15,16.65,5.0,170,0.6585727502441407,40.7,40.0,40.85,1.0710526315789477
SMCI,SMCI271217P00090000,Put,2027-12-17,90.0,50.6,52.05,5.0,118,0.4714408325195312,40.7,40.0,40.85,2.211302211302211
SMCI,SMCI260116P00027000,Put,2026-01-16,27.0,0.92,0.97,1.0,7712,0.637698935546875,40.7,40.0,40.85,0.6633906633906633
SMCI,SMCI251003C00045000,Call,2025-10-03,45.0,1.01,1.05,143.0,724,0.5400436621093752,40.7,40.0,40.85,0.9044444444444444
SMCI,SMCI261218P00026000,Put,2026-12-18,26.0,3.05,3.2,1.0,3511,0.584965087890625,40.7,40.0,40.85,0.6388206388206388
SMCI,SMCI270115P00023000,Put,2027-01-15,23.0,2.32,2.43,18.0,2827,0.5944864770507813,40.7,40.0,40.85,0.5651105651105651
SMCI,SMCI251003C00042000,Call,2025-10-03,42.0,1.89,1.95,126.0,214,0.5327195166015625,40.7,40.0,40.85,0.9690476190476192
SMCI,SMCI250912C00033000,Call,2025-09-12,33.0,7.65,7.85,3.0,84,0.7187528125,40.7,40.0,40.85,1.2333333333333334
SMCI,SMCI250912C00040500,Call,2025-09-12,40.5,1.3,1.35,374.0,671,0.49023947265625,40.7,40.0,40.85,1.0049382716049384
SMCI,SMCI251003P00040000,Put,2025-10-03,40.0,1.97,2.04,62.0,416,0.5073291455078125,40.7,40.0,40.85,0.9828009828009828
SMCI,SMCI271217C00070000,Call,2027-12-17,70.0,8.15,8.45,2.0,540,0.6218909881591796,40.7,40.0,40.85,0.5814285714285715
SMCI,SMCI250912C00039000,Call,2025-09-12,39.0,2.25,2.31,126.0,98,0.5009815527343751,40.7,40.0,40.85,1.0435897435897437
SMCI,SMCI251017C00055000,Call,2025-10-17,55.0,0.42,0.44,151.0,3381,0.6425816992187501,40.7,40.0,40.85,0.7400000000000001
SMCI,SMCI261218P00028000,Put,2026-12-18,28.0,3.7,3.85,1.0,1038,0.5747112841796875,40.7,40.0,40.85,0.6879606879606879
SMCI,SMCI261218C00064000,Call,2026-12-18,64.0,5.55,5.75,3.0,498,0.6303747900390625,40.7,40.0,40.85,0.6359375
SMCI,SMCI260116P00031000,Put,2026-01-16,31.0,1.66,1.73,1.0,1436,0.6001016552734376,40.7,40.0,40.85,0.7616707616707616
SMCI,SMCI260116C00062000,Call,2026-01-16,62.0,1.37,1.42,1.0,556,0.6430699755859376,40.7,40.0,40.85,0.6564516129032258
SMCI,SMCI250912P00039000,Put,2025-09-12,39.0,0.52,0.54,834.0,780,0.48242705078125,40.7,40.0,40.85,0.9582309582309582
SMCI,SMCI251017P00035000,Put,2025-10-17,35.0,0.87,0.91,591.0,2844,0.55273884765625,40.7,40.0,40.85,0.8599508599508598
SMCI,SMCI270115P00020000,Put,2027-01-15,20.0,1.63,1.72,4.0,14598,0.6145058081054688,40.7,40.0,40.85,0.4914004914004913
SMCI,SMCI250919C00018000,Call,2025-09-19,18.0,22.4,22.95,3.0,75,2.3242229394531244,40.7,40.0,40.85,2.261111111111111
SMCI,SMCI250905C00040000,Call,2025-09-05,40.0,0.89,0.93,2446.0,2578,0.42383388671875,40.7,40.0,40.85,1.0175
SMCI,SMCI270115P00029000,Put,2027-01-15,29.0,4.25,4.4,1.0,497,0.5687298986816407,40.7,40.0,40.85,0.7125307125307124
SMCI,SMCI251121C00060000,Call,2025-11-21,60.0,0.83,0.87,253.0,5404,0.6862824340820313,40.7,40.0,40.85,0.6783333333333333
SMCI,SMCI251017C00048000,Call,2025-10-17,48.0,0.94,0.98,88.0,2022,0.5634809277343751,40.7,40.0,40.85,0.8479166666666668
SMCI,SMCI250912P00041000,Put,2025-09-12,41.0,1.3,1.35,286.0,1001,0.46680220703125,40.7,40.0,40.85,1.0073710073710074
SMCI,SMCI271217P00085000,Put,2027-12-17,85.0,45.65,46.8,1.0,95,0.4378718322753906,40.7,40.0,40.85,2.0884520884520885
SMCI,SMCI250919C00042000,Call,2025-09-19,42.0,1.12,1.17,608.0,3116,0.5048877636718749,40.7,40.0,40.85,0.9690476190476192
SMCI,SMCI260515C00070000,Call,2026-05-15,70.0,2.25,2.34,4.0,1399,0.6440465283203125,40.7,40.0,40.85,0.5814285714285715
SMCI,SMCI270115C00080000,Call,2027-01-15,80.0,3.75,3.95,45.0,14725,0.6256140954589844,40.7,40.0,40.85,0.50875
SMCI,SMCI260320P00028000,Put,2026-03-20,28.0,1.69,1.76,100.0,1826,0.614261669921875,40.7,40.0,40.85,0.6879606879606879
SMCI,SMCI271217C00065000,Call,2027-12-17,65.0,8.95,9.3,3.0,1234,0.6235389208984375,40.7,40.0,40.85,0.6261538461538462
SMCI,SMCI260116C00057000,Call,2026-01-16,57.0,1.86,1.93,35.0,974,0.6289099609375001,40.7,40.0,40.85,0.7140350877192982
SMCI,SMCI251219P00070000,Put,2025-12-19,70.0,29.15,29.9,5.0,113,0.5561567822265626,40.7,40.0,40.85,1.7199017199017197
SMCI,SMCI251003P00044000,Put,2025-10-03,44.0,4.35,4.45,26.0,69,0.507817421875,40.7,40.0,40.85,1.081081081081081
SMCI,SMCI250919P00039000,Put,2025-09-19,39.0,0.9,0.94,209.0,3488,0.497075341796875,40.7,40.0,40.85,0.9582309582309582
SMCI,SMCI250912P00047000,Put,2025-09-12,47.0,6.25,6.4,3.0,85,0.5839885351562499,40.7,40.0,40.85,1.154791154791155
SMCI,SMCI260320C00048000,Call,2026-03-20,48.0,4.85,5.0,5.0,315,0.6248816809082032,40.7,40.0,40.85,0.8479166666666668
SMCI,SMCI250919C00041500,Call,2025-09-19,41.5,1.32,1.36,230.0,281,0.5043994873046875,40.7,40.0,40.85,0.9807228915662652
SMCI,SMCI250919P00037000,Put,2025-09-19,37.0,0.44,0.46,165.0,4489,0.523442265625,40.7,40.0,40.85,0.9090909090909092
SMCI,SMCI260116P00025000,Put,2026-01-16,25.0,0.68,0.71,23.0,3556,0.6621127539062501,40.7,40.0,40.85,0.6142506142506142
SMCI,SMCI250912P00049000,Put,2025-09-12,49.0,8.15,8.4,100.0,320,0.710940390625,40.7,40.0,40.85,1.2039312039312038
SMCI,SMCI260515P00028000,Put,2026-05-15,28.0,2.2,2.28,1.0,918,0.6064492480468751,40.7,40.0,40.85,0.6879606879606879
SMCI,SMCI260116P00082000,Put,2026-01-16,82.0,41.25,42.3,2.0,122,0.692385888671875,40.7,40.0,40.85,2.0147420147420148
SMCI,SMCI270115P00085000,Put,2027-01-15,85.0,42.5,43.65,10.0,169,1.0000000000000004e-05,40.7,40.0,40.85,2.0884520884520885
SMCI,SMCI250912P00043000,Put,2025-09-12,43.0,2.65,2.74,115.0,620,0.485356708984375,40.7,40.0,40.85,1.0565110565110565
SMCI,SMCI250919C00041000,Call,2025-09-19,41.0,1.54,1.6,837.0,1597,0.5029346582031251,40.7,40.0,40.85,0.9926829268292684
SMCI,SMCI250912C00037000,Call,2025-09-12,37.0,3.9,4.0,68.0,133,0.5664105859375,40.7,40.0,40.85,1.1
SMCI,SMCI271217C00030000,Call,2027-12-17,30.0,19.65,20.2,36.0,208,0.6875031250000001,40.7,40.0,40.85,1.356666666666667
SMCI,SMCI261218C00075000,Call,2026-12-18,75.0,4.05,4.2,30.0,1143,0.6281775463867189,40.7,40.0,40.85,0.5426666666666667
SMCI,SMCI260116C00065000,Call,2026-01-16,65.0,1.15,1.2,29.0,3907,0.6518589501953126,40.7,40.0,40.85,0.6261538461538462
SMCI,SMCI251017C00039000,Call,2025-10-17,39.0,3.95,4.05,21.0,132,0.5581098876953126,40.7,40.0,40.85,1.0435897435897437
SMCI,SMCI260320C00039000,Call,2026-03-20,39.0,8.25,8.45,14.0,108,0.6439244592285156,40.7,40.0,40.85,1.0435897435897437
SMCI,SMCI261218C00090000,Call,2026-12-18,90.0,2.8,2.91,3.0,1951,0.6337927246093751,40.7,40.0,40.85,0.4522222222222222
SMCI,SMCI260320C00055000,Call,2026-03-20,55.0,3.25,3.4,40.0,7247,0.626102371826172,40.7,40.0,40.85,0.7400000000000001
SMCI,SMCI251121P00031000,Put,2025-11-21,31.0,1.05,1.09,4.0,1589,0.6499058447265625,40.7,40.0,40.85,0.7616707616707616
SMCI,SMCI271217P00055000,Put,2027-12-17,55.0,21.4,21.95,8.0,148,0.4865163653564454,40.7,40.0,40.85,1.351351351351351
SMCI,SMCI250926P00043000,Put,2025-09-26,43.0,3.3,3.4,12.0,374,0.4892629199218751,40.7,40.0,40.85,1.0565110565110565
SMCI,SMCI260220C00060000,Call,2026-02-20,60.0,2.12,2.2,163.0,1597,0.6374547973632813,40.7,40.0,40.85,0.6783333333333333
SMCI,SMCI270115P00065000,Put,2027-01-15,65.0,27.35,28.25,1.0,653,0.5258836474609375,40.7,40.0,40.85,1.597051597051597
SMCI,SMCI260320P00025000,Put,2026-03-20,25.0,1.13,1.17,25.0,1063,0.6394079028320312,40.7,40.0,40.85,0.6142506142506142
SMCI,SMCI250919P00044000,Put,2025-09-19,44.0,3.75,3.9,30.0,2594,0.5053760400390624,40.7,40.0,40.85,1.081081081081081
SMCI,SMCI250926C00040000,Call,2025-09-26,40.0,2.46,2.53,78.0,278,0.5268602001953125,40.7,40.0,40.85,1.0175
SMCI,SMCI261218C00106000,Call,2026-12-18,106.0,2.03,2.11,4.0,2358,0.6455113574218749,40.7,40.0,40.85,0.3839622641509434
SMCI,SMCI260116C00067000,Call,2026-01-16,67.0,1.06,1.1,1.0,1722,0.6628451684570313,40.7,40.0,40.85,0.6074626865671642
SMCI,SMCI260320C00060000,Call,2026-03-20,60.0,2.51,2.62,15.0,5856,0.6322058264160157,40.7,40.0,40.85,0.6783333333333333
SMCI,SMCI251121P00032000,Put,2025-11-21,32.0,1.24,1.28,1.0,616,0.63867548828125,40.7,40.0,40.85,0.7862407862407862
SMCI,SMCI261218C00030000,Call,2026-12-18,30.0,16.75,17.3,2.0,690,0.7000762414550781,40.7,40.0,40.85,1.356666666666667
SMCI,SMCI261218C00080000,Call,2026-12-18,80.0,3.55,3.7,1.0,4399,0.6295203063964845,40.7,40.0,40.85,0.50875
SMCI,SMCI250919C00040500,Call,2025-09-19,40.5,1.78,1.83,535.0,297,0.5024463818359376,40.7,40.0,40.85,1.0049382716049384
SMCI,SMCI250919C00047000,Call,2025-09-19,47.0,0.25,0.26,315.0,3194,0.5507857421875001,40.7,40.0,40.85,0.8659574468085107
SMCI,SMCI250926P00041000,Put,2025-09-26,41.0,2.13,2.19,25.0,306,0.49805189453125,40.7,40.0,40.85,1.0073710073710074
SMCI,SMCI271217C00025000,Call,2027-12-17,25.0,22.05,22.6,4.0,160,0.6995879650878907,40.7,40.0,40.85,1.628
SMCI,SMCI271217P00043000,Put,2027-12-17,43.0,13.4,13.9,2.0,1910,0.5061084545898438,40.7,40.0,40.85,1.0565110565110565
SMCI,SMCI250912P00041500,Put,2025-09-12,41.5,1.59,1.64,43.0,622,0.4653373779296875,40.7,40.0,40.85,1.0196560196560196
SMCI,SMCI270115P00024000,Put,2027-01-15,24.0,2.61,2.71,1.0,2486,0.5902140588378908,40.7,40.0,40.85,0.5896805896805897
SMCI,SMCI260220P00034000,Put,2026-02-20,34.0,3.15,3.25,17.0,676,0.5918009570312501,40.7,40.0,40.85,0.8353808353808353
SMCI,SMCI260116C00051000,Call,2026-01-16,51.0,2.76,2.86,10.0,1706,0.6125527026367189,40.7,40.0,40.85,0.7980392156862746
SMCI,SMCI250912C00040000,Call,2025-09-12,40.0,1.58,1.63,1399.0,684,0.49414568359375,40.7,40.0,40.85,1.0175
SMCI,SMCI260918C00060000,Call,2026-09-18,60.0,5.05,5.2,10.0,472,0.6264685791015626,40.7,40.0,40.85,0.6783333333333333
SMCI,SMCI261218C00043000,Call,2026-12-18,43.0,10.65,10.95,100.0,356,0.6422154919433594,40.7,40.0,40.85,0.9465116279069768
SMCI,SMCI260220C00049000,Call,2026-02-20,49.0,4.1,4.2,31.0,163,0.6279334082031252,40.7,40.0,40.85,0.8306122448979593
SMCI,SMCI251219P00038000,Put,2025-12-19,38.0,3.6,3.7,31.0,330,0.5769085278320312,40.7,40.0,40.85,0.9336609336609336
SMCI,SMCI250905P00044500,Put,2025-09-05,44.5,3.75,3.85,78.0,265,0.7382838671874999,40.7,40.0,40.85,1.0933660933660934
SMCI,SMCI261218C00054000,Call,2026-12-18,54.0,7.5,7.7,6.0,267,0.6323278955078125,40.7,40.0,40.85,0.7537037037037038
SMCI,SMCI251219C00046000,Call,2025-12-19,46.0,3.45,3.55,25.0,469,0.619388571777344,40.7,40.0,40.85,0.8847826086956523
SMCI,SMCI260320P00037000,Put,2026-03-20,37.0,4.7,4.85,106.0,878,0.570316796875,40.7,40.0,40.85,0.9090909090909092
SMCI,SMCI261218P00090000,Put,2026-12-18,90.0,49.65,50.9,5.0,218,0.5357712438964843,40.7,40.0,40.85,2.211302211302211
SMCI,SMCI251121P00038000,Put,2025-11-21,38.0,3.1,3.2,48.0,978,0.6003457934570313,40.7,40.0,40.85,0.9336609336609336
SMCI,SMCI260320P00041000,Put,2026-03-20,41.0,6.7,6.85,5.0,125,0.555790574951172,40.7,40.0,40.85,1.0073710073710074
SMCI,SMCI251219P00030000,Put,2025-12-19,30.0,1.17,1.21,3.0,1595,0.6284216845703126,40.7,40.0,40.85,0.7371007371007371
SMCI,SMCI271217C00060000,Call,2027-12-17,60.0,9.9,10.2,40.0,703,0.625125819091797,40.7,40.0,40.85,0.6783333333333333
SMCI,SMCI251003C00040000,Call,2025-10-03,40.0,2.82,2.89,36.0,221,0.5400436621093752,40.7,40.0,40.85,1.0175
SMCI,SMCI250926P00044000,Put,2025-09-26,44.0,4.05,4.15,20.0,221,0.4960987890625,40.7,40.0,40.85,1.081081081081081
SMCI,SMCI250919C00039000,Call,2025-09-19,39.0,2.67,2.75,32.0,730,0.5195360546875,40.7,40.0,40.85,1.0435897435897437
SMCI,SMCI260220P00025000,Put,2026-02-20,25.0,0.96,0.99,15.0,982,0.6538120556640626,40.7,40.0,40.85,0.6142506142506142
SMCI,SMCI250926P00040000,Put,2025-09-26,40.0,1.65,1.7,146.0,813,0.5029346582031251,40.7,40.0,40.85,0.9828009828009828
SMCI,SMCI271217C00035000,Call,2027-12-17,35.0,17.35,17.8,12.0,326,0.6650424121093752,40.7,40.0,40.85,1.162857142857143
SMCI,SMCI271217P00030000,Put,2027-12-17,30.0,6.5,6.7,1.0,947,0.5413253875732424,40.7,40.0,40.85,0.7371007371007371
SMCI,SMCI261218C00072000,Call,2026-12-18,72.0,4.4,4.55,2.0,1984,0.6279334082031252,40.7,40.0,40.85,0.5652777777777778
SMCI,SMCI270115C00054000,Call,2027-01-15,54.0,7.85,8.05,3.0,299,0.632816171875,40.7,40.0,40.85,0.7537037037037038
SMCI,SMCI260220P00039000,Put,2026-02-20,39.0,5.25,5.4,3.0,599,0.569340244140625,40.7,40.0,40.85,0.9582309582309582
SMCI,SMCI260618C00065000,Call,2026-06-18,65.0,3.15,3.25,5.0,1215,0.6325720336914062,40.7,40.0,40.85,0.6261538461538462
SMCI,SMCI250919P00045500,Put,2025-09-19,45.5,5.05,5.2,4.0,775,0.53320779296875,40.7,40.0,40.85,1.1179361179361178
SMCI,SMCI251121C00026000,Call,2025-11-21,26.0,15.25,15.55,32.0,83,0.8115253222656249,40.7,40.0,40.85,1.5653846153846156
SMCI,SMCI260618P00023000,Put,2026-06-18,23.0,1.3,1.35,1.0,5566,0.6276892700195313,40.7,40.0,40.85,0.5651105651105651
SMCI,SMCI260320C00038000,Call,2026-03-20,38.0,8.75,8.95,1.0,186,0.6481968774414062,40.7,40.0,40.85,1.0710526315789477
SMCI,SMCI261218C00070000,Call,2026-12-18,70.0,4.65,4.8,1.0,1591,0.6275672009277344,40.7,40.0,40.85,0.5814285714285715
SMCI,SMCI270115C00065000,Call,2027-01-15,65.0,5.65,5.85,63.0,3242,0.6266516827392579,40.7,40.0,40.85,0.6261538461538462
SMCI,SMCI250919P00043500,Put,2025-09-19,43.5,3.4,3.5,3.0,862,0.500005,40.7,40.0,40.85,1.0687960687960687
SMCI,SMCI270115C00090000,Call,2027-01-15,90.0,2.97,3.1,45.0,22860,0.6281775463867189,40.7,40.0,40.85,0.4522222222222222
SMCI,SMCI250919P00043000,Put,2025-09-19,43.0,3.0,3.1,185.0,2224,0.4892629199218751,40.7,40.0,40.85,1.0565110565110565
SMCI,SMCI260320P00045000,Put,2026-03-20,45.0,9.1,9.4,8.0,2047,0.5513960876464845,40.7,40.0,40.85,1.1056511056511056
SMCI,SMCI260116P00051000,Put,2026-01-16,51.0,12.35,12.7,1.0,718,0.5466353930664063,40.7,40.0,40.85,1.2530712530712529
SMCI,SMCI260116P00036000,Put,2026-01-16,36.0,3.2,3.3,27.0,1399,0.5700726586914062,40.7,40.0,40.85,0.8845208845208845
SMCI,SMCI260320P00033000,Put,2026-03-20,33.0,3.1,3.2,819.0,1770,0.584965087890625,40.7,40.0,40.85,0.8108108108108107
SMCI,SMCI261218P00032000,Put,2026-12-18,32.0,5.25,5.4,11.0,764,0.5593305786132813,40.7,40.0,40.85,0.7862407862407862
SMCI,SMCI260116P00030000,Put,2026-01-16,30.0,1.44,1.5,7.0,15259,0.6079140771484376,40.7,40.0,40.85,0.7371007371007371
SMCI,SMCI250919P00041500,Put,2025-09-19,41.5,2.03,2.09,27.0,977,0.483403603515625,40.7,40.0,40.85,1.0196560196560196
SMCI,SMCI260116C00043000,Call,2026-01-16,43.0,5.05,5.2,4.0,1014,0.6149940844726562,40.7,40.0,40.85,0.9465116279069768
SMCI,SMCI260220C00036000,Call,2026-02-20,36.0,9.3,9.5,10.0,153,0.6567417138671876,40.7,40.0,40.85,1.1305555555555555
SMCI,SMCI260116P00033000,Put,2026-01-16,33.0,2.19,2.26,12.0,1721,0.585941640625,40.7,40.0,40.85,0.8108108108108107
SMCI,SMCI250905P00043000,Put,2025-09-05,43.0,2.3,2.37,277.0,1214,0.5507857421875001,40.7,40.0,40.85,1.0565110565110565
SMCI,SMCI250926P00049000,Put,2025-09-26,49.0,8.45,8.6,3.0,64,0.53320779296875,40.7,40.0,40.85,1.2039312039312038
SMCI,SMCI270115C00064000,Call,2027-01-15,64.0,5.85,6.0,1.0,408,0.6274451318359376,40.7,40.0,40.85,0.6359375
SMCI,SMCI261218P00065000,Put,2026-12-18,65.0,27.1,27.6,34.0,76,0.5014698291015626,40.7,40.0,40.85,1.597051597051597
SMCI,SMCI260918C00035000,Call,2026-09-18,35.0,13.05,13.3,11.0,90,0.6673617248535157,40.7,40.0,40.85,1.162857142857143
SMCI,SMCI261218P00042000,Put,2026-12-18,42.0,10.45,10.75,1.0,862,0.5388229711914063,40.7,40.0,40.85,1.0319410319410318
SMCI,SMCI260116P00032000,Put,2026-01-16,32.0,1.91,1.97,130.0,1635,0.5918009570312501,40.7,40.0,40.85,0.7862407862407862
SMCI,SMCI260220C00046000,Call,2026-02-20,46.0,4.95,5.1,13.0,1275,0.6303747900390625,40.7,40.0,40.85,0.8847826086956523
SMCI,SMCI271217C00043000,Call,2027-12-17,43.0,14.4,14.7,5.0,140,0.6454503228759765,40.7,40.0,40.85,0.9465116279069768
SMCI,SMCI251121C00028000,Call,2025-11-21,28.0,13.5,13.75,1.0,81,0.772463212890625,40.7,40.0,40.85,1.4535714285714287
SMCI,SMCI260320P00043000,Put,2026-03-20,43.0,7.85,8.05,20.0,434,0.5520064331054688,40.7,40.0,40.85,1.0565110565110565
SMCI,SMCI261218C00028000,Call,2026-12-18,28.0,17.8,18.2,3.0,215,0.6962920996093751,40.7,40.0,40.85,1.4535714285714287
SMCI,SMCI260116P00087000,Put,2026-01-16,87.0,46.05,46.9,2.0,83,0.6191444335937502,40.7,40.0,40.85,2.1375921375921374
SMCI,SMCI251017P00037000,Put,2025-10-17,37.0,1.36,1.4,109.0,1143,0.532231240234375,40.7,40.0,40.85,0.9090909090909092
SMCI,SMCI271217P00060000,Put,2027-12-17,60.0,25.1,25.65,5.0,199,0.4744315252685547,40.7,40.0,40.85,1.4742014742014742
SMCI,SMCI270115P00027000,Put,2027-01-15,27.0,3.55,3.65,26.0,903,0.5764202514648438,40.7,40.0,40.85,0.6633906633906633
SMCI,SMCI250919C00045000,Call,2025-09-19,45.0,0.44,0.46,1095.0,54192,0.5205126074218749,40.7,40.0,40.85,0.9044444444444444
SMCI,SMCI250912P00042000,Put,2025-09-12,42.0,1.92,1.97,399.0,553,0.467778759765625,40.7,40.0,40.85,1.0319410319410318
SMCI,SMCI250919P00040500,Put,2025-09-19,40.5,1.5,1.54,189.0,650,0.483403603515625,40.7,40.0,40.85,0.995085995085995
SMCI,SMCI250905P00044000,Put,2025-09-05,44.0,3.25,3.35,106.0,1766,0.6640658593750002,40.7,40.0,40.85,1.081081081081081
SMCI,SMCI270115P00028000,Put,2027-01-15,28.0,3.9,4.0,1.0,519,0.5721478332519532,40.7,40.0,40.85,0.6879606879606879
SMCI,SMCI251219C00044000,Call,2025-12-19,44.0,4.1,4.2,8.0,396,0.6206092626953126,40.7,40.0,40.85,0.925
SMCI,SMCI260320C00047000,Call,2026-03-20,47.0,5.15,5.3,8.0,1281,0.6259803027343751,40.7,40.0,40.85,0.8659574468085107
SMCI,SMCI251017C00043000,Call,2025-10-17,43.0,2.1,2.15,123.0,352,0.5429733203125001,40.7,40.0,40.85,0.9465116279069768
SMCI,SMCI251121P00033000,Put,2025-11-21,33.0,1.47,1.51,10.0,807,0.63086306640625,40.7,40.0,40.85,0.8108108108108107
SMCI,SMCI270115C00027000,Call,2027-01-15,27.0,18.75,19.2,4.0,372,0.7111845288085938,40.7,40.0,40.85,1.5074074074074075
SMCI,SMCI271217C00023000,Call,2027-12-17,23.0,23.25,23.75,4.0,208,0.7138700488281251,40.7,40.0,40.85,1.7695652173913046
SMCI,SMCI260618P00030000,Put,2026-06-18,30.0,3.05,3.15,1.0,3367,0.58789474609375,40.7,40.0,40.85,0.7371007371007371
SMCI,SMCI260116C00048000,Call,2026-01-16,48.0,3.45,3.55,12.0,1366,0.6096230444335939,40.7,40.0,40.85,0.8479166666666668
SMCI,SMCI250926P00042000,Put,2025-09-26,42.0,2.69,2.75,24.0,266,0.4917043017578125,40.7,40.0,40.85,1.0319410319410318
SMCI,SMCI251017C00045000,Call,2025-10-17,45.0,1.5,1.55,400.0,4083,0.5454147021484376,40.7,40.0,40.85,0.9044444444444444
SMCI,SMCI261218C00015000,Call,2026-12-18,15.0,27.2,27.7,1.0,101,0.8532729516601563,40.7,40.0,40.85,2.7133333333333334
SMCI,SMCI251121P00039000,Put,2025-11-21,39.0,3.55,3.65,27.0,1157,0.596683720703125,40.7,40.0,40.85,0.9582309582309582
SMCI,SMCI260220P00035000,Put,2026-02-20,35.0,3.5,3.6,24.0,1287,0.5844768115234374,40.7,40.0,40.85,0.8599508599508598
SMCI,SMCI250919P00044500,Put,2025-09-19,44.5,4.2,4.3,126.0,403,0.5048877636718749,40.7,40.0,40.85,1.0933660933660934
SMCI,SMCI250919C00038000,Call,2025-09-19,38.0,3.4,3.5,46.0,1628,0.5434615966796876,40.7,40.0,40.85,1.0710526315789477
SMCI,SMCI250919C00029000,Call,2025-09-19,29.0,11.75,12.0,1.0,223,1.01953615234375,40.7,40.0,40.85,1.403448275862069
SMCI,SMCI270115C00072000,Call,2027-01-15,72.0,4.65,4.8,12.0,3672,0.6245154736328126,40.7,40.0,40.85,0.5652777777777778
SMCI,SMCI251017C00040000,Call,2025-10-17,40.0,3.4,3.5,199.0,1835,0.5532271240234375,40.7,40.0,40.85,1.0175
SMCI,SMCI261218C00065000,Call,2026-12-18,65.0,5.4,5.55,1.0,1226,0.6295203063964845,40.7,40.0,40.85,0.6261538461538462
SMCI,SMCI251121C00055000,Call,2025-11-21,55.0,1.21,1.25,179.0,4736,0.6567417138671876,40.7,40.0,40.85,0.7400000000000001
SMCI,SMCI261218C00058000,Call,2026-12-18,58.0,6.65,6.8,7.0,331,0.6307409973144531,40.7,40.0,40.85,0.7017241379310345
SMCI,SMCI251017P00042000,Put,2025-10-17,42.0,3.55,3.65,84.0,1404,0.507817421875,40.7,40.0,40.85,1.0319410319410318
SMCI,SMCI270115P00050000,Put,2027-01-15,50.0,15.65,16.15,4.0,3692,0.5109912182617188,40.7,40.0,40.85,1.2285012285012284
SMCI,SMCI261218C00068000,Call,2026-12-18,68.0,4.95,5.1,2200.0,2447,0.6291540991210938,40.7,40.0,40.85,0.598529411764706
SMCI,SMCI270115P00072000,Put,2027-01-15,72.0,33.25,33.95,1.0,231,0.49805189453125,40.7,40.0,40.85,1.769041769041769
SMCI,SMCI250912C00025000,Call,2025-09-12,25.0,15.6,15.85,3.0,63,1.3515657421874998,40.7,40.0,40.85,1.628
SMCI,SMCI251121C00045000,Call,2025-11-21,45.0,3.1,3.2,188.0,4310,0.6325720336914062,40.7,40.0,40.85,0.9044444444444444
SMCI,SMCI270115P00032000,Put,2027-01-15,32.0,5.45,5.6,2.0,1286,0.556767127685547,40.7,40.0,40.85,0.7862407862407862
SMCI,SMCI251219C00045000,Call,2025-12-19,45.0,3.75,3.85,30.0,1040,0.6184120190429689,40.7,40.0,40.85,0.9044444444444444
SMCI,SMCI270115P00033000,Put,2027-01-15,33.0,5.9,6.05,1.0,761,0.5540816076660158,40.7,40.0,40.85,0.8108108108108107
SMCI,SMCI260515P00032000,Put,2026-05-15,32.0,3.45,3.55,1.0,1917,0.58789474609375,40.7,40.0,40.85,0.7862407862407862
SMCI,SMCI251121C00049000,Call,2025-11-21,49.0,2.09,2.15,60.0,1812,0.6362341064453125,40.7,40.0,40.85,0.8306122448979593
SMCI,SMCI270115P00060000,Put,2027-01-15,60.0,22.9,23.5,23.0,962,0.4956105126953125,40.7,40.0,40.85,1.4742014742014742
SMCI,SMCI260515P00030000,Put,2026-05-15,30.0,2.78,2.85,3.0,746,0.59570716796875,40.7,40.0,40.85,0.7371007371007371
SMCI,SMCI250905P00043500,Put,2025-09-05,43.5,2.78,2.85,81.0,753,0.585941640625,40.7,40.0,40.85,1.0687960687960687
SMCI,SMCI260116C00013500,Call,2026-01-16,13.5,29.5,30.1,2.0,215,2.023930721435547,40.7,40.0,40.85,3.014814814814815
SMCI,SMCI261218C00033000,Call,2026-12-18,33.0,15.15,15.45,3.0,188,0.6789582885742189,40.7,40.0,40.85,1.2333333333333334
SMCI,SMCI260220P00070000,Put,2026-02-20,70.0,29.4,29.95,30.0,142,0.5493209130859377,40.7,40.0,40.85,1.7199017199017197
SMCI,SMCI251121C00044000,Call,2025-11-21,44.0,3.45,3.55,17.0,2160,0.6357458300781251,40.7,40.0,40.85,0.925
SMCI,SMCI270115P00080000,Put,2027-01-15,80.0,40.4,41.35,39.0,533,0.5053760400390624,40.7,40.0,40.85,1.9656019656019652
SMCI,SMCI260116C00042000,Call,2026-01-16,42.0,5.45,5.6,10.0,1541,0.6169471899414063,40.7,40.0,40.85,0.9690476190476192
SMCI,SMCI260320P00042000,Put,2026-03-20,42.0,7.25,7.45,6.0,1615,0.5537154003906251,40.7,40.0,40.85,1.0319410319410318
SMCI,SMCI270115C00058000,Call,2027-01-15,58.0,6.95,7.1,2.0,345,0.6286658227539064,40.7,40.0,40.85,0.7017241379310345
SMCI,SMCI250912C00041000,Call,2025-09-12,41.0,1.06,1.09,1339.0,2130,0.48242705078125,40.7,40.0,40.85,0.9926829268292684
SMCI,SMCI270115C00075000,Call,2027-01-15,75.0,4.3,4.45,409.0,12321,0.625125819091797,40.7,40.0,40.85,0.5426666666666667
SMCI,SMCI261218C00062000,Call,2026-12-18,62.0,5.9,6.05,1.0,1005,0.6300085827636719,40.7,40.0,40.85,0.6564516129032258
SMCI,SMCI251219C00039000,Call,2025-12-19,39.0,6.25,6.35,8.0,79,0.6313513427734375,40.7,40.0,40.85,1.0435897435897437
SMCI,SMCI260220P00038000,Put,2026-02-20,38.0,4.8,4.9,3.0,297,0.5737347314453125,40.7,40.0,40.85,0.9336609336609336
SMCI,SMCI251017C00060000,Call,2025-10-17,60.0,0.29,0.3,211.0,11702,0.708010732421875,40.7,40.0,40.85,0.6783333333333333
SMCI,SMCI251017P00046000,Put,2025-10-17,46.0,6.3,6.45,111.0,671,0.5029346582031251,40.7,40.0,40.85,1.1302211302211302
SMCI,SMCI251017C00038000,Call,2025-10-17,38.0,4.55,4.65,383.0,414,0.5629926513671876,40.7,40.0,40.85,1.0710526315789477
SMCI,SMCI260220C00044000,Call,2026-02-20,44.0,5.65,5.75,3.0,132,0.6322058264160157,40.7,40.0,40.85,0.925
SMCI,SMCI260220P00036000,Put,2026-02-20,36.0,3.9,4.0,10.0,1187,0.5800823242187501,40.7,40.0,40.85,0.8845208845208845
SMCI,SMCI271217C00047000,Call,2027-12-17,47.0,13.15,13.4,1.0,195,0.6383092810058593,40.7,40.0,40.85,0.8659574468085107
SMCI,SMCI260116C00053000,Call,2026-01-16,53.0,2.43,2.5,41.0,2879,0.6186561572265626,40.7,40.0,40.85,0.7679245283018868
SMCI,SMCI260618C00070000,Call,2026-06-18,70.0,2.6,2.67,11.0,1811,0.6352575537109376,40.7,40.0,40.85,0.5814285714285715
SMCI,SMCI251121C00043000,Call,2025-11-21,43.0,3.8,3.9,18.0,1580,0.6352575537109376,40.7,40.0,40.85,0.9465116279069768
SMCI,SMCI270115P00026000,Put,2027-01-15,26.0,3.2,3.3,1.0,6172,0.579105771484375,40.7,40.0,40.85,0.6388206388206388
SMCI,SMCI260320P00035000,Put,2026-03-20,35.0,3.85,3.95,1.0,1484,0.57617611328125,40.7,40.0,40.85,0.8599508599508598
SMCI,SMCI250926P00050000,Put,2025-09-26,50.0,9.4,9.55,32.0,90,0.5429733203125001,40.7,40.0,40.85,1.2285012285012284
SMCI,SMCI260918C00055000,Call,2026-09-18,55.0,6.05,6.2,35.0,1078,0.6279334082031252,40.7,40.0,40.85,0.7400000000000001
SMCI,SMCI250926P00045000,Put,2025-09-26,45.0,4.85,4.95,65.0,337,0.5019581054687501,40.7,40.0,40.85,1.1056511056511056
SMCI,SMCI270115C00048000,Call,2027-01-15,48.0,9.45,9.65,4.0,393,0.6380651428222657,40.7,40.0,40.85,0.8479166666666668
SMCI,SMCI250919C00022000,Call,2025-09-19,22.0,18.55,18.85,1.0,97,0.500005,40.7,40.0,40.85,1.85
SMCI,SMCI260220C00047000,Call,2026-02-20,47.0,4.65,4.75,20.0,442,0.6280554772949221,40.7,40.0,40.85,0.8659574468085107
SMCI,SMCI260220C00035000,Call,2026-02-20,35.0,9.95,10.1,12.0,72,0.6665072412109377,40.7,40.0,40.85,1.162857142857143
SMCI,SMCI251017C00044000,Call,2025-10-17,44.0,1.78,1.82,64.0,601,0.5434615966796876,40.7,40.0,40.85,0.925
SMCI,SMCI251121P00034000,Put,2025-11-21,34.0,1.73,1.77,3.0,726,0.6232947827148438,40.7,40.0,40.85,0.8353808353808353
SMCI,SMCI270115C00057000,Call,2027-01-15,57.0,7.15,7.3,2.0,404,0.6286047882080079,40.7,40.0,40.85,0.7140350877192982
SMCI,SMCI251219P00039000,Put,2025-12-19,39.0,4.05,4.15,59.0,1168,0.5720257641601563,40.7,40.0,40.85,0.9582309582309582
SMCI,SMCI251017P00044000,Put,2025-10-17,44.0,4.8,4.9,15.0,417,0.50586431640625,40.7,40.0,40.85,1.081081081081081
SMCI,SMCI270115C00056000,Call,2027-01-15,56.0,7.4,7.55,1.0,355,0.63086306640625,40.7,40.0,40.85,0.7267857142857144
SMCI,SMCI250919P00040000,Put,2025-09-19,40.0,1.27,1.31,1209.0,8768,0.4858449853515625,40.7,40.0,40.85,0.9828009828009828
SMCI,SMCI250905P00045000,Put,2025-09-05,45.0,4.25,4.35,228.0,907,0.8125018749999999,40.7,40.0,40.85,1.1056511056511056
SMCI,SMCI260116P00056000,Put,2026-01-16,56.0,16.3,16.7,6.0,1221,0.5163622583007812,40.7,40.0,40.85,1.3759213759213758
SMCI,SMCI270115C00070000,Call,2027-01-15,70.0,4.95,5.1,33.0,6603,0.6268347863769532,40.7,40.0,40.85,0.5814285714285715
SMCI,SMCI260220C00025000,Call,2026-02-20,25.0,17.2,17.45,1.0,70,0.7805197729492188,40.7,40.0,40.85,1.628
SMCI,SMCI260220C00050000,Call,2026-02-20,50.0,3.85,3.95,134.0,1967,0.6281775463867189,40.7,40.0,40.85,0.8140000000000001
SMCI,SMCI260116P00076000,Put,2026-01-16,76.0,35.35,35.9,15.0,96,0.5903361279296876,40.7,40.0,40.85,1.8673218673218672
SMCI,SMCI251219C00043000,Call,2025-12-19,43.0,4.5,4.6,6.0,679,0.6253699572753908,40.7,40.0,40.85,0.9465116279069768
SMCI,SMCI260116C00050000,Call,2026-01-16,50.0,3.0,3.1,416.0,17316,0.6143837390136719,40.7,40.0,40.85,0.8140000000000001
SMCI,SMCI250919P00052000,Put,2025-09-19,52.0,11.25,11.45,2.0,194,0.5898478515625001,40.7,40.0,40.85,1.2776412776412776
SMCI,SMCI251219P00044000,Put,2025-12-19,44.0,6.85,6.95,14.0,76,0.5578657495117189,40.7,40.0,40.85,1.081081081081081
SMCI,SMCI251017P00043000,Put,2025-10-17,43.0,4.15,4.25,23.0,1274,0.5022022436523439,40.7,40.0,40.85,1.0565110565110565
SMCI,SMCI260116C00047000,Call,2026-01-16,47.0,3.75,3.85,8.0,2759,0.6124306335449221,40.7,40.0,40.85,0.8659574468085107
SMCI,SMCI260116C00046000,Call,2026-01-16,46.0,4.05,4.15,7.0,1561,0.6130409790039064,40.7,40.0,40.85,0.8847826086956523
SMCI,SMCI251219P00047000,Put,2025-12-19,47.0,8.9,9.05,1.0,156,0.5556685058593751,40.7,40.0,40.85,1.154791154791155
SMCI,SMCI260515C00055000,Call,2026-05-15,55.0,4.3,4.4,18.0,1049,0.6336706555175782,40.7,40.0,40.85,0.7400000000000001
SMCI,SMCI260116P00037000,Put,2026-01-16,37.0,3.6,3.7,5.0,4179,0.5651898950195313,40.7,40.0,40.85,0.9090909090909092
SMCI,SMCI260515C00025000,Call,2026-05-15,25.0,17.9,18.2,1.0,157,0.7404811108398437,40.7,40.0,40.85,1.628
SMCI,SMCI270115C00049000,Call,2027-01-15,49.0,9.15,9.35,3.0,751,0.6364782446289063,40.7,40.0,40.85,0.8306122448979593
SMCI,SMCI260116P00034000,Put,2026-01-16,34.0,2.5,2.56,9.0,1439,0.5793499096679688,40.7,40.0,40.85,0.8353808353808353
SMCI,SMCI260320C00033000,Call,2026-03-20,33.0,11.55,11.8,3.0,711,0.6720003503417971,40.7,40.0,40.85,1.2333333333333334
SMCI,SMCI261218P00029000,Put,2026-12-18,29.0,4.1,4.2,1.0,1641,0.5717816259765626,40.7,40.0,40.85,0.7125307125307124
SMCI,SMCI251121C00042000,Call,2025-11-21,42.0,4.2,4.3,139.0,1380,0.6372106591796876,40.7,40.0,40.85,0.9690476190476192
SMCI,SMCI270115P00034000,Put,2027-01-15,34.0,6.35,6.5,1.0,1336,0.5502974658203126,40.7,40.0,40.85,0.8353808353808353
SMCI,SMCI250905P00046000,Put,2025-09-05,46.0,5.25,5.35,101.0,343,0.500005,40.7,40.0,40.85,1.1302211302211302
SMCI,SMCI260618C00060000,Call,2026-06-18,60.0,3.85,3.95,305.0,2805,0.6293982373046876,40.7,40.0,40.85,0.6783333333333333
SMCI,SMCI251017P00049000,Put,2025-10-17,49.0,8.85,9.0,1.0,182,0.51758294921875,40.7,40.0,40.85,1.2039312039312038
SMCI,SMCI271217P00070000,Put,2027-12-17,70.0,33.15,33.6,2.0,65,0.45313046875,40.7,40.0,40.85,1.7199017199017197
SMCI,SMCI251017C00042000,Call,2025-10-17,42.0,2.47,2.53,55.0,1737,0.5432174584960938,40.7,40.0,40.85,0.9690476190476192
SMCI,SMCI270115C00051000,Call,2027-01-15,51.0,8.6,8.75,11.0,225,0.6334265173339844,40.7,40.0,40.85,0.7980392156862746
SMCI,SMCI260220P00033000,Put,2026-02-20,33.0,2.81,2.88,42.0,2296,0.5959513061523438,40.7,40.0,40.85,0.8108108108108107
SMCI,SMCI251219C00030000,Call,2025-12-19,30.0,12.2,12.4,4.0,167,0.7070341796875,40.7,40.0,40.85,1.356666666666667
SMCI,SMCI251121P00036000,Put,2025-11-21,36.0,2.35,2.4,10.0,771,0.6103554589843752,40.7,40.0,40.85,0.8845208845208845
SMCI,SMCI251219C00049000,Call,2025-12-19,49.0,2.7,2.75,3.0,329,0.622074091796875,40.7,40.0,40.85,0.8306122448979593
SMCI,SMCI261218P00037000,Put,2026-12-18,37.0,7.65,7.8,2.0,486,0.5465133239746094,40.7,40.0,40.85,0.9090909090909092
SMCI,SMCI251219P00041000,Put,2025-12-19,41.0,5.1,5.2,30.0,503,0.5688519677734375,40.7,40.0,40.85,1.0073710073710074
SMCI,SMCI250919P00042000,Put,2025-09-19,42.0,2.32,2.38,58.0,3654,0.477544287109375,40.7,40.0,40.85,1.0319410319410318
SMCI,SMCI260116P00078000,Put,2026-01-16,78.0,37.3,37.95,112.0,257,0.6088906298828126,40.7,40.0,40.85,1.9164619164619163
SMCI,SMCI251219C00025000,Call,2025-12-19,25.0,16.5,16.75,1.0,127,0.8100604931640624,40.7,40.0,40.85,1.628
SMCI,SMCI260320P00044000,Put,2026-03-20,44.0,8.5,8.65,1.0,283,0.5504195349121095,40.7,40.0,40.85,1.081081081081081
SMCI,SMCI250912C00042000,Call,2025-09-12,42.0,0.68,0.7,29770.0,11813,0.4804739453125,40.7,40.0,40.85,0.9690476190476192
SMCI,SMCI260918C00050000,Call,2026-09-18,50.0,7.3,7.45,4.0,728,0.6319616882324219,40.7,40.0,40.85,0.8140000000000001
SMCI,SMCI251003P00051000,Put,2025-10-03,51.0,10.45,10.6,1.0,101,0.5390671093750001,40.7,40.0,40.85,1.2530712530712529
SMCI,SMCI261218C00037000,Call,2026-12-18,37.0,13.2,13.4,1.0,134,0.6604037866210939,40.7,40.0,40.85,1.1
SMCI,SMCI250919C00027000,Call,2025-09-19,27.0,13.75,13.95,1.0,111,1.16016044921875,40.7,40.0,40.85,1.5074074074074075
SMCI,SMCI251219P00080000,Put,2025-12-19,80.0,39.25,39.8,10.0,95,0.6601596484375001,40.7,40.0,40.85,1.9656019656019652
SMCI,SMCI270115C00052000,Call,2027-01-15,52.0,8.35,8.5,2.0,347,0.6331823791503908,40.7,40.0,40.85,0.7826923076923078
SMCI,SMCI261218C00052000,Call,2026-12-18,52.0,8.05,8.2,66.0,433,0.6355016918945313,40.7,40.0,40.85,0.7826923076923078
SMCI,SMCI260220P00040000,Put,2026-02-20,40.0,5.75,5.9,23.0,4786,0.5651898950195313,40.7,40.0,40.85,0.9828009828009828
SMCI,SMCI251219C00048000,Call,2025-12-19,48.0,2.94,3.0,532.0,799,0.622074091796875,40.7,40.0,40.85,0.8479166666666668
SMCI,SMCI251121C00041000,Call,2025-11-21,41.0,4.65,4.75,30.0,1142,0.6418492846679689,40.7,40.0,40.85,0.9926829268292684
SMCI,SMCI271217C00040000,Call,2027-12-17,40.0,15.4,15.7,16.0,595,0.6492954992675781,40.7,40.0,40.85,1.0175
SMCI,SMCI251017P00038000,Put,2025-10-17,38.0,1.69,1.73,130.0,2325,0.5256395092773438,40.7,40.0,40.85,0.9336609336609336
SMCI,SMCI261218P00036000,Put,2026-12-18,36.0,7.15,7.3,1.0,982,0.5498091894531252,40.7,40.0,40.85,0.8845208845208845
SMCI,SMCI261218P00064000,Put,2026-12-18,64.0,26.25,26.7,20.0,281,0.4991505163574219,40.7,40.0,40.85,1.5724815724815724
SMCI,SMCI250912P00040000,Put,2025-09-12,40.0,0.85,0.87,1242.0,2281,0.469731865234375,40.7,40.0,40.85,0.9828009828009828
SMCI,SMCI250926P00047000,Put,2025-09-26,47.0,6.6,6.7,5.0,148,0.5029346582031251,40.7,40.0,40.85,1.154791154791155
SMCI,SMCI251017C00050000,Call,2025-10-17,50.0,0.72,0.74,1303.0,9202,0.5815471533203125,40.7,40.0,40.85,0.8140000000000001
SMCI,SMCI251121P00040000,Put,2025-11-21,40.0,4.0,4.1,438.0,3790,0.5883830224609375,40.7,40.0,40.85,0.9828009828009828
SMCI,SMCI250912P00046000,Put,2025-09-12,46.0,5.35,5.45,9.0,483,0.51562984375,40.7,40.0,40.85,1.1302211302211302
SMCI,SMCI250919C00037000,Call,2025-09-19,37.0,4.2,4.3,14.0,2650,0.5664105859375,40.7,40.0,40.85,1.1
SMCI,SMCI270115C00059000,Call,2027-01-15,59.0,6.75,6.9,11.0,1599,0.6284216845703126,40.7,40.0,40.85,0.6898305084745763
SMCI,SMCI260918C00045000,Call,2026-09-18,45.0,8.85,9.0,13.0,287,0.6387975573730469,40.7,40.0,40.85,0.9044444444444444
SMCI,SMCI261218C00034000,Call,2026-12-18,34.0,14.55,14.8,1.0,315,0.667239655761719,40.7,40.0,40.85,1.197058823529412
SMCI,SMCI250912P00045000,Put,2025-09-12,45.0,4.4,4.5,165.0,1983,0.532231240234375,40.7,40.0,40.85,1.1056511056511056
SMCI,SMCI261218C00055000,Call,2026-12-18,55.0,7.3,7.45,1.0,972,0.6322058264160157,40.7,40.0,40.85,0.7400000000000001
SMCI,SMCI261218P00030000,Put,2026-12-18,30.0,4.5,4.6,11.0,1699,0.5694623132324219,40.7,40.0,40.85,0.7371007371007371
SMCI,SMCI260320C00050000,Call,2026-03-20,50.0,4.35,4.45,45.0,2191,0.6250037500000001,40.7,40.0,40.85,0.8140000000000001
SMCI,SMCI260320C00025000,Call,2026-03-20,25.0,17.35,17.6,5.0,126,0.7480493945312501,40.7,40.0,40.85,1.628
SMCI,SMCI251121P00041000,Put,2025-11-21,41.0,4.55,4.65,4.0,1607,0.5886271606445312,40.7,40.0,40.85,1.0073710073710074
SMCI,SMCI260618P00033000,Put,2026-06-18,33.0,4.1,4.2,8.0,3661,0.5725140405273439,40.7,40.0,40.85,0.8108108108108107
SMCI,SMCI260618C00047000,Call,2026-06-18,47.0,6.8,6.95,2.0,1701,0.6335485864257813,40.7,40.0,40.85,0.8659574468085107
SMCI,SMCI250919C00035000,Call,2025-09-19,35.0,5.95,6.1,45.0,4924,0.637698935546875,40.7,40.0,40.85,1.162857142857143
SMCI,SMCI260320C00020000,Call,2026-03-20,20.0,21.65,21.95,1.0,110,0.8481460498046874,40.7,40.0,40.85,2.035
SMCI,SMCI270115C00053000,Call,2027-01-15,53.0,8.1,8.25,6.0,542,0.6325720336914062,40.7,40.0,40.85,0.7679245283018868
SMCI,SMCI250919C00036000,Call,2025-09-19,36.0,5.05,5.15,30.0,839,0.5908244042968751,40.7,40.0,40.85,1.1305555555555555
SMCI,SMCI261218C00049000,Call,2026-12-18,49.0,8.85,9.0,26.0,321,0.6374547973632813,40.7,40.0,40.85,0.8306122448979593
SMCI,SMCI261218P00031000,Put,2026-12-18,31.0,4.9,5.0,1.0,1093,0.5658002404785156,40.7,40.0,40.85,0.7616707616707616
SMCI,SMCI260515C00037000,Call,2026-05-15,37.0,10.3,10.45,1.0,149,0.6579624047851562,40.7,40.0,40.85,1.1
SMCI,SMCI250919C00026000,Call,2025-09-19,26.0,14.75,14.95,5.0,106,1.25000375,40.7,40.0,40.85,1.5653846153846156
SMCI,SMCI260220C00041000,Call,2026-02-20,41.0,6.85,6.95,11.0,153,0.63867548828125,40.7,40.0,40.85,0.9926829268292684
SMCI,SMCI270115P00090000,Put,2027-01-15,90.0,49.7,50.45,1.0,182,0.4787649780273437,40.7,40.0,40.85,2.211302211302211
SMCI,SMCI260220P00047000,Put,2026-02-20,47.0,10.05,10.2,6.0,174,0.5483443603515626,40.7,40.0,40.85,1.154791154791155
SMCI,SMCI260116P00081000,Put,2026-01-16,81.0,40.25,40.85,12.0,173,0.6064492480468751,40.7,40.0,40.85,1.99017199017199
SMCI,SMCI270115C00037000,Call,2027-01-15,37.0,13.45,13.7,7.0,628,0.6580844738769531,40.7,40.0,40.85,1.1
SMCI,SMCI260515P00040000,Put,2026-05-15,40.0,7.0,7.15,505.0,1670,0.5576216113281252,40.7,40.0,40.85,0.9828009828009828
SMCI,SMCI270115P00041000,Put,2027-01-15,41.0,10.05,10.2,17.0,180,0.532109171142578,40.7,40.0,40.85,1.0073710073710074
SMCI,SMCI260116C00034000,Call,2026-01-16,34.0,9.7,9.9,1.0,1311,0.6513706738281251,40.7,40.0,40.85,1.197058823529412
SMCI,SMCI260618C00025000,Call,2026-06-18,25.0,18.2,18.45,1.0,122,0.7297390307617188,40.7,40.0,40.85,1.628
SMCI,SMCI251219P00040000,Put,2025-12-19,40.0,4.55,4.65,32.0,2164,0.569340244140625,40.7,40.0,40.85,0.9828009828009828
SMCI,SMCI270115P00031000,Put,2027-01-15,31.0,5.05,5.15,1.0,1054,0.5600629931640625,40.7,40.0,40.85,0.7616707616707616
SMCI,SMCI260918C00025000,Call,2026-09-18,25.0,19.0,19.35,20.0,658,0.7243679907226561,40.7,40.0,40.85,1.628
SMCI,SMCI261218P00076000,Put,2026-12-18,76.0,36.15,36.65,1.0,134,0.4382380395507813,40.7,40.0,40.85,1.8673218673218672
SMCI,SMCI260320C00046000,Call,2026-03-20,46.0,5.5,5.6,3.0,638,0.6279334082031252,40.7,40.0,40.85,0.8847826086956523
SMCI,SMCI250919C00040000,Call,2025-09-19,40.0,2.05,2.1,716.0,5682,0.5053760400390624,40.7,40.0,40.85,1.0175
SMCI,SMCI251121C00031000,Call,2025-11-21,31.0,11.0,11.15,20.0,128,0.7172879833984375,40.7,40.0,40.85,1.3129032258064517
SMCI,SMCI251219C00041000,Call,2025-12-19,41.0,5.3,5.4,55.0,818,0.626102371826172,40.7,40.0,40.85,0.9926829268292684
SMCI,SMCI260116P00038000,Put,2026-01-16,38.0,4.05,4.15,4.0,6377,0.5625043750000001,40.7,40.0,40.85,0.9336609336609336
SMCI,SMCI250919C00034000,Call,2025-09-19,34.0,6.9,7.05,1.0,2273,0.6904327832031252,40.7,40.0,40.85,1.197058823529412
SMCI,SMCI260618C00055000,Call,2026-06-18,55.0,4.75,4.85,7.0,1790,0.6275672009277344,40.7,40.0,40.85,0.7400000000000001
SMCI,SMCI251219C00047000,Call,2025-12-19,47.0,3.2,3.25,69.0,267,0.6208534008789064,40.7,40.0,40.85,0.8659574468085107
SMCI,SMCI260116C00038000,Call,2026-01-16,38.0,7.35,7.5,24.0,1493,0.6301306518554688,40.7,40.0,40.85,1.0710526315789477
SMCI,SMCI251219P00035000,Put,2025-12-19,35.0,2.46,2.51,27.0,1472,0.5915568188476563,40.7,40.0,40.85,0.8599508599508598
SMCI,SMCI250919C00033000,Call,2025-09-19,33.0,7.85,8.0,6.0,976,0.73633076171875,40.7,40.0,40.85,1.2333333333333334
SMCI,SMCI260618C00028000,Call,2026-06-18,28.0,16.1,16.3,1.0,89,0.7060576269531251,40.7,40.0,40.85,1.4535714285714287
SMCI,SMCI260618C00045000,Call,2026-06-18,45.0,7.45,7.6,24.0,1442,0.6357458300781251,40.7,40.0,40.85,0.9044444444444444
SMCI,SMCI271217C00050000,Call,2027-12-17,50.0,12.3,12.55,53.0,1548,0.6345251391601563,40.7,40.0,40.85,0.8140000000000001
SMCI,SMCI250919C00032000,Call,2025-09-19,32.0,8.85,9.0,1.0,468,0.8183611914062499,40.7,40.0,40.85,1.271875
SMCI,SMCI271217C00045000,Call,2027-12-17,45.0,13.75,14.0,9.0,738,0.6408727319335938,40.7,40.0,40.85,0.9044444444444444
SMCI,SMCI261218C00020000,Call,2026-12-18,20.0,23.3,23.8,1001.0,2401,0.7788108056640625,40.7,40.0,40.85,2.035
SMCI,SMCI260515C00042000,Call,2026-05-15,42.0,8.05,8.2,7.0,870,0.6441685974121094,40.7,40.0,40.85,0.9690476190476192
SMCI,SMCI261218P00033000,Put,2026-12-18,33.0,5.75,5.85,1.0,569,0.5585981640625001,40.7,40.0,40.85,0.8108108108108107
SMCI,SMCI251121C00025000,Call,2025-11-21,25.0,16.25,16.5,1.0,275,0.8579115771484375,40.7,40.0,40.85,1.628
SMCI,SMCI260515C00018000,Call,2026-05-15,18.0,23.75,24.05,2.0,101,0.8627943408203125,40.7,40.0,40.85,2.261111111111111
SMCI,SMCI261218C00056000,Call,2026-12-18,56.0,7.05,7.2,14.0,2349,0.6302527209472657,40.7,40.0,40.85,0.7267857142857144
SMCI,SMCI260220C00042000,Call,2026-02-20,42.0,6.45,6.55,3.0,310,0.6384313500976562,40.7,40.0,40.85,0.9690476190476192
SMCI,SMCI260618C00033000,Call,2026-06-18,33.0,12.95,13.1,4.0,73,0.6733431103515627,40.7,40.0,40.85,1.2333333333333334
SMCI,SMCI260220P00042000,Put,2026-02-20,42.0,6.9,7.0,2.0,218,0.5612836840820312,40.7,40.0,40.85,1.0319410319410318
SMCI,SMCI260515P00035000,Put,2026-05-15,35.0,4.6,4.7,112.0,3177,0.5734905932617188,40.7,40.0,40.85,0.8599508599508598
SMCI,SMCI251121P00037000,Put,2025-11-21,37.0,2.71,2.76,25.0,950,0.603763728027344,40.7,40.0,40.85,0.9090909090909092
SMCI,SMCI261218C00066000,Call,2026-12-18,66.0,5.25,5.35,6.0,1185,0.6282385809326172,40.7,40.0,40.85,0.6166666666666667
SMCI,SMCI250912C00042500,Call,2025-09-12,42.5,0.54,0.55,17087.0,978,0.4794973925781249,40.7,40.0,40.85,0.9576470588235296
SMCI,SMCI251121C00040000,Call,2025-11-21,40.0,5.1,5.2,270.0,1477,0.6420934228515626,40.7,40.0,40.85,1.0175
SMCI,SMCI261218P00035000,Put,2026-12-18,35.0,6.65,6.8,10.0,4443,0.5521285021972657,40.7,40.0,40.85,0.8599508599508598
SMCI,SMCI260220P00044000,Put,2026-02-20,44.0,8.05,8.2,3.0,1054,0.5534712622070312,40.7,40.0,40.85,1.081081081081081
SMCI,SMCI251017C00035000,Call,2025-10-17,35.0,6.75,6.85,29.0,255,0.6064492480468751,40.7,40.0,40.85,1.162857142857143
SMCI,SMCI270115P00039000,Put,2027-01-15,39.0,8.9,9.05,1.0,548,0.5361984857177735,40.7,40.0,40.85,0.9582309582309582
SMCI,SMCI260515C00032000,Call,2026-05-15,32.0,13.1,13.3,1.0,305,0.6833527758789064,40.7,40.0,40.85,1.271875
SMCI,SMCI260116C00060000,Call,2026-01-16,60.0,1.54,1.58,127.0,16229,0.6355016918945313,40.7,40.0,40.85,0.6783333333333333
SMCI,SMCI260116P00084000,Put,2026-01-16,84.0,43.2,43.7,1.0,77,0.5820354296875,40.7,40.0,40.85,2.063882063882064
SMCI,SMCI270115P00037000,Put,2027-01-15,37.0,7.85,8.0,11.0,1301,0.5427291821289064,40.7,40.0,40.85,0.9090909090909092
SMCI,SMCI260918P00060000,Put,2026-09-18,60.0,22.3,22.55,1.0,69,0.504765694580078,40.7,40.0,40.85,1.4742014742014742
SMCI,SMCI251003C00044000,Call,2025-10-03,44.0,1.26,1.28,270.0,408,0.5361374511718751,40.7,40.0,40.85,0.925
SMCI,SMCI261218P00056000,Put,2026-12-18,56.0,19.95,20.25,1.0,301,0.5024463818359376,40.7,40.0,40.85,1.3759213759213758
SMCI,SMCI260220P00060000,Put,2026-02-20,60.0,20.45,20.75,1.0,263,0.5329636547851562,40.7,40.0,40.85,1.4742014742014742
SMCI,SMCI260618C00038000,Call,2026-06-18,38.0,10.3,10.45,1.0,254,0.6517368811035158,40.7,40.0,40.85,1.0710526315789477
SMCI,SMCI261218C00035000,Call,2026-12-18,35.0,14.1,14.35,1.0,866,0.666385172119141,40.7,40.0,40.85,1.162857142857143
SMCI,SMCI270115C00026000,Call,2027-01-15,26.0,19.4,19.65,1.0,140,0.712039012451172,40.7,40.0,40.85,1.5653846153846156
SMCI,SMCI250919P00045000,Put,2025-09-19,45.0,4.6,4.7,263.0,4134,0.499028447265625,40.7,40.0,40.85,1.1056511056511056
SMCI,SMCI260220C00045000,Call,2026-02-20,45.0,5.3,5.4,8.0,1407,0.6309851354980469,40.7,40.0,40.85,0.9044444444444444
SMCI,SMCI260320P00040000,Put,2026-03-20,40.0,6.15,6.3,5.0,11473,0.5581098876953126,40.7,40.0,40.85,0.9828009828009828
SMCI,SMCI250905C00034000,Call,2025-09-05,34.0,6.65,6.75,4.0,341,0.500005,40.7,40.0,40.85,1.197058823529412
SMCI,SMCI270115C00042000,Call,2027-01-15,42.0,11.45,11.65,27.0,871,0.6469761865234375,40.7,40.0,40.85,0.9690476190476192
SMCI,SMCI260320P00065000,Put,2026-03-20,65.0,25.15,25.5,170.0,226,0.5180712255859375,40.7,40.0,40.85,1.597051597051597
SMCI,SMCI261218P00039000,Put,2026-12-18,39.0,8.7,8.85,51.0,829,0.540287800292969,40.7,40.0,40.85,0.9582309582309582
SMCI,SMCI251219P00042000,Put,2025-12-19,42.0,5.65,5.75,1.0,1007,0.5647016186523439,40.7,40.0,40.85,1.0319410319410318
SMCI,SMCI251121C00038000,Call,2025-11-21,38.0,6.2,6.3,12.0,552,0.657229990234375,40.7,40.0,40.85,1.0710526315789477
SMCI,SMCI260116C00045000,Call,2026-01-16,45.0,4.35,4.45,132.0,8057,0.6118202880859377,40.7,40.0,40.85,0.9044444444444444
SMCI,SMCI270115C00060000,Call,2027-01-15,60.0,6.55,6.7,37.0,8161,0.6277503045654298,40.7,40.0,40.85,0.6783333333333333
SMCI,SMCI260220P00041000,Put,2026-02-20,41.0,6.3,6.4,4.0,529,0.5607954077148438,40.7,40.0,40.85,1.0073710073710074
SMCI,SMCI260116P00077000,Put,2026-01-16,77.0,36.25,36.75,4.0,238,0.5507857421875001,40.7,40.0,40.85,1.891891891891892
SMCI,SMCI270115P00045000,Put,2027-01-15,45.0,12.5,12.75,27.0,2748,0.5257615783691407,40.7,40.0,40.85,1.1056511056511056
SMCI,SMCI251121C00048000,Call,2025-11-21,48.0,2.31,2.36,60.0,5323,0.6340368627929689,40.7,40.0,40.85,0.8479166666666668
SMCI,SMCI270115P00030000,Put,2027-01-15,30.0,4.65,4.75,1.0,5114,0.5640912731933594,40.7,40.0,40.85,0.7371007371007371
SMCI,SMCI270115P00053000,Put,2027-01-15,53.0,17.9,18.15,2.0,263,0.5034229345703125,40.7,40.0,40.85,1.3022113022113022
SMCI,SMCI260320P00049000,Put,2026-03-20,49.0,11.85,12.05,4.0,842,0.5390671093750001,40.7,40.0,40.85,1.2039312039312038
SMCI,SMCI251219C00055000,Call,2025-12-19,55.0,1.68,1.71,181.0,1258,0.6352575537109376,40.7,40.0,40.85,0.7400000000000001
SMCI,SMCI250919P00048000,Put,2025-09-19,48.0,7.35,7.5,21.0,3486,0.5097705273437501,40.7,40.0,40.85,1.1793611793611791
SMCI,SMCI250919C00031000,Call,2025-09-19,31.0,9.8,9.95,2.0,462,0.851563984375,40.7,40.0,40.85,1.3129032258064517
SMCI,SMCI251017C00041000,Call,2025-10-17,41.0,2.92,2.97,105.0,958,0.5473678076171876,40.7,40.0,40.85,0.9926829268292684
SMCI,SMCI251017P00040000,Put,2025-10-17,40.0,2.5,2.55,813.0,3011,0.5127001855468749,40.7,40.0,40.85,0.9828009828009828
SMCI,SMCI261218C00048000,Call,2026-12-18,48.0,9.15,9.3,3.0,721,0.6389196264648438,40.7,40.0,40.85,0.8479166666666668
SMCI,SMCI261218C00039000,Call,2026-12-18,39.0,12.35,12.55,5.0,680,0.6561313684082033,40.7,40.0,40.85,1.0435897435897437
SMCI,SMCI251121P00042000,Put,2025-11-21,42.0,5.1,5.2,98.0,2731,0.5844768115234374,40.7,40.0,40.85,1.0319410319410318
SMCI,SMCI260116P00039000,Put,2026-01-16,39.0,4.5,4.6,7.0,7812,0.5568891967773439,40.7,40.0,40.85,0.9582309582309582
SMCI,SMCI260116P00073000,Put,2026-01-16,73.0,32.4,32.9,2.0,516,0.569340244140625,40.7,40.0,40.85,1.7936117936117937
SMCI,SMCI260515C00050000,Call,2026-05-15,50.0,5.45,5.55,14.0,1675,0.6342810009765626,40.7,40.0,40.85,0.8140000000000001
SMCI,SMCI251219P00075000,Put,2025-12-19,75.0,34.3,34.75,2.0,206,0.6103554589843752,40.7,40.0,40.85,1.8427518427518423
SMCI,SMCI260320P00038000,Put,2026-03-20,38.0,5.15,5.25,9.0,2683,0.5629926513671876,40.7,40.0,40.85,0.9336609336609336
SMCI,SMCI270115C00046000,Call,2027-01-15,46.0,10.1,10.25,1.0,436,0.6408727319335938,40.7,40.0,40.85,0.8847826086956523
SMCI,SMCI251121C00037000,Call,2025-11-21,37.0,6.75,6.85,2.0,437,0.6577182666015625,40.7,40.0,40.85,1.1
SMCI,SMCI260515C00015000,Call,2026-05-15,15.0,26.45,26.75,2.0,107,0.9438482177734374,40.7,40.0,40.85,2.7133333333333334
SMCI,SMCI260116P00041000,Put,2026-01-16,41.0,5.55,5.65,4.0,1661,0.5524947094726562,40.7,40.0,40.85,1.0073710073710074
SMCI,SMCI260116C00041000,Call,2026-01-16,41.0,5.9,6.0,38.0,1087,0.6189002954101563,40.7,40.0,40.85,0.9926829268292684
SMCI,SMCI260116P00086000,Put,2026-01-16,86.0,45.25,45.85,18.0,241,0.647464462890625,40.7,40.0,40.85,2.113022113022113
SMCI,SMCI260116C00044000,Call,2026-01-16,44.0,4.7,4.8,44.0,6638,0.6132851171875001,40.7,40.0,40.85,0.925
SMCI,SMCI260220P00045000,Put,2026-02-20,45.0,8.7,8.85,3.0,1279,0.5521285021972657,40.7,40.0,40.85,1.1056511056511056
SMCI,SMCI261218C00027000,Call,2026-12-18,27.0,18.55,18.75,8.0,89,0.7053252124023439,40.7,40.0,40.85,1.5074074074074075
SMCI,SMCI251219C00040000,Call,2025-12-19,40.0,5.75,5.85,94.0,1404,0.6274451318359376,40.7,40.0,40.85,1.0175
SMCI,SMCI251017P00041000,Put,2025-10-17,41.0,3.0,3.05,14.0,1044,0.5083056982421875,40.7,40.0,40.85,1.0073710073710074
SMCI,SMCI270115C00036000,Call,2027-01-15,36.0,13.95,14.15,1.0,409,0.6624789611816408,40.7,40.0,40.85,1.1305555555555555
SMCI,SMCI270115C00039000,Call,2027-01-15,39.0,12.65,12.85,26.0,779,0.6547886083984377,40.7,40.0,40.85,1.0435897435897437
SMCI,SMCI260116P00035000,Put,2026-01-16,35.0,2.84,2.9,16.0,7268,0.5739788696289063,40.7,40.0,40.85,0.8599508599508598
SMCI,SMCI251121C00050000,Call,2025-11-21,50.0,1.89,1.93,760.0,7700,0.6359899682617188,40.7,40.0,40.85,0.8140000000000001
SMCI,SMCI260918C00040000,Call,2026-09-18,40.0,10.75,10.9,3.0,374,0.6491734301757812,40.7,40.0,40.85,1.0175
SMCI,SMCI261218C00046000,Call,2026-12-18,46.0,9.8,9.95,4.0,665,0.6430699755859376,40.7,40.0,40.85,0.8847826086956523
SMCI,SMCI260515P00037000,Put,2026-05-15,37.0,5.5,5.6,24.0,2268,0.5665326550292968,40.7,40.0,40.85,0.9090909090909092
SMCI,SMCI251219P00037000,Put,2025-12-19,37.0,3.2,3.25,10.0,776,0.5810588769531251,40.7,40.0,40.85,0.9090909090909092
SMCI,SMCI270115C00055000,Call,2027-01-15,55.0,7.6,7.75,41.0,4441,0.6300085827636719,40.7,40.0,40.85,0.7400000000000001
SMCI,SMCI261218P00100000,Put,2026-12-18,100.0,59.25,59.9,1.0,109,0.4672904833984375,40.7,40.0,40.85,2.457002457002457
SMCI,SMCI260515P00065000,Put,2026-05-15,65.0,25.6,25.9,20.0,155,0.5073291455078125,40.7,40.0,40.85,1.597051597051597
SMCI,SMCI251121P00043000,Put,2025-11-21,43.0,5.7,5.8,19.0,1911,0.5822795678710937,40.7,40.0,40.85,1.0565110565110565
SMCI,SMCI270115C00045000,Call,2027-01-15,45.0,10.4,10.6,27.0,4002,0.6422154919433594,40.7,40.0,40.85,0.9044444444444444
SMCI,SMCI260515C00020000,Call,2026-05-15,20.0,22.0,22.3,31.0,373,0.8188494677734374,40.7,40.0,40.85,2.035
SMCI,SMCI260618C00023000,Call,2026-06-18,23.0,19.8,20.05,5.0,243,0.7614769946289064,40.7,40.0,40.85,1.7695652173913046
SMCI,SMCI250919P00046000,Put,2025-09-19,46.0,5.5,5.6,216.0,2731,0.51562984375,40.7,40.0,40.85,1.1302211302211302
SMCI,SMCI270115C00038000,Call,2027-01-15,38.0,13.05,13.25,1.0,800,0.6560092993164064,40.7,40.0,40.85,1.0710526315789477
SMCI,SMCI260618P00035000,Put,2026-06-18,35.0,4.95,5.05,12.0,6629,0.5668988623046876,40.7,40.0,40.85,0.8599508599508598
SMCI,SMCI251121P00035000,Put,2025-11-21,35.0,2.02,2.06,78.0,5796,0.6157264990234376,40.7,40.0,40.85,0.8599508599508598
SMCI,SMCI270115P00048000,Put,2027-01-15,48.0,14.45,14.65,1.0,443,0.516606396484375,40.7,40.0,40.85,1.1793611793611791
SMCI,SMCI261218C00045000,Call,2026-12-18,45.0,10.1,10.25,2.0,697,0.6429479064941408,40.7,40.0,40.85,0.9044444444444444
SMCI,SMCI251219P00046000,Put,2025-12-19,46.0,8.2,8.3,25.0,220,0.5554243676757813,40.7,40.0,40.85,1.1302211302211302
SMCI,SMCI260320C00018000,Call,2026-03-20,18.0,23.5,23.75,5.0,112,0.9038095556640624,40.7,40.0,40.85,2.261111111111111
SMCI,SMCI251219P00043000,Put,2025-12-19,43.0,6.25,6.35,7.0,1208,0.5629926513671876,40.7,40.0,40.85,1.0565110565110565
SMCI,SMCI260116P00047000,Put,2026-01-16,47.0,9.35,9.5,108.0,1271,0.5423629748535157,40.7,40.0,40.85,1.154791154791155
SMCI,SMCI251219P00065000,Put,2025-12-19,65.0,24.55,24.8,2.0,94,0.5498091894531252,40.7,40.0,40.85,1.597051597051597
SMCI,SMCI251219P00048000,Put,2025-12-19,48.0,9.65,9.75,6.0,105,0.5529829858398438,40.7,40.0,40.85,1.1793611793611791
SMCI,SMCI260220P00048000,Put,2026-02-20,48.0,10.75,10.9,25.0,527,0.5459029785156251,40.7,40.0,40.85,1.1793611793611791
SMCI,SMCI270115C00018000,Call,2027-01-15,18.0,24.95,25.3,1.0,560,0.7895528857421875,40.7,40.0,40.85,2.261111111111111
SMCI,SMCI261218P00034000,Put,2026-12-18,34.0,6.2,6.3,1.0,1446,0.5550581604003908,40.7,40.0,40.85,0.8353808353808353
SMCI,SMCI261218C00029000,Call,2026-12-18,29.0,17.35,17.55,10.0,184,0.6942169250488281,40.7,40.0,40.85,1.403448275862069
SMCI,SMCI260320C00042000,Call,2026-03-20,42.0,6.95,7.05,26.0,674,0.6337927246093751,40.7,40.0,40.85,0.9690476190476192
SMCI,SMCI260618P00060000,Put,2026-06-18,60.0,21.55,21.85,4.0,547,0.5107470800781251,40.7,40.0,40.85,1.4742014742014742
SMCI,SMCI251017P00045000,Put,2025-10-17,45.0,5.55,5.65,152.0,3471,0.5009815527343751,40.7,40.0,40.85,1.1056511056511056
SMCI,SMCI270115C00034000,Call,2027-01-15,34.0,14.9,15.1,2.0,440,0.6689486230468751,40.7,40.0,40.85,1.197058823529412
SMCI,SMCI260116C00023000,Call,2026-01-16,23.0,18.55,18.8,1.0,453,0.8295915478515624,40.7,40.0,40.85,1.7695652173913046
SMCI,SMCI261218C00042000,Call,2026-12-18,42.0,11.2,11.35,1364.0,452,0.6501499829101562,40.7,40.0,40.85,0.9690476190476192
SMCI,SMCI270115C00033000,Call,2027-01-15,33.0,15.4,15.6,1.0,381,0.6727327648925783,40.7,40.0,40.85,1.2333333333333334
SMCI,SMCI261218C00044000,Call,2026-12-18,44.0,10.45,10.6,12.0,716,0.6450230810546875,40.7,40.0,40.85,0.925
SMCI,SMCI271217P00040000,Put,2027-12-17,40.0,11.65,11.85,6.0,2573,0.5094043200683593,40.7,40.0,40.85,0.9828009828009828
SMCI,SMCI270115P00044000,Put,2027-01-15,44.0,11.85,12.0,1.0,332,0.524418818359375,40.7,40.0,40.85,1.081081081081081
SMCI,SMCI260515P00060000,Put,2026-05-15,60.0,21.3,21.55,1.0,218,0.518681571044922,40.7,40.0,40.85,1.4742014742014742
SMCI,SMCI261218C00032000,Call,2026-12-18,32.0,15.65,15.85,1.0,352,0.6779817358398439,40.7,40.0,40.85,1.271875
SMCI,SMCI270115C00029000,Call,2027-01-15,29.0,17.55,17.8,2.0,701,0.6910431286621095,40.7,40.0,40.85,1.403448275862069
SMCI,SMCI260116P00040000,Put,2026-01-16,40.0,5.0,5.1,110.0,9906,0.5534712622070312,40.7,40.0,40.85,0.9828009828009828
SMCI,SMCI260618C00050000,Call,2026-06-18,50.0,5.95,6.05,18.0,2362,0.6304968591308593,40.7,40.0,40.85,0.8140000000000001
SMCI,SMCI251219C00035000,Call,2025-12-19,35.0,8.6,8.7,4.0,226,0.6555210229492189,40.7,40.0,40.85,1.162857142857143
SMCI,SMCI260116P00042000,Put,2026-01-16,42.0,6.1,6.2,1.0,2060,0.5484664294433594,40.7,40.0,40.85,1.0319410319410318
SMCI,SMCI270115C00044000,Call,2027-01-15,44.0,10.75,10.9,3.0,671,0.6430699755859376,40.7,40.0,40.85,0.925
SMCI,SMCI251121C00036000,Call,2025-11-21,36.0,7.4,7.5,5.0,550,0.6684603466796877,40.7,40.0,40.85,1.1305555555555555
SMCI,SMCI260320P00047000,Put,2026-03-20,47.0,10.45,10.6,2.0,818,0.5419967675781252,40.7,40.0,40.85,1.154791154791155
SMCI,SMCI260918P00055000,Put,2026-09-18,55.0,18.35,18.6,21.0,588,0.5073291455078125,40.7,40.0,40.85,1.351351351351351
SMCI,SMCI261218P00048000,Put,2026-12-18,48.0,14.2,14.4,36.0,743,0.5181932946777343,40.7,40.0,40.85,1.1793611793611791
SMCI,SMCI250919P00055000,Put,2025-09-19,55.0,14.25,14.5,40.0,3833,0.7460962890625,40.7,40.0,40.85,1.351351351351351
SMCI,SMCI251017P00047000,Put,2025-10-17,47.0,7.15,7.25,18.0,729,0.5083056982421875,40.7,40.0,40.85,1.154791154791155
SMCI,SMCI260116P00046000,Put,2026-01-16,46.0,8.6,8.75,100.0,3687,0.5388229711914063,40.7,40.0,40.85,1.1302211302211302
SMCI,SMCI261218P00043000,Put,2026-12-18,43.0,11.05,11.2,1.0,627,0.5319871020507813,40.7,40.0,40.85,1.0565110565110565
SMCI,SMCI260918P00035000,Put,2026-09-18,35.0,5.85,5.95,9.0,3328,0.556767127685547,40.7,40.0,40.85,0.8599508599508598
SMCI,SMCI260618P00038000,Put,2026-06-18,38.0,6.35,6.45,1.0,1775,0.5562788513183594,40.7,40.0,40.85,0.9336609336609336
SMCI,SMCI260116P00089000,Put,2026-01-16,89.0,48.25,48.75,2.0,141,0.64648791015625,40.7,40.0,40.85,2.1867321867321867
SMCI,SMCI260320C00035000,Call,2026-03-20,35.0,10.4,10.55,14.0,980,0.6616244775390626,40.7,40.0,40.85,1.162857142857143
SMCI,SMCI270115C00047000,Call,2027-01-15,47.0,9.8,9.95,15.0,1497,0.6403844555664062,40.7,40.0,40.85,0.8659574468085107
SMCI,SMCI261218C00023000,Call,2026-12-18,23.0,21.2,21.4,4.0,91,0.737307314453125,40.7,40.0,40.85,1.7695652173913046
SMCI,SMCI260116C00012500,Call,2026-01-16,12.5,31.6,32.0,5.0,427,2.4873084692382816,40.7,40.0,40.85,3.256
SMCI,SMCI261218P00044000,Put,2026-12-18,44.0,11.65,11.8,1.0,476,0.5286912365722658,40.7,40.0,40.85,1.081081081081081
SMCI,SMCI260320C00030000,Call,2026-03-20,30.0,13.55,13.75,1.0,1174,0.6906769213867189,40.7,40.0,40.85,1.356666666666667
SMCI,SMCI261218C00026000,Call,2026-12-18,26.0,19.2,19.4,5.0,148,0.7136259106445313,40.7,40.0,40.85,1.5653846153846156
SMCI,SMCI250919C00030000,Call,2025-09-19,30.0,10.75,10.9,14.0,809,0.8710950390625,40.7,40.0,40.85,1.356666666666667
SMCI,SMCI260515C00035000,Call,2026-05-15,35.0,11.35,11.5,5.0,584,0.6656527575683595,40.7,40.0,40.85,1.162857142857143
SMCI,SMCI261218P00066000,Put,2026-12-18,66.0,27.9,28.25,6.0,427,0.4874318835449219,40.7,40.0,40.85,1.6216216216216215
SMCI,SMCI260220P00065000,Put,2026-02-20,65.0,25.0,25.25,2.0,128,0.5266160620117188,40.7,40.0,40.85,1.597051597051597
SMCI,SMCI260320C00045000,Call,2026-03-20,45.0,5.85,5.95,116.0,3956,0.6306189282226562,40.7,40.0,40.85,0.9044444444444444
SMCI,SMCI251219P00036000,Put,2025-12-19,36.0,2.82,2.86,8.0,989,0.5864299169921875,40.7,40.0,40.85,0.8845208845208845
SMCI,SMCI251121C00047000,Call,2025-11-21,47.0,2.56,2.6,133.0,2025,0.6330603100585939,40.7,40.0,40.85,0.8659574468085107
SMCI,SMCI260116C00035000,Call,2026-01-16,35.0,9.1,9.25,20.0,3246,0.6467320483398438,40.7,40.0,40.85,1.162857142857143
SMCI,SMCI261218P00041000,Put,2026-12-18,41.0,9.85,10.0,1.0,1786,0.5363815893554689,40.7,40.0,40.85,1.0073710073710074
SMCI,SMCI251219C00050000,Call,2025-12-19,50.0,2.49,2.53,1316.0,2692,0.6235389208984375,40.7,40.0,40.85,0.8140000000000001
SMCI,SMCI270115P00057000,Put,2027-01-15,57.0,20.95,21.15,42.0,110,0.5017139672851563,40.7,40.0,40.85,1.4004914004914004
SMCI,SMCI260320P00048000,Put,2026-03-20,48.0,11.15,11.3,22.0,779,0.540287800292969,40.7,40.0,40.85,1.1793611793611791
SMCI,SMCI260116C00049000,Call,2026-01-16,49.0,3.25,3.3,12.0,2028,0.6130409790039064,40.7,40.0,40.85,0.8306122448979593
SMCI,SMCI251121P00049000,Put,2025-11-21,49.0,9.9,10.05,1.0,1839,0.5688519677734375,40.7,40.0,40.85,1.2039312039312038
SMCI,SMCI251121C00034000,Call,2025-11-21,34.0,8.75,8.85,2.0,293,0.6843293286132813,40.7,40.0,40.85,1.197058823529412
SMCI,SMCI261218P00045000,Put,2026-12-18,45.0,12.3,12.45,8.0,434,0.527470545654297,40.7,40.0,40.85,1.1056511056511056
SMCI,SMCI260918P00045000,Put,2026-09-18,45.0,11.35,11.5,6.0,731,0.5295457202148439,40.7,40.0,40.85,1.1056511056511056
SMCI,SMCI270115C00024000,Call,2027-01-15,24.0,20.7,20.95,1.0,422,0.7271755798339843,40.7,40.0,40.85,1.6958333333333335
SMCI,SMCI270115P00043000,Put,2027-01-15,43.0,11.25,11.4,1.0,806,0.5277146838378908,40.7,40.0,40.85,1.0565110565110565
SMCI,SMCI250919P00047000,Put,2025-09-19,47.0,6.45,6.55,6.0,2432,0.51562984375,40.7,40.0,40.85,1.154791154791155
SMCI,SMCI260116C00018500,Call,2026-01-16,18.5,22.7,22.95,1.0,260,0.956055126953125,40.7,40.0,40.85,2.2
SMCI,SMCI260515P00070000,Put,2026-05-15,70.0,30.15,30.4,1.0,66,0.5139208764648437,40.7,40.0,40.85,1.7199017199017197
SMCI,SMCI260320P00046000,Put,2026-03-20,46.0,9.75,9.9,23.0,2417,0.5422409057617189,40.7,40.0,40.85,1.1302211302211302
SMCI,SMCI260116C00017500,Call,2026-01-16,17.5,23.7,23.9,5.0,72,1.0029346728515625,40.7,40.0,40.85,2.325714285714286
SMCI,SMCI260618P00065000,Put,2026-06-18,65.0,25.85,26.1,10.0,140,0.5112353564453125,40.7,40.0,40.85,1.597051597051597
SMCI,SMCI250919C00017000,Call,2025-09-19,17.0,23.65,23.85,8.0,75,1.890625546875,40.7,40.0,40.85,2.394117647058824
SMCI,SMCI251017P00055000,Put,2025-10-17,55.0,14.45,14.65,17.0,1183,0.5654340332031251,40.7,40.0,40.85,1.351351351351351
SMCI,SMCI260116C00024000,Call,2026-01-16,24.0,17.65,17.85,3.0,332,0.7993184130859375,40.7,40.0,40.85,1.6958333333333335
SMCI,SMCI260116P00043000,Put,2026-01-16,43.0,6.7,6.8,8.0,2169,0.5468795312500001,40.7,40.0,40.85,1.0565110565110565
SMCI,SMCI260618P00043000,Put,2026-06-18,43.0,9.1,9.25,250.0,4939,0.5430953894042969,40.7,40.0,40.85,1.0565110565110565
SMCI,SMCI270115P00040000,Put,2027-01-15,40.0,9.45,9.6,15.0,3692,0.5331467584228515,40.7,40.0,40.85,0.9828009828009828
SMCI,SMCI260116C00032000,Call,2026-01-16,32.0,11.15,11.3,4.0,1067,0.6743196630859377,40.7,40.0,40.85,1.271875
SMCI,SMCI250919C00028000,Call,2025-09-19,28.0,12.8,12.95,34.0,441,1.1054732226562505,40.7,40.0,40.85,1.4535714285714287
SMCI,SMCI250919C00025000,Call,2025-09-19,25.0,15.75,15.9,3.0,141,1.2968785156249998,40.7,40.0,40.85,1.628
SMCI,SMCI260220C00040000,Call,2026-02-20,40.0,7.3,7.4,18.0,1256,0.641727215576172,40.7,40.0,40.85,1.0175
SMCI,SMCI260116C00039000,Call,2026-01-16,39.0,6.85,6.95,1.0,2067,0.6254920263671876,40.7,40.0,40.85,1.0435897435897437
SMCI,SMCI251121P00044000,Put,2025-11-21,44.0,6.3,6.4,9.0,4012,0.5756878369140624,40.7,40.0,40.85,1.081081081081081
SMCI,SMCI260116C00016500,Call,2026-01-16,16.5,24.6,24.85,2.0,207,1.0302782861328126,40.7,40.0,40.85,2.466666666666667
SMCI,SMCI260220P00043000,Put,2026-02-20,43.0,7.45,7.55,4.0,1149,0.5549360913085939,40.7,40.0,40.85,1.0565110565110565
SMCI,SMCI270115P00036000,Put,2027-01-15,36.0,7.35,7.45,1.0,1281,0.5446822875976562,40.7,40.0,40.85,0.8845208845208845
SMCI,SMCI270115C00013000,Call,2027-01-15,13.0,29.05,29.45,1.0,1482,0.8969736865234373,40.7,40.0,40.85,3.130769230769231
SMCI,SMCI250919C00016000,Call,2025-09-19,16.0,24.65,24.85,8.0,74,2.0156299609375,40.7,40.0,40.85,2.54375
SMCI,SMCI260116P00053000,Put,2026-01-16,53.0,13.95,14.15,1.0,2015,0.53320779296875,40.7,40.0,40.85,1.3022113022113022
SMCI,SMCI270115P00046000,Put,2027-01-15,46.0,13.1,13.25,1.0,439,0.5184984674072266,40.7,40.0,40.85,1.1302211302211302
SMCI,SMCI270115P00035000,Put,2027-01-15,35.0,6.85,6.95,9.0,2361,0.5472457385253908,40.7,40.0,40.85,0.8599508599508598
SMCI,SMCI260515P00055000,Put,2026-05-15,55.0,17.2,17.4,6.0,492,0.5266160620117188,40.7,40.0,40.85,1.351351351351351
SMCI,SMCI261218P00038000,Put,2026-12-18,38.0,8.2,8.3,1.0,668,0.5438278039550781,40.7,40.0,40.85,0.9336609336609336
SMCI,SMCI251121C00032000,Call,2025-11-21,32.0,10.25,10.35,1.0,183,0.7075224560546876,40.7,40.0,40.85,1.271875
SMCI,SMCI261218C00038000,Call,2026-12-18,38.0,12.8,12.95,2.0,528,0.6586948193359375,40.7,40.0,40.85,1.0710526315789477
SMCI,SMCI270115P00051000,Put,2027-01-15,51.0,16.5,16.7,20.0,669,0.5085498364257812,40.7,40.0,40.85,1.2530712530712529
SMCI,SMCI270115C00050000,Call,2027-01-15,50.0,8.9,9.05,36.0,8335,0.635867899169922,40.7,40.0,40.85,0.8140000000000001
SMCI,SMCI261218C00041000,Call,2026-12-18,41.0,11.55,11.7,1.0,1064,0.65039412109375,40.7,40.0,40.85,0.9926829268292684
SMCI,SMCI260116P00049000,Put,2026-01-16,49.0,10.8,10.95,10.0,1729,0.5376022802734376,40.7,40.0,40.85,1.2039312039312038
SMCI,SMCI260515C00045000,Call,2026-05-15,45.0,6.95,7.05,3.0,2273,0.6380651428222657,40.7,40.0,40.85,0.9044444444444444
SMCI,SMCI251121C00046000,Call,2025-11-21,46.0,2.83,2.87,43.0,2039,0.6325720336914062,40.7,40.0,40.85,0.8847826086956523
SMCI,SMCI270115C00032000,Call,2027-01-15,32.0,15.9,16.1,3.0,889,0.6755403540039064,40.7,40.0,40.85,1.271875
SMCI,SMCI270115C00035000,Call,2027-01-15,35.0,14.4,14.6,1.0,1897,0.6645541357421877,40.7,40.0,40.85,1.162857142857143
SMCI,SMCI251017P00048000,Put,2025-10-17,48.0,8.0,8.1,30.0,898,0.5127001855468749,40.7,40.0,40.85,1.1793611793611791
SMCI,SMCI250919C00021000,Call,2025-09-19,21.0,19.7,19.85,213.0,66,1.5625021874999998,40.7,40.0,40.85,1.9380952380952383
SMCI,SMCI250919P00050000,Put,2025-09-19,50.0,9.3,9.45,103.0,7417,0.5488326367187502,40.7,40.0,40.85,1.2285012285012284
SMCI,SMCI260116P00048000,Put,2026-01-16,48.0,10.05,10.2,1.0,3894,0.5383346948242189,40.7,40.0,40.85,1.1793611793611791
SMCI,SMCI251121P00050000,Put,2025-11-21,50.0,10.7,10.85,29.0,2471,0.567387138671875,40.7,40.0,40.85,1.2285012285012284
SMCI,SMCI250919P00060000,Put,2025-09-19,60.0,19.1,19.35,4.0,1477,0.8632826171875,40.7,40.0,40.85,1.4742014742014742
SMCI,SMCI251121C00020000,Call,2025-11-21,20.0,21.05,21.25,1.0,202,1.0537156689453124,40.7,40.0,40.85,2.035
SMCI,SMCI260515C00030000,Call,2026-05-15,30.0,14.4,14.55,2.0,337,0.6960479614257813,40.7,40.0,40.85,1.356666666666667
SMCI,SMCI260116C00029000,Call,2026-01-16,29.0,13.4,13.55,3.0,553,0.7045927978515626,40.7,40.0,40.85,1.403448275862069
SMCI,SMCI251121C00033000,Call,2025-11-21,33.0,9.5,9.6,12.0,382,0.6982452050781252,40.7,40.0,40.85,1.2333333333333334
SMCI,SMCI270115C00023000,Call,2027-01-15,23.0,21.35,21.6,1.0,744,0.7331569653320311,40.7,40.0,40.85,1.7695652173913046
SMCI,SMCI260116C00031000,Call,2026-01-16,31.0,11.9,12.05,3.0,1231,0.6872589868164063,40.7,40.0,40.85,1.3129032258064517
SMCI,SMCI250919C00020000,Call,2025-09-19,20.0,20.65,20.85,2.0,241,1.5703146484375,40.7,40.0,40.85,2.035
SMCI,SMCI261218P00060000,Put,2026-12-18,60.0,23.05,23.35,1.0,1598,0.5013477600097658,40.7,40.0,40.85,1.4742014742014742
SMCI,SMCI260116C00040000,Call,2026-01-16,40.0,6.35,6.45,620.0,7680,0.6208534008789064,40.7,40.0,40.85,1.0175
SMCI,SMCI261218C00040000,Call,2026-12-18,40.0,11.95,12.1,1.0,1280,0.6528355029296876,40.7,40.0,40.85,1.0175
SMCI,SMCI261218P00046000,Put,2026-12-18,46.0,12.9,13.05,2.0,759,0.5228319201660157,40.7,40.0,40.85,1.1302211302211302
SMCI,SMCI261218P00052000,Put,2026-12-18,52.0,17.0,17.2,1.0,850,0.5095263891601562,40.7,40.0,40.85,1.2776412776412776
SMCI,SMCI261218C00036000,Call,2026-12-18,36.0,13.7,13.85,1.0,547,0.6645541357421877,40.7,40.0,40.85,1.1305555555555555
SMCI,SMCI270115C00015000,Call,2027-01-15,15.0,27.35,27.7,7.0,1587,0.8413101806640625,40.7,40.0,40.85,2.7133333333333334
SMCI,SMCI260116C00027000,Call,2026-01-16,27.0,15.05,15.2,3.0,313,0.73633076171875,40.7,40.0,40.85,1.5074074074074075
SMCI,SMCI260116C00014000,Call,2026-01-16,14.0,27.0,27.25,1.0,214,1.140629296875,40.7,40.0,40.85,2.907142857142857
SMCI,SMCI251121P00070000,Put,2025-11-21,70.0,29.3,29.55,1.0,142,0.585941640625,40.7,40.0,40.85,1.7199017199017197
SMCI,SMCI260618P00045000,Put,2026-06-18,45.0,10.35,10.5,15.0,4702,0.5387009020996094,40.7,40.0,40.85,1.1056511056511056
SMCI,SMCI260116P00079000,Put,2026-01-16,79.0,38.3,38.75,8.0,970,0.579105771484375,40.7,40.0,40.85,1.941031941031941
SMCI,SMCI261218P00072000,Put,2026-12-18,72.0,33.15,33.5,6.0,498,0.4808401525878906,40.7,40.0,40.85,1.769041769041769
SMCI,SMCI260320C00015000,Call,2026-03-20,15.0,26.3,26.5,3.0,89,0.999023447265625,40.7,40.0,40.85,2.7133333333333334
SMCI,SMCI261218P00054000,Put,2026-12-18,54.0,18.45,18.65,21.0,613,0.5042774182128906,40.7,40.0,40.85,1.3267813267813269
SMCI,SMCI251121C00035000,Call,2025-11-21,35.0,8.05,8.15,13.0,1558,0.6748079394531252,40.7,40.0,40.85,1.162857142857143
SMCI,SMCI251219C00042000,Call,2025-12-19,42.0,4.9,4.95,15.0,433,0.6245154736328126,40.7,40.0,40.85,0.9690476190476192
SMCI,SMCI260515P00050000,Put,2026-05-15,50.0,13.4,13.55,2.0,803,0.5350388293457031,40.7,40.0,40.85,1.2285012285012284
SMCI,SMCI251017P00050000,Put,2025-10-17,50.0,9.75,9.9,32.0,9753,0.523442265625,40.7,40.0,40.85,1.2285012285012284
SMCI,SMCI251121P00045000,Put,2025-11-21,45.0,7.0,7.1,5.0,5187,0.5786174951171875,40.7,40.0,40.85,1.1056511056511056
SMCI,SMCI270115C00028000,Call,2027-01-15,28.0,18.15,18.35,1.0,742,0.6956817541503908,40.7,40.0,40.85,1.4535714285714287
SMCI,SMCI260618C00040000,Call,2026-06-18,40.0,9.4,9.5,7.0,604,0.6447789428710937,40.7,40.0,40.85,1.0175
SMCI,SMCI260116P00044000,Put,2026-01-16,44.0,7.3,7.4,10.0,3808,0.5424850439453126,40.7,40.0,40.85,1.081081081081081
SMCI,SMCI260918P00040000,Put,2026-09-18,40.0,8.4,8.5,4.0,1331,0.5424850439453126,40.7,40.0,40.85,0.9828009828009828
SMCI,SMCI260116C00019500,Call,2026-01-16,19.5,21.8,22.0,4.0,259,0.9282233740234376,40.7,40.0,40.85,2.0871794871794878
SMCI,SMCI270115C00041000,Call,2027-01-15,41.0,11.85,12.0,52.0,2135,0.6488072229003907,40.7,40.0,40.85,0.9926829268292684
SMCI,SMCI251017P00065000,Put,2025-10-17,65.0,24.25,24.45,15.0,149,0.6093789062500001,40.7,40.0,40.85,1.597051597051597
SMCI,SMCI270115C00020000,Call,2027-01-15,20.0,23.5,23.8,1.0,2321,0.7680687255859376,40.7,40.0,40.85,2.035
SMCI,SMCI260116C00019000,Call,2026-01-16,19.0,22.25,22.45,4.0,237,0.937500625,40.7,40.0,40.85,2.142105263157895
SMCI,SMCI251121P00047000,Put,2025-11-21,47.0,8.4,8.5,6.0,1389,0.5722699023437501,40.7,40.0,40.85,1.154791154791155
SMCI,SMCI270115C00043000,Call,2027-01-15,43.0,11.1,11.25,1.0,3716,0.6446568737792968,40.7,40.0,40.85,0.9465116279069768
SMCI,SMCI260618P00050000,Put,2026-06-18,50.0,13.7,13.9,1.0,7242,0.5256395092773438,40.7,40.0,40.85,1.2285012285012284
SMCI,SMCI260116C00022000,Call,2026-01-16,22.0,19.45,19.65,1.0,546,0.8452163916015624,40.7,40.0,40.85,1.85
SMCI,SMCI251121P00046000,Put,2025-11-21,46.0,7.65,7.75,15.0,3077,0.570316796875,40.7,40.0,40.85,1.1302211302211302
SMCI,SMCI260618P00040000,Put,2026-06-18,40.0,7.4,7.5,1.0,4192,0.5507857421875001,40.7,40.0,40.85,0.9828009828009828
SMCI,SMCI260320C00040000,Call,2026-03-20,40.0,7.8,7.9,37.0,2877,0.6379430737304688,40.7,40.0,40.85,1.0175
SMCI,SMCI250919C00019000,Call,2025-09-19,19.0,21.7,21.85,58.0,75,1.7734386328124998,40.7,40.0,40.85,2.142105263157895
SMCI,SMCI260320P00060000,Put,2026-03-20,60.0,20.7,20.9,10.0,428,0.5180712255859375,40.7,40.0,40.85,1.4742014742014742
SMCI,SMCI261218P00070000,Put,2026-12-18,70.0,31.4,31.7,51.0,419,0.4810842907714844,40.7,40.0,40.85,1.7199017199017197
SMCI,SMCI260618P00070000,Put,2026-06-18,70.0,30.35,30.55,3.0,64,0.5002491381835938,40.7,40.0,40.85,1.7199017199017197
SMCI,SMCI251219P00060000,Put,2025-12-19,60.0,19.9,20.1,5.0,613,0.5590864404296876,40.7,40.0,40.85,1.4742014742014742
SMCI,SMCI261218P00088000,Put,2026-12-18,88.0,47.75,48.1,11.0,108,0.4443414941406249,40.7,40.0,40.85,2.162162162162162
SMCI,SMCI251121P00065000,Put,2025-11-21,65.0,24.45,24.7,14.0,731,0.6005899316406251,40.7,40.0,40.85,1.597051597051597
SMCI,SMCI260116C00036000,Call,2026-01-16,36.0,8.5,8.6,3.0,1982,0.6394079028320312,40.7,40.0,40.85,1.1305555555555555
SMCI,SMCI260515P00042000,Put,2026-05-15,42.0,8.15,8.25,1.0,2810,0.5523726403808593,40.7,40.0,40.85,1.0319410319410318
SMCI,SMCI260618P00055000,Put,2026-06-18,55.0,17.5,17.7,1.0,1697,0.51758294921875,40.7,40.0,40.85,1.351351351351351
SMCI,SMCI261218C00025000,Call,2026-12-18,25.0,19.85,20.05,32.0,720,0.7210721252441408,40.7,40.0,40.85,1.628
SMCI,SMCI270115C00030000,Call,2027-01-15,30.0,17.0,17.2,1.0,2245,0.68555001953125,40.7,40.0,40.85,1.356666666666667
SMCI,SMCI260618P00047000,Put,2026-06-18,47.0,11.65,11.8,40.0,4813,0.53320779296875,40.7,40.0,40.85,1.154791154791155
SMCI,SMCI270115P00075000,Put,2027-01-15,75.0,35.9,36.3,2.0,1557,0.4719291088867187,40.7,40.0,40.85,1.8427518427518423
SMCI,SMCI261218C00050000,Call,2026-12-18,50.0,8.6,8.7,11.0,2143,0.6368444519042968,40.7,40.0,40.85,0.8140000000000001
SMCI,SMCI270115C00025000,Call,2027-01-15,25.0,20.05,20.25,1.0,764,0.7178983288574219,40.7,40.0,40.85,1.628
SMCI,SMCI260220P00046000,Put,2026-02-20,46.0,9.4,9.5,5.0,1229,0.5510298803710938,40.7,40.0,40.85,1.1302211302211302
SMCI,SMCI270115P00047000,Put,2027-01-15,47.0,13.8,13.95,4.0,1476,0.5185595019531251,40.7,40.0,40.85,1.154791154791155
SMCI,SMCI260618C00035000,Call,2026-06-18,35.0,11.85,11.95,2.0,293,0.6634555139160159,40.7,40.0,40.85,1.162857142857143
SMCI,SMCI260116P00045000,Put,2026-01-16,45.0,7.95,8.05,33.0,5207,0.5405319384765627,40.7,40.0,40.85,1.1056511056511056
SMCI,SMCI260116P00052000,Put,2026-01-16,52.0,13.15,13.3,2.0,2540,0.5336960693359375,40.7,40.0,40.85,1.2776412776412776
SMCI,SMCI260320P00050000,Put,2026-03-20,50.0,12.6,12.75,18.0,3590,0.5363815893554689,40.7,40.0,40.85,1.2285012285012284
SMCI,SMCI260515C00040000,Call,2026-05-15,40.0,8.9,9.0,9.0,2328,0.6478306701660157,40.7,40.0,40.85,1.0175
SMCI,SMCI260116P00072000,Put,2026-01-16,72.0,31.45,31.75,2.0,751,0.5429733203125001,40.7,40.0,40.85,1.769041769041769
SMCI,SMCI260918P00050000,Put,2026-09-18,50.0,14.7,14.85,10.0,1265,0.5173388110351562,40.7,40.0,40.85,1.2285012285012284
SMCI,SMCI270115C00040000,Call,2027-01-15,40.0,12.25,12.4,68.0,5603,0.6513706738281251,40.7,40.0,40.85,1.0175
SMCI,SMCI260515P00045000,Put,2026-05-15,45.0,10.0,10.1,4.0,1160,0.5459029785156251,40.7,40.0,40.85,1.1056511056511056
SMCI,SMCI260220P00055000,Put,2026-02-20,55.0,16.2,16.35,5.0,692,0.5358933129882812,40.7,40.0,40.85,1.351351351351351
SMCI,SMCI260116P00074000,Put,2026-01-16,74.0,33.4,33.7,1.0,595,0.543949873046875,40.7,40.0,40.85,1.818181818181818
SMCI,SMCI261218P00040000,Put,2026-12-18,40.0,9.3,9.4,1.0,2201,0.5387009020996094,40.7,40.0,40.85,0.9828009828009828
SMCI,SMCI260116C00033000,Call,2026-01-16,33.0,10.45,10.55,1.0,958,0.6626010302734376,40.7,40.0,40.85,1.2333333333333334
SMCI,SMCI251121C00030000,Call,2025-11-21,30.0,11.85,11.95,3.0,455,0.7334011035156249,40.7,40.0,40.85,1.356666666666667
SMCI,SMCI251017P00039000,Put,2025-10-17,39.0,2.08,2.1,31.0,1066,0.5190477783203125,40.7,40.0,40.85,0.9582309582309582
SMCI,SMCI270115P00052000,Put,2027-01-15,52.0,17.2,17.4,1.0,4695,0.5056201782226561,40.7,40.0,40.85,1.2776412776412776
SMCI,SMCI250919P00049000,Put,2025-09-19,49.0,8.35,8.45,2.0,6063,0.53320779296875,40.7,40.0,40.85,1.2039312039312038
SMCI,SMCI261218P00049000,Put,2026-12-18,49.0,14.9,15.05,500.0,1546,0.51562984375,40.7,40.0,40.85,1.2039312039312038
SMCI,SMCI251017P00070000,Put,2025-10-17,70.0,29.2,29.4,1.0,157,0.7578149218750001,40.7,40.0,40.85,1.7199017199017197
SMCI,SMCI260116P00054000,Put,2026-01-16,54.0,14.8,14.95,13.0,1790,0.5310105493164063,40.7,40.0,40.85,1.3267813267813269
SMCI,SMCI251121C00039000,Call,2025-11-21,39.0,5.65,5.7,4.0,711,0.648441015625,40.7,40.0,40.85,1.0435897435897437
SMCI,SMCI260320C00028000,Call,2026-03-20,28.0,15.1,15.2,5.0,141,0.7150907397460937,40.7,40.0,40.85,1.4535714285714287
SMCI,SMCI260116C00015500,Call,2026-01-16,15.5,25.6,25.8,1.0,352,1.0810592822265626,40.7,40.0,40.85,2.6258064516129034
SMCI,SMCI270115P00038000,Put,2027-01-15,38.0,8.4,8.5,5.0,7849,0.5399215930175782,40.7,40.0,40.85,0.9336609336609336
SMCI,SMCI270115P00042000,Put,2027-01-15,42.0,10.65,10.75,2.0,1271,0.5289353747558594,40.7,40.0,40.85,1.0319410319410318
SMCI,SMCI251121P00048000,Put,2025-11-21,48.0,9.15,9.25,5.0,5038,0.570316796875,40.7,40.0,40.85,1.1793611793611791
SMCI,SMCI251219P00050000,Put,2025-12-19,50.0,11.2,11.3,6.0,1191,0.5520064331054688,40.7,40.0,40.85,1.2285012285012284
SMCI,SMCI260320P00070000,Put,2026-03-20,70.0,29.8,30.0,7.0,209,0.5180712255859375,40.7,40.0,40.85,1.7199017199017197
SMCI,SMCI260320P00055000,Put,2026-03-20,55.0,16.5,16.65,13.0,1482,0.5268602001953125,40.7,40.0,40.85,1.351351351351351
SMCI,SMCI260116C00028000,Call,2026-01-16,28.0,14.25,14.4,5.0,5172,0.7260769580078125,40.7,40.0,40.85,1.4535714285714287
SMCI,SMCI260515C00028000,Call,2026-05-15,28.0,15.8,15.9,10.0,181,0.7124052197265626,40.7,40.0,40.85,1.4535714285714287
SMCI,SMCI260116P00061000,Put,2026-01-16,61.0,21.0,21.15,2.0,364,0.526371923828125,40.7,40.0,40.85,1.4987714987714986
SMCI,SMCI261218P00050000,Put,2026-12-18,50.0,15.6,15.75,1.0,3010,0.5136767382812499,40.7,40.0,40.85,1.2285012285012284
SMCI,SMCI270115P00070000,Put,2027-01-15,70.0,31.55,31.85,32.0,2780,0.477544287109375,40.7,40.0,40.85,1.7199017199017197
SMCI,SMCI260116C00021000,Call,2026-01-16,21.0,20.45,20.6,3.0,500,0.8891612646484374,40.7,40.0,40.85,1.9380952380952383
SMCI,SMCI260116C00012000,Call,2026-01-16,12.0,28.85,29.15,6.0,6769,1.2001993115234375,40.7,40.0,40.85,3.391666666666667
SMCI,SMCI260116C00020000,Call,2026-01-16,20.0,21.3,21.5,4.0,3141,0.901368173828125,40.7,40.0,40.85,2.035
SMCI,SMCI260116P00063000,Put,2026-01-16,63.0,22.9,23.05,2.0,297,0.5346726220703125,40.7,40.0,40.85,1.5479115479115475
SMCI,SMCI260116C00016000,Call,2026-01-16,16.0,25.15,25.3,2.0,188,1.0615281298828123,40.7,40.0,40.85,2.54375
SMCI,SMCI270115P00055000,Put,2027-01-15,55.0,19.45,19.6,2.0,947,0.5001270690917969,40.7,40.0,40.85,1.351351351351351
SMCI,SMCI260220P00050000,Put,2026-02-20,50.0,12.25,12.35,1.0,1483,0.5429733203125001,40.7,40.0,40.85,1.2285012285012284
SMCI,SMCI260116P00059000,Put,2026-01-16,59.0,19.2,19.35,12.0,1096,0.5312546875,40.7,40.0,40.85,1.4496314496314495
SMCI,SMCI260116P00058000,Put,2026-01-16,58.0,18.3,18.45,42.0,1584,0.5314988256835937,40.7,40.0,40.85,1.4250614250614249
SMCI,SMCI260116P00083000,Put,2026-01-16,83.0,42.2,42.45,2.0,207,0.5742230078125,40.7,40.0,40.85,2.039312039312039
SMCI,SMCI260116P00062000,Put,2026-01-16,62.0,21.95,22.1,1.0,511,0.5312546875,40.7,40.0,40.85,1.5233415233415233
SMCI,SMCI260116C00015000,Call,2026-01-16,15.0,26.05,26.25,200.0,1191,1.0869186279296876,40.7,40.0,40.85,2.7133333333333334
SMCI,SMCI260116C00025000,Call,2026-01-16,25.0,16.8,16.95,3.0,3764,0.7797873583984375,40.7,40.0,40.85,1.628
SMCI,SMCI260116C00017000,Call,2026-01-16,17.0,24.2,24.35,2.0,306,1.0224658251953125,40.7,40.0,40.85,2.394117647058824
SMCI,SMCI260116C00018000,Call,2026-01-16,18.0,23.25,23.4,1.0,436,0.98437515625,40.7,40.0,40.85,2.261111111111111
SMCI,SMCI260116P00075000,Put,2026-01-16,75.0,34.3,34.55,2.0,988,0.5537154003906251,40.7,40.0,40.85,1.8427518427518423
SMCI,SMCI260116P00067000,Put,2026-01-16,67.0,26.65,26.8,40.0,209,0.5268602001953125,40.7,40.0,40.85,1.6461916461916462
SMCI,SMCI251219P00055000,Put,2025-12-19,55.0,15.4,15.5,6.0,514,0.551762294921875,40.7,40.0,40.85,1.351351351351351
SMCI,SMCI251121P00080000,Put,2025-11-21,80.0,39.25,39.45,10.0,134,0.6171913281250001,40.7,40.0,40.85,1.9656019656019652
SMCI,SMCI260618P00075000,Put,2026-06-18,75.0,34.95,35.15,1.0,262,0.4895070581054688,40.7,40.0,40.85,1.8427518427518423
SMCI,SMCI260116P00066000,Put,2026-01-16,66.0,25.7,25.85,5.0,403,0.5278367529296876,40.7,40.0,40.85,1.6216216216216215
SMCI,SMCI260116P00064000,Put,2026-01-16,64.0,23.8,23.95,3.0,824,0.5268602001953125,40.7,40.0,40.85,1.5724815724815724
SMCI,SMCI260116P00071000,Put,2026-01-16,71.0,30.45,30.65,2.0,1147,0.514653291015625,40.7,40.0,40.85,1.7444717444717444
SMCI,SMCI270115P00049000,Put,2027-01-15,49.0,15.15,15.25,1.0,1192,0.5128222546386718,40.7,40.0,40.85,1.2039312039312038
SMCI,SMCI260116C00026000,Call,2026-01-16,26.0,15.95,16.05,10.0,939,0.7587914746093751,40.7,40.0,40.85,1.5653846153846156
SMCI,SMCI260116P00050000,Put,2026-01-16,50.0,11.6,11.7,100.0,12202,0.5373581420898439,40.7,40.0,40.85,1.2285012285012284
SMCI,SMCI260116C00030000,Call,2026-01-16,30.0,12.65,12.75,23.0,6643,0.6936065795898438,40.7,40.0,40.85,1.356666666666667
SMCI,SMCI251017P00060000,Put,2025-10-17,60.0,19.35,19.5,5.0,5616,0.6015664843750002,40.7,40.0,40.85,1.4742014742014742
SMCI,SMCI260116P00065000,Put,2026-01-16,65.0,24.75,24.9,1.0,875,0.5278367529296876,40.7,40.0,40.85,1.597051597051597
SMCI,SMCI260116P00060000,Put,2026-01-16,60.0,20.1,20.25,11.0,4435,0.5297898583984376,40.7,40.0,40.85,1.4742014742014742
SMCI,SMCI260116P00080000,Put,2026-01-16,80.0,39.25,39.5,1.0,1354,0.500005,40.7,40.0,40.85,1.9656019656019652
SMCI,SMCI260116P00070000,Put,2026-01-16,70.0,29.5,29.7,2.0,2615,0.5224657128906249,40.7,40.0,40.85,1.7199017199017197
SMCI,SMCI251121P00055000,Put,2025-11-21,55.0,15.05,15.15,25.0,2370,0.5708050732421875,40.7,40.0,40.85,1.351351351351351
SMCI,SMCI260116P00069000,Put,2026-01-16,69.0,28.55,28.7,2.0,659,0.5200243310546875,40.7,40.0,40.85,1.6953316953316953
SMCI,SMCI260116C00013000,Call,2026-01-16,13.0,28.0,28.15,3.0,773,1.1796916015625,40.7,40.0,40.85,3.130769230769231
SMCI,SMCI251219P00045000,Put,2025-12-19,45.0,7.55,7.6,4.0,3860,0.5581098876953126,40.7,40.0,40.85,1.1056511056511056
SMCI,SMCI260116P00057000,Put,2026-01-16,57.0,17.45,17.55,1.0,1307,0.5336960693359375,40.7,40.0,40.85,1.4004914004914004
SMCI,SMCI260116P00090000,Put,2026-01-16,90.0,49.25,49.5,49.0,674,0.570316796875,40.7,40.0,40.85,2.211302211302211
SMCI,SMCI260116P00055000,Put,2026-01-16,55.0,15.7,15.8,4.0,3638,0.5334519311523438,40.7,40.0,40.85,1.351351351351351
SMCI,SMCI260116P00068000,Put,2026-01-16,68.0,27.6,27.75,2.0,1218,0.524418818359375,40.7,40.0,40.85,1.6707616707616706
SMCI,SMCI250919P00095000,Put,2025-09-19,95.0,54.2,54.4,180.0,200,1.000005,40.7,40.0,40.85,2.334152334152334
SMCI,SMCI251121P00060000,Put,2025-11-21,60.0,19.7,19.8,2.0,2210,0.5815471533203125,40.7,40.0,40.85,1.4742014742014742
SMCI,SMCI260116P00085000,Put,2026-01-16,85.0,44.25,44.4,2.0,400,0.5566450585937501,40.7,40.0,40.85,2.0884520884520885
SMCI,SMCI251219P00090000,Put,2025-12-19,90.0,49.2,49.35,1.0,392,0.6093789062500001,40.7,40.0,40.85,2.211302211302211
