Ticker,Date,Open,High,Low,Close,Volume,Realised_Vol_Close_30,Realised_Vol_Close_60,Realised_Vol_Close_100,Realised_Vol_Close_180,Realised_Vol_Close_252,Vol_of_Vol_100d,Vol_of_Vol_100d_Percentile,Kurtosis_Close_100d,Kurtosis_Returns_100d
LAC,2023-10-02,8.789999961853027,10.140000343322754,8.0600004196167,10.130000114440918,4300.0,,,,,,,,,
LAC,2023-10-03,10.0,10.0,9.56999969482422,9.670000076293944,800.0,,,,,,,,,
LAC,2023-10-04,10.5,11.800000190734863,10.079999923706056,11.720000267028809,7122000.0,,,,,,,,,
LAC,2023-10-05,11.90999984741211,12.380000114440918,10.03499984741211,10.899999618530272,6763400.0,,,,,,,,,
LAC,2023-10-06,10.8100004196167,11.789999961853027,10.5600004196167,11.489999771118164,5552700.0,,,,,,,,,
LAC,2023-10-09,11.5,11.5,10.119999885559082,11.06999969482422,4076900.0,,,,,,,,,
LAC,2023-10-10,11.09000015258789,11.1899995803833,10.552000045776367,10.699999809265137,3703800.0,,,,,,,,,
LAC,2023-10-11,10.56999969482422,10.579999923706056,9.600000381469728,9.859999656677246,4838200.0,,,,,,,,,
LAC,2023-10-12,9.90999984741211,10.0,9.449999809265137,9.579999923706056,3212000.0,,,,,,,,,
LAC,2023-10-13,9.5,9.56999969482422,8.569999694824219,8.680000305175781,3865700.0,,,,,,,,,
LAC,2023-10-16,8.789999961853027,9.34000015258789,8.5,9.329999923706056,3632000.0,,,,,,,,,
LAC,2023-10-17,9.020000457763672,9.31999969482422,8.918999671936035,9.100000381469728,2463400.0,,,,,,,,,
LAC,2023-10-18,8.859999656677246,8.970000267028809,8.119999885559082,8.15999984741211,3720600.0,,,,,,,,,
LAC,2023-10-19,8.0600004196167,8.069999694824219,7.014999866485596,7.119999885559082,3705200.0,,,,,,,,,
LAC,2023-10-20,7.050000190734863,7.130000114440918,6.690000057220459,6.960000038146973,2570600.0,,,,,,,,,
LAC,2023-10-23,6.800000190734863,6.849999904632568,6.320000171661377,6.550000190734863,4117300.0,,,,,,,,,
LAC,2023-10-24,6.53000020980835,6.829999923706055,6.510000228881836,6.739999771118164,3003500.0,,,,,,,,,
LAC,2023-10-25,6.739999771118164,7.0980000495910645,6.699999809265137,6.829999923706055,2176400.0,,,,,,,,,
LAC,2023-10-26,6.78000020980835,6.960000038146973,6.71999979019165,6.760000228881836,2513800.0,,,,,,,,,
LAC,2023-10-27,6.900000095367432,7.144999980926514,6.820000171661377,6.849999904632568,1978500.0,,,,,,,,,
LAC,2023-10-30,6.949999809265137,7.059999942779541,6.659999847412109,6.710000038146973,2005400.0,,,,,,,,,
LAC,2023-10-31,6.590000152587891,6.889999866485596,6.559999942779541,6.699999809265137,1305400.0,,,,,,,,,
LAC,2023-11-01,6.599999904632568,6.679999828338623,6.409999847412109,6.599999904632568,1805300.0,,,,,,,,,
LAC,2023-11-02,6.659999847412109,7.039999961853027,6.610000133514404,7.039999961853027,2194900.0,,,,,,,,,
LAC,2023-11-03,7.150000095367432,7.489999771118164,7.079999923706055,7.360000133514404,1857700.0,,,,,,,,,
LAC,2023-11-06,7.550000190734863,7.570000171661377,7.070000171661377,7.159999847412109,1498800.0,,,,,,,,,
LAC,2023-11-07,7.050000190734863,7.400000095367432,6.96999979019165,7.25,1171200.0,,,,,,,,,
LAC,2023-11-08,7.329999923706055,7.539999961853027,7.179999828338623,7.5,1688000.0,,,,,,,,,
LAC,2023-11-09,7.53000020980835,7.53000020980835,7.070000171661377,7.099999904632568,2005600.0,,,,,,,,,
LAC,2023-11-10,7.119999885559082,7.400000095367432,6.994999885559082,7.369999885559082,1333500.0,,,,,,,,,
LAC,2023-11-13,7.309999942779541,7.309999942779541,6.920000076293945,7.179999828338623,2164100.0,101.576865568977,,,,,,,,
LAC,2023-11-14,7.400000095367432,7.545000076293945,7.239999771118164,7.46999979019165,1846400.0,102.06168044970883,,,,,,,,
LAC,2023-11-15,7.519999980926514,7.860000133514404,7.369999885559082,7.539999961853027,1963700.0,82.71225437285419,,,,,,,,
LAC,2023-11-16,7.599999904632568,7.599999904632568,6.909999847412109,6.949999809265137,2000300.0,83.29441224681564,,,,,,,,
LAC,2023-11-17,7.0,7.309999942779541,6.869999885559082,7.210000038146973,1353500.0,82.28782881915902,,,,,,,,
LAC,2023-11-20,7.260000228881836,7.460999965667725,7.210000038146973,7.260000228881836,1448800.0,82.27076614293098,,,,,,,,
LAC,2023-11-21,7.360000133514404,7.360000133514404,6.980000019073486,7.059999942779541,1257200.0,82.1618531399869,,,,,,,,
LAC,2023-11-22,7.079999923706055,7.159999847412109,6.815000057220459,6.989999771118164,1617600.0,79.60124603255247,,,,,,,,
LAC,2023-11-24,6.989999771118164,7.210000038146973,6.989999771118164,7.079999923706055,763600.0,79.72675949761422,,,,,,,,
LAC,2023-11-27,6.989999771118164,7.0,6.590000152587891,6.650000095367432,2472000.0,76.88335265419263,,,,,,,,
LAC,2023-11-28,6.650000095367432,6.784999847412109,6.440000057220459,6.510000228881836,2551000.0,72.99069170873071,,,,,,,,
LAC,2023-11-29,6.579999923706055,6.739999771118164,6.489999771118164,6.599999904632568,2156300.0,73.25444762926293,,,,,,,,
LAC,2023-11-30,6.650000095367432,6.690000057220459,6.349999904632568,6.449999809265137,2174900.0,67.2146379875992,,,,,,,,
LAC,2023-12-01,6.440000057220459,6.690000057220459,6.329999923706055,6.519999980926514,2513900.0,55.23105541458013,,,,,,,,
LAC,2023-12-04,6.46999979019165,6.525000095367432,6.360000133514404,6.440000057220459,1568800.0,54.989167024415345,,,,,,,,
LAC,2023-12-05,6.340000152587891,6.5,6.199999809265137,6.210000038146973,3048500.0,53.17567227743828,,,,,,,,
LAC,2023-12-06,6.300000190734863,6.650000095367432,6.25,6.420000076293945,4016800.0,53.423666227415666,,,,,,,,
LAC,2023-12-07,6.449999809265137,6.570000171661377,6.275000095367432,6.409999847412109,2059000.0,53.237166267227664,,,,,,,,
LAC,2023-12-08,6.559999942779541,6.75,6.539999961853027,6.630000114440918,3714300.0,54.171055658303125,,,,,,,,
LAC,2023-12-11,6.5,6.559999942779541,6.039999961853027,6.079999923706055,5014400.0,59.42135231933021,,,,,,,,
LAC,2023-12-12,6.110000133514404,6.110000133514404,5.809999942779541,5.829999923706055,3245700.0,60.25761658553874,,,,,,,,
LAC,2023-12-13,5.860000133514404,6.440000057220459,5.800000190734863,6.440000057220459,4466400.0,67.40914293375639,,,,,,,,
LAC,2023-12-14,6.630000114440918,6.760000228881836,6.408999919891357,6.599999904632568,3779600.0,67.6846671449529,,,,,,,,
LAC,2023-12-15,6.739999771118164,7.130000114440918,6.699999809265137,6.730000019073486,5102100.0,65.16485031430548,,,,,,,,
LAC,2023-12-18,6.800000190734863,6.840000152587891,6.460000038146973,6.489999771118164,2643600.0,64.41562104147354,,,,,,,,
LAC,2023-12-19,6.610000133514404,6.769999980926514,6.579999923706055,6.699999809265137,2135800.0,64.84293281135372,,,,,,,,
LAC,2023-12-20,6.610000133514404,6.638000011444092,6.170000076293945,6.170000076293945,4166700.0,68.69195776176669,,,,,,,,
LAC,2023-12-21,6.329999923706055,6.619999885559082,6.300000190734863,6.480000019073486,2657300.0,69.57731921417209,,,,,,,,
LAC,2023-12-22,6.369999885559082,6.61899995803833,6.369999885559082,6.5,2973000.0,67.97141477892569,,,,,,,,
LAC,2023-12-26,6.53000020980835,6.880000114440918,6.53000020980835,6.699999809265137,2803500.0,67.63978941913265,,,,,,,,
LAC,2023-12-27,6.820000171661377,6.960000038146973,6.650000095367432,6.78000020980835,3210000.0,67.41587799455104,85.81381560697241,,,,,,,
LAC,2023-12-28,6.769999980926514,6.869999885559082,6.53000020980835,6.599999904632568,4373200.0,66.60843025079399,85.5195924867814,,,,,,,
LAC,2023-12-29,6.559999942779541,6.579999923706055,6.349999904632568,6.400000095367432,2786800.0,66.91773592908766,74.95601326700677,,,,,,,
LAC,2024-01-02,6.360000133514404,6.510000228881836,6.295000076293945,6.329999923706055,1733600.0,62.961285823255295,73.81845090907683,,,,,,,
LAC,2024-01-03,6.179999828338623,6.230000019073486,6.050000190734863,6.159999847412109,2458600.0,62.167885626343555,72.7717687474785,,,,,,,
LAC,2024-01-04,6.130000114440918,6.199999809265137,6.054999828338623,6.099999904632568,1419400.0,62.07243586796173,72.55633154042368,,,,,,,
LAC,2024-01-05,6.059999942779541,6.130000114440918,5.96999979019165,6.070000171661377,1875800.0,61.71675065925771,72.38893818110671,,,,,,,
LAC,2024-01-08,6.050000190734863,6.144999980926514,5.945000171661377,6.110000133514404,1639000.0,61.78799770241139,70.86773065986523,,,,,,,
LAC,2024-01-09,6.059999942779541,6.090000152587891,5.949999809265137,5.980000019073486,1563400.0,61.754204687444755,70.79180512263903,,,,,,,
LAC,2024-01-10,5.960000038146973,5.989999771118164,5.809999942779541,5.869999885559082,2059200.0,59.49693596294221,68.26167898104359,,,,,,,
LAC,2024-01-11,5.849999904632568,5.849999904632568,5.369999885559082,5.389999866485596,4570600.0,63.834109229682426,68.13498335535827,,,,,,,
LAC,2024-01-12,5.429999828338623,5.630000114440918,5.429999828338623,5.519999980926514,2023700.0,64.17570877685054,68.3845499664955,,,,,,,
LAC,2024-01-16,5.46999979019165,5.489999771118164,5.170000076293945,5.210000038146973,2818500.0,65.75210951769414,65.92406879960295,,,,,,,
LAC,2024-01-17,5.119999885559082,5.119999885559082,4.940000057220459,5.03000020980835,2690400.0,66.01275282009712,60.51622759537896,,,,,,,
LAC,2024-01-18,5.119999885559082,5.150000095367432,4.820000171661377,4.869999885559082,2036300.0,66.36306302147597,60.662748453991966,,,,,,,
LAC,2024-01-19,4.829999923706055,4.840000152587891,4.269999980926514,4.539999961853027,4109000.0,68.25634986889575,61.056867976452544,,,,,,,
LAC,2024-01-22,4.409999847412109,4.710000038146973,4.329999923706055,4.610000133514404,2188300.0,67.45105235570533,60.7943543622727,,,,,,,
LAC,2024-01-23,4.75,4.860000133514404,4.550000190734863,4.550000190734863,2050100.0,67.3930038361446,60.67137715143027,,,,,,,
LAC,2024-01-24,4.710000038146973,4.980000019073486,4.695000171661377,4.730000019073486,3876900.0,67.70246186661791,61.37960079031388,,,,,,,
LAC,2024-01-25,4.760000228881836,4.78000020980835,4.550000190734863,4.619999885559082,1953700.0,63.96799585723825,61.35131788025989,,,,,,,
LAC,2024-01-26,4.619999885559082,4.75,4.550000190734863,4.610000133514404,1953500.0,63.22873181493554,61.2869719527214,,,,,,,
LAC,2024-01-29,4.635000228881836,4.710000038146973,4.440000057220459,4.710000038146973,2037300.0,55.25925647123773,61.543147760512674,,,,,,,
LAC,2024-01-30,4.739999771118164,4.75,4.46999979019165,4.519999980926514,2033800.0,54.926956028494175,61.94122455878509,,,,,,,
LAC,2024-01-31,4.510000228881836,4.579999923706055,4.360000133514404,4.360000133514404,2838700.0,54.46125232830627,60.43905135166746,,,,,,,
LAC,2024-02-01,4.409999847412109,4.460000038146973,4.230000019073486,4.349999904632568,2213400.0,54.16730151093336,59.45806768466435,,,,,,,
LAC,2024-02-02,4.260000228881836,4.28000020980835,4.105000019073486,4.210000038146973,2490500.0,52.69976708821702,59.53710478321184,,,,,,,
LAC,2024-02-05,4.090000152587891,4.110000133514404,3.809999942779541,3.829999923706055,4183500.0,54.143425482168375,61.89579760744755,,,,,,,
LAC,2024-02-06,3.839999914169312,4.119999885559082,3.8350000381469727,4.090000152587891,3479700.0,56.060348311052934,63.20132767698532,,,,,,,
LAC,2024-02-07,4.110000133514404,4.150000095367432,4.0,4.070000171661377,1496700.0,55.8798510458427,62.51752285521912,,,,,,,
LAC,2024-02-08,4.065000057220459,4.199999809265137,3.950000047683716,4.119999885559082,1636200.0,54.82409659587086,61.927106707366434,,,,,,,
LAC,2024-02-09,4.139999866485596,4.230000019073486,4.070000171661377,4.230000019073486,1953500.0,55.62326383549119,62.26528611724984,,,,,,,
LAC,2024-02-12,4.21999979019165,4.590000152587891,4.21999979019165,4.53000020980835,4830900.0,60.60892436703394,63.495876267201254,,,,,,,
LAC,2024-02-13,4.40500020980835,4.429999828338623,4.074999809265137,4.170000076293945,3478100.0,63.762883350946176,65.18609138549843,,,,,,,
LAC,2024-02-14,4.25,4.53000020980835,4.21999979019165,4.519999980926514,2477100.0,69.44532810564708,66.0384683234521,,,,,,,
LAC,2024-02-15,4.570000171661377,4.639999866485596,4.340000152587891,4.550000190734863,2397000.0,69.4604935346744,65.4694170335625,,,,,,,
LAC,2024-02-16,4.550000190734863,4.730000019073486,4.46999979019165,4.599999904632568,2832100.0,69.72753959034085,65.51280977273268,,,,,,,
LAC,2024-02-20,4.590000152587891,4.599999904632568,4.230000019073486,4.300000190734863,2632100.0,71.70443741225631,66.52884629799124,,,,,,,
LAC,2024-02-21,4.320000171661377,4.395999908447266,4.224999904632568,4.329999923706055,1670500.0,71.71293407957495,66.60067147432213,,,,,,,
LAC,2024-02-22,4.349999904632568,4.369999885559082,4.190000057220459,4.210000038146973,1701400.0,71.81853569159489,66.5831759058289,,,,,,,
LAC,2024-02-23,4.28000020980835,4.34499979019165,4.099999904632568,4.300000190734863,1901500.0,72.40864794591488,65.89212186282936,,,,,,0.87,
LAC,2024-02-26,4.329999923706055,4.440000057220459,4.170000076293945,4.409999847412109,2198400.0,69.4982064258254,66.1591501743242,77.48838617808407,,,,,1.06,2.02
LAC,2024-02-27,4.440000057220459,4.639999866485596,4.434999942779541,4.610000133514404,3084800.0,70.52817830765362,66.8529514257329,77.69107263436473,,,,,1.27,1.95
LAC,2024-02-28,4.630000114440918,4.860000133514404,4.519999980926514,4.760000228881836,4145000.0,69.59452680501894,67.2047919822077,71.09181387957722,,,,,1.16,-0.02
LAC,2024-02-29,4.900000095367432,5.489999771118164,4.889999866485596,5.480000019073486,6544100.0,80.38931596557404,73.50622427341352,74.23919828410334,,,,,1.26,0.54
LAC,2024-03-01,5.710000038146973,5.795000076293945,5.330999851226807,5.650000095367432,5825000.0,80.06296356739523,73.79581176305204,73.86879462721184,,,,,0.91,0.59
LAC,2024-03-04,5.679999828338623,5.679999828338623,5.34499979019165,5.429999828338623,3597200.0,78.04120711712923,73.86523195067915,73.89557495447136,,,,,0.49,0.59
LAC,2024-03-05,5.159999847412109,5.179999828338623,4.885000228881836,4.960000038146973,3205800.0,82.8228540567371,75.65940503677838,74.95636118059275,,,,,-0.04,0.48
LAC,2024-03-06,5.039999961853027,5.409999847412109,5.0,5.360000133514404,2894300.0,85.47034085426556,77.49692014855235,75.215179721523,,,,,-0.28,0.48
LAC,2024-03-07,5.5,5.570000171661377,5.289999961853027,5.340000152587891,2436800.0,84.91596587968961,77.11798443574357,75.12770989604005,,,,,-0.52,0.5
LAC,2024-03-08,5.400000095367432,5.570000171661377,5.289999961853027,5.320000171661377,1694000.0,84.55057708761711,75.1538432732739,73.63916610990924,,,,,-0.53,0.63
LAC,2024-03-11,5.449999809265137,5.929999828338623,5.429999828338623,5.829999923706055,4528300.0,88.17358791044289,77.09363937988097,74.2160666634258,,,,,-0.87,0.62
LAC,2024-03-12,5.840000152587891,5.909999847412109,5.505000114440918,5.630000114440918,2505000.0,88.92645802755139,74.56310360532747,74.30192838018318,,,,,-1.24,0.61
LAC,2024-03-13,5.590000152587891,5.78000020980835,5.480000019073486,5.730000019073486,3385900.0,87.84506122072786,74.47019998727117,72.47721733871327,,,,,-1.32,0.7
LAC,2024-03-14,6.829999923706055,7.650000095367432,5.900000095367432,5.989999771118164,21496600.0,87.44010008620471,74.95487980980504,69.67169124249324,,,,,-1.3,0.45
LAC,2024-03-15,6.480000019073486,6.760000228881836,6.090000152587891,6.46999979019165,12608400.0,89.4278672506003,76.3240590730007,70.70002251814343,,,,,-1.29,0.34
LAC,2024-03-18,6.559999942779541,6.579999923706055,5.670000076293945,5.730000019073486,7348200.0,96.78636208331439,79.96722547426745,72.6428733405877,,,,,-1.29,0.46
LAC,2024-03-19,5.650000095367432,5.730000019073486,5.429999828338623,5.559999942779541,3815200.0,92.42086163405881,78.44190102734966,72.62497773684692,,,,,-1.28,0.46
LAC,2024-03-20,5.610000133514404,6.079999923706055,5.429999828338623,5.989999771118164,3830700.0,92.89622718462486,79.31470234815382,73.59488485686306,,,,,-1.26,0.36
LAC,2024-03-21,6.170000076293945,6.539999961853027,5.989999771118164,6.409999847412109,4465100.0,94.07853502460767,80.56570431155633,74.3913280363676,,,,,-1.26,0.26
LAC,2024-03-22,6.449999809265137,7.119999885559082,6.329999923706055,6.929999828338623,7586900.0,95.81674392203287,81.91944588238673,75.40006576842472,,,,,-1.26,0.16
LAC,2024-03-25,7.070000171661377,7.409999847412109,6.840000152587891,6.860000133514404,5910300.0,96.10189754632093,81.91393856219798,75.34486946346128,,,,,-1.26,0.17
LAC,2024-03-26,6.929999828338623,6.960000038146973,6.429999828338623,6.619999885559082,4240200.0,95.90654558775792,82.05625472506752,75.55899974937584,,,,,-1.26,0.14
LAC,2024-03-27,6.619999885559082,6.828000068664551,6.505000114440918,6.739999771118164,2486900.0,91.53902520268434,81.88204175282307,75.57476832504777,,,,,-1.26,0.13
LAC,2024-03-28,6.739999771118164,6.849999904632568,6.590000152587891,6.71999979019165,2148200.0,89.59867989690468,81.84890093451018,74.86860398130017,,,,,-1.26,0.22
LAC,2024-04-01,6.800000190734863,7.25,6.777999877929688,7.019999980926514,4461600.0,90.0042075665229,82.09414273454254,74.85684344730521,,,,,-1.26,0.22
LAC,2024-04-02,6.829999923706055,7.070000171661377,6.670000076293945,7.050000190734863,3271500.0,90.047608746943,82.05716178467725,74.73418399720919,,,,,-1.26,0.24
LAC,2024-04-03,6.869999885559082,7.150000095367432,6.800000190734863,7.090000152587891,3519300.0,86.7169720821971,82.04538507252687,74.71261894702572,,,,,-1.26,0.24
LAC,2024-04-04,7.21999979019165,7.380000114440918,6.710000038146973,6.71999979019165,4767500.0,89.05081700688795,82.84339279821272,74.98599611291235,,,,,-1.27,0.21
LAC,2024-04-05,6.699999809265137,7.025000095367432,6.53000020980835,6.820000171661377,3057100.0,88.12419751224971,82.74503186531481,74.52950528714712,,,,,-1.27,0.27
LAC,2024-04-08,6.809999942779541,6.96999979019165,6.639999866485596,6.679999828338623,2371400.0,88.7489179639521,82.76953922056057,74.35114152874247,,,,,-1.27,0.3
LAC,2024-04-09,6.699999809265137,6.96999979019165,6.664999961853027,6.960000038146973,2302000.0,89.03027727539705,81.10082087666413,74.53763277036633,,,,,-1.27,0.27
LAC,2024-04-10,6.860000133514404,7.210000038146973,6.681000232696533,7.190000057220459,2929400.0,88.75918631560432,81.20971473840429,74.44952294745765,,,,,-1.29,0.28
LAC,2024-04-11,7.190000057220459,7.349999904632568,7.050000190734863,7.340000152587891,3135500.0,88.62874112605596,80.22869083999247,74.50876802985744,,,,,-1.3,0.27
LAC,2024-04-12,7.340000152587891,7.710000038146973,7.045000076293945,7.079999923706055,3309700.0,81.22316485219396,80.24859801634831,73.59189204993821,,,,,-1.3,0.34
LAC,2024-04-15,7.059999942779541,7.394999980926514,6.679999828338623,6.809999942779541,3498300.0,82.07644868760146,80.3923886413443,73.6150202993035,,,,,-1.3,0.35
LAC,2024-04-16,6.619999885559082,6.675000190734863,6.369999885559082,6.489999771118164,2550700.0,82.52067398886808,79.62865909359988,73.99019841164211,,,,,-1.3,0.3
LAC,2024-04-17,6.53000020980835,6.820000171661377,6.53000020980835,6.630000114440918,2171400.0,77.36399004335462,79.66855873689782,73.94913698286013,,,,,-1.3,0.3
LAC,2024-04-18,4.840000152587891,4.900000095367432,4.639999866485596,4.659999847412109,32100200.0,128.26769291011,108.36626669608249,92.68007250167383,,,,,-1.33,11.32
LAC,2024-04-19,4.710000038146973,4.900000095367432,4.670000076293945,4.730000019073486,8848900.0,128.39320602347294,108.11501103804737,92.6904741821182,,,,,-1.36,11.32
LAC,2024-04-22,4.650000095367432,4.889999866485596,4.650000095367432,4.75,7062200.0,128.41556225194722,108.00656880472832,92.22060042892433,,,,,-1.38,11.7
LAC,2024-04-23,4.769999980926514,4.800000190734863,4.670000076293945,4.679999828338623,5592200.0,125.21526607760217,108.05100380436356,92.19445167231969,,,,,-1.4,11.72
LAC,2024-04-24,4.699999809265137,4.75,4.429999828338623,4.489999771118164,8630200.0,125.35467662297333,108.2924241723765,92.35094252930234,,,,,-1.42,11.55
LAC,2024-04-25,4.449999809265137,4.489999771118164,4.394999980926514,4.420000076293945,4393600.0,125.14561888525901,108.01227248888878,92.31977880517171,,,,,-1.44,11.58
LAC,2024-04-26,4.429999828338623,4.710000038146973,4.400000095367432,4.619999885559082,5356200.0,125.1411730533938,108.13321834590973,92.60659541960449,,,,,-1.45,11.45
LAC,2024-04-29,4.699999809265137,4.715000152587891,4.489999771118164,4.570000171661377,4531600.0,122.47246298423744,108.15858977651314,92.60330435865102,,,,,-1.46,11.45
LAC,2024-04-30,4.510000228881836,4.539999961853027,4.380000114440918,4.409999847412109,6314100.0,118.23464743036926,108.19898569664225,92.59677571582596,,,,,-1.47,11.46
LAC,2024-05-01,4.409999847412109,4.519999980926514,4.260000228881836,4.349999904632568,5630400.0,118.07219142315853,106.40870755000557,92.42316936711829,,,,,-1.48,11.5
LAC,2024-05-02,4.389999866485596,4.534999847412109,4.300000190734863,4.489999771118164,4144700.0,116.10271766957045,105.76746632007081,92.59496108930293,,,,,-1.48,11.44
LAC,2024-05-03,4.550000190734863,4.619999885559082,4.449999809265137,4.489999771118164,2878400.0,113.81699797528408,105.75945485292466,92.40364819045041,,,,,-1.47,11.51
LAC,2024-05-06,4.409999847412109,4.619999885559082,4.389999866485596,4.440000057220459,5228800.0,110.58712262512091,105.76830161002691,91.45622837915711,,,,,-1.48,12.19
LAC,2024-05-07,4.440000057220459,4.570000171661377,4.409999847412109,4.539999961853027,4108500.0,111.10465552225513,105.73027335634231,91.3303129332828,,,,,-1.49,12.36
LAC,2024-05-08,4.449999809265137,4.460000038146973,4.309999942779541,4.320000171661377,3946900.0,111.41922827560118,105.28863808025066,90.15156888654394,,,,,-1.47,12.84
LAC,2024-05-09,4.349999904632568,4.510000228881836,4.335000038146973,4.449999809265137,3680100.0,111.76351117933454,104.0623488726625,90.1963530807644,,,,,-1.45,12.82
LAC,2024-05-10,4.5,4.525000095367432,4.360000133514404,4.360000133514404,3080600.0,111.73054987299147,102.81751504851333,90.15488801926504,,,,,-1.43,12.79
LAC,2024-05-13,4.429999828338623,4.650000095367432,4.400000095367432,4.400000095367432,5325400.0,110.61274918786266,102.82635436563187,90.033214919805,,,,,-1.4,12.94
LAC,2024-05-14,4.460000038146973,4.619999885559082,4.460000038146973,4.570000171661377,5710100.0,111.56275797344495,103.10337948547581,90.0995924199574,,,,,-1.36,12.91
LAC,2024-05-15,4.639999866485596,4.659999847412109,4.360000133514404,4.389999866485596,5549200.0,111.63588383629968,102.49260497833725,89.40885535049145,,,,,-1.34,13.44
LAC,2024-05-16,4.409999847412109,4.46999979019165,4.360000133514404,4.429999828338623,3099000.0,111.27778308914608,102.49935527216793,89.03672369955231,,,,,-1.3,13.64
LAC,2024-05-17,4.429999828338623,4.519999980926514,4.380000114440918,4.46999979019165,4411900.0,111.16092119586504,102.34083361685782,89.05328730617299,,,,,-1.25,13.64
LAC,2024-05-20,4.480000019073486,4.480000019073486,4.309999942779541,4.369999885559082,4507600.0,111.1720680284047,102.36586918684623,88.93446059612074,,,,,-1.2,13.64
LAC,2024-05-21,4.369999885559082,4.409999847412109,4.230000019073486,4.25,4707900.0,109.98609644483139,102.39065597466193,88.97440754527034,,,,,-1.14,13.55
LAC,2024-05-22,4.230000019073486,4.239999771118164,4.03000020980835,4.050000190734863,6326800.0,109.3502588367177,102.41139428087725,89.17386996465811,,,,,-1.07,13.37
LAC,2024-05-23,4.059999942779541,4.059999942779541,3.680000066757202,3.799999952316284,17387300.0,109.41698143162309,102.92484330545552,89.56979267752445,,,,,-1.01,13.04
LAC,2024-05-24,3.829999923706055,3.910000085830689,3.799999952316284,3.910000085830689,3941700.0,110.2909893899801,98.67049075104401,89.72452976770492,,,,,-0.95,12.99
LAC,2024-05-28,3.740000009536743,3.910000085830689,3.6050000190734863,3.630000114440918,7627200.0,111.29703825386694,99.36599638920957,90.33301946479003,,,,,-0.89,12.52
LAC,2024-05-29,3.609999895095825,3.630000114440918,3.299999952316284,3.3499999046325684,10457700.0,112.36335472110109,100.27328375493603,91.11199094588494,,,,,-0.82,11.92
LAC,2024-05-30,3.359999895095825,3.470000028610229,3.309999942779541,3.359999895095825,5327900.0,111.87222374052371,98.80845145855255,91.12299421386481,,,,,-0.76,11.92
LAC,2024-05-31,3.380000114440918,3.4590001106262207,3.309999942779541,3.390000104904175,3049500.0,52.57501385689238,97.30430450464912,91.13183102854482,,,,,-0.71,11.92
LAC,2024-06-03,3.400000095367432,3.440000057220459,3.25,3.289999961853028,4870500.0,52.28976410412914,97.40761437635061,91.17845411968389,,,,,-0.66,11.88
LAC,2024-06-04,3.289999961853028,3.289999961853028,3.140000104904175,3.180000066757202,4334600.0,52.42648789228195,97.54753492247676,91.26563012452364,,,,,-0.61,11.8
LAC,2024-06-05,3.180000066757202,3.25,3.119999885559082,3.1700000762939453,4611600.0,52.507512404069736,95.30084156402101,90.37886056516288,,,,,-0.61,12.47
LAC,2024-06-06,3.119999885559082,3.200000047683716,3.059999942779541,3.0999999046325684,4600300.0,51.89589803498927,95.1961092369123,90.29704040034665,,,,,-0.59,12.46
LAC,2024-06-07,3.009999990463257,3.095000028610229,2.9800000190734863,3.039999961853028,5187600.0,51.929355821962,95.04120882244152,89.93947438596793,,,,,-0.59,12.76
LAC,2024-06-10,3.049999952316284,3.0999999046325684,2.984999895095825,3.069999933242798,3069100.0,49.56563594447218,94.4500223204493,89.84385104760186,,,,,-0.61,12.89
LAC,2024-06-11,3.009999990463257,3.039999961853028,2.9100000858306885,2.9800000190734863,4051800.0,49.77626343681472,92.70936429872384,89.82481951796582,,,,,-0.62,12.91
LAC,2024-06-12,3.0799999237060547,3.119999885559082,2.970000028610229,2.990000009536743,4558800.0,49.60300635371331,89.95589096850894,89.22145648515337,,,,,-0.64,13.44
LAC,2024-06-13,3.0,3.009999990463257,2.900000095367432,2.930000066757202,3114900.0,49.64814069767509,89.88837655087579,89.20248321138608,,,,,-0.66,13.4
LAC,2024-06-14,2.9200000762939453,2.930000066757202,2.759999990463257,2.7799999713897705,5496600.0,49.03418565789163,88.50705214079318,89.51822403347356,,,,,-0.68,13.12
LAC,2024-06-17,2.7799999713897705,2.8299999237060547,2.7300000190734863,2.799999952316284,3960600.0,49.28058810951749,87.00974415139243,89.2654267168931,,,,,-0.7,13.25
LAC,2024-06-18,2.799999952316284,2.8399999141693115,2.75,2.809999942779541,3332400.0,49.58367190607958,84.96857162524294,89.22775109412078,,,,,-0.72,13.32
LAC,2024-06-20,2.799999952316284,2.890000104904175,2.7100000381469727,2.8399999141693115,5119800.0,48.92808648502104,85.12614665441356,89.26106444519668,84.38748384559017,,,,-0.74,13.31
LAC,2024-06-21,2.8499999046325684,2.924999952316284,2.759999990463257,2.8499999046325684,5034700.0,48.13506521134806,85.09323223910984,89.17186744137415,84.26603393687458,,,,-0.77,13.35
LAC,2024-06-24,2.8499999046325684,2.875,2.740000009536743,2.759999990463257,3121700.0,46.58619629577059,84.90707602337724,89.08971596220884,80.91981121382341,,,,-0.79,13.42
LAC,2024-06-25,2.75,2.759999990463257,2.609999895095825,2.609999895095825,4798300.0,47.99593504713656,85.28165214156923,89.32142900358043,80.75675889009985,,,,-0.81,13.23
LAC,2024-06-26,2.640000104904175,2.75,2.618000030517578,2.7100000381469727,6733200.0,50.01473062656261,85.10968115854524,89.57780720993043,80.61660789436509,,,,-0.84,13.11
LAC,2024-06-27,2.7100000381469727,2.819999933242798,2.634999990463257,2.7799999713897705,5259100.0,48.967670139437836,85.43487747902037,89.5916315256035,80.6383299110789,,,,-0.86,13.19
LAC,2024-06-28,2.8299999237060547,2.8499999046325684,2.6600000858306885,2.680000066757202,3635100.0,48.82951653612619,85.42697266233913,88.56876777208225,80.65105962205506,,,,-0.88,13.97
LAC,2024-07-01,2.680000066757202,2.7699999809265137,2.630000114440918,2.650000095367432,2753300.0,48.258386686431265,85.07556976031881,87.87691682682221,80.16952747724703,,,,-0.9,14.36
LAC,2024-07-02,2.650000095367432,2.7149999141693115,2.509999990463257,2.5299999713897705,4345200.0,48.32067764940153,85.06840341662091,88.12950885686895,80.262530471236,,,,-0.92,14.1
LAC,2024-07-03,2.559999942779541,2.7300000190734863,2.549999952316284,2.700000047683716,3184900.0,54.08034393506881,86.68769818301041,88.78481293658396,79.97866343861934,,,,-0.94,13.71
LAC,2024-07-05,2.740000009536743,2.740000009536743,2.609999895095825,2.650000095367432,2875900.0,53.97185393763916,85.89563223042579,88.67783231289144,79.4407880535385,,,,-0.97,13.71
LAC,2024-07-08,2.6700000762939453,2.720000028610229,2.619999885559082,2.640000104904175,2720100.0,53.18030107505718,85.3386870927147,87.89806349112148,79.41286965536355,,,,-0.99,14.16
LAC,2024-07-09,2.640000104904175,2.640000104904175,2.490000009536743,2.539999961853028,4966700.0,51.626972272389494,85.09485940962027,87.18450516361689,78.5702399595556,,,,-1.01,14.77
LAC,2024-07-10,2.549999952316284,2.609999895095825,2.5299999713897705,2.5799999237060547,2982100.0,50.84471653396836,85.2772044506231,86.1657443647114,77.07772247922324,,,,-1.04,15.44
LAC,2024-07-11,2.640000104904175,2.7100000381469727,2.5899999141693115,2.7100000381469727,3614900.0,50.68151833058327,86.20827511637253,86.58302219114314,77.32228382575288,,,,-1.06,15.18
LAC,2024-07-12,2.7300000190734863,2.799999952316284,2.690000057220459,2.759999990463257,5219100.0,46.652653687110416,86.20433205865285,86.62570669397847,77.08899229528457,,,,-1.08,15.15
LAC,2024-07-15,2.789999961853028,2.9600000381469727,2.680000066757202,2.900000095367432,6877100.0,49.33931891449447,86.89068912872469,86.4724460689771,77.25579725757328,,,,-1.1,15.48
LAC,2024-07-16,2.9600000381469727,3.2699999809265137,2.9100000858306885,3.2100000381469727,8986400.0,58.12021859109091,55.39375524284824,88.06530148737525,78.24467148673375,,,,-1.12,14.47
LAC,2024-07-17,3.190000057220459,3.2300000190734863,2.970000028610229,3.039999961853028,5938000.0,59.56399289607282,56.082310134974925,88.35481202299788,78.46690687165729,,,,-1.13,14.21
LAC,2024-07-18,3.039999961853028,3.069999933242798,2.8299999237060547,2.859999895095825,4285800.0,61.29119982364553,57.09186585000005,88.73932928831569,78.72309029765077,,7.79,50.0,-1.15,13.79
LAC,2024-07-19,2.880000114440918,2.890000104904175,2.7699999809265137,2.8399999141693115,2764000.0,61.29933623112972,57.07697577982077,88.61554524161829,78.70109988476278,,7.78,48.0,-1.17,13.83
LAC,2024-07-22,2.880000114440918,2.921999931335449,2.674999952316284,2.8499999046325684,4444100.0,61.07273131461106,56.705167438950255,88.28012892051139,78.70627106949975,,7.76,45.0,-1.18,14.02
LAC,2024-07-23,2.8299999237060547,2.8299999237060547,2.740000009536743,2.8299999237060547,2282500.0,60.88211161164245,56.67985882410618,88.08288111190878,78.69724122011836,,7.65,43.0,-1.19,14.11
LAC,2024-07-24,2.809999942779541,2.8399999141693115,2.650000095367432,2.6600000858306885,2828100.0,63.14323137898319,56.72239498410138,85.36445966253426,78.55342907913837,,7.58,34.0,-1.18,15.46
LAC,2024-07-25,2.650000095367432,2.775000095367432,2.569999933242798,2.7300000190734863,3991500.0,63.293386115741036,57.1768647385375,85.31599811294575,78.4186361868411,,7.51,33.0,-1.16,15.49
LAC,2024-07-26,2.799999952316284,2.8299999237060547,2.720000028610229,2.8299999237060547,2912100.0,64.27298742748697,57.61165187446636,85.42938860842109,78.52742561911491,,7.43,34.0,-1.14,15.54
LAC,2024-07-29,2.8399999141693115,2.8499999046325684,2.619999885559082,2.7100000381469727,3251200.0,65.18862437343027,58.068350555987855,84.57202461444815,78.62849688360117,,7.36,31.0,-1.14,16.33
LAC,2024-07-30,2.680000066757202,2.736000061035156,2.569999933242798,2.5999999046325684,2992600.0,64.52480771964655,57.873549575758055,83.6827078801837,78.60275001319194,,7.3,30.0,-1.12,16.86
LAC,2024-07-31,2.630000114440918,2.789999961853028,2.628000020980835,2.7100000381469727,3271500.0,65.71208537514883,58.76814820350441,84.03728508124716,78.58434883948519,,7.23,30.0,-1.1,16.63
LAC,2024-08-01,2.720000028610229,2.7699999809265137,2.539999961853028,2.549999952316284,3409400.0,67.93063026378681,59.74165872402148,84.4726376796805,78.6923144017667,,7.14,30.0,-1.07,16.12
LAC,2024-08-02,2.509999990463257,2.5299999713897705,2.380000114440918,2.400000095367432,4267500.0,69.7808780830846,60.286941868486906,83.38467067691944,78.92272854156262,,7.05,27.0,-1.03,16.7
LAC,2024-08-05,2.130000114440918,2.309999942779541,2.0199999809265137,2.309999942779541,4220700.0,70.35265149284334,60.01523807173415,83.41265870922054,78.82562327126529,,6.97,27.0,-0.99,16.67
LAC,2024-08-06,2.309999942779541,2.380000114440918,2.220000028610229,2.289999961853028,2455500.0,69.9533807893276,59.43308350873788,83.30427009985434,78.80345468096658,,6.85,25.0,-0.94,16.72
LAC,2024-08-07,2.369999885559082,2.390000104904175,2.220000028610229,2.2300000190734863,2444400.0,68.64846477170659,59.48743763003922,82.9036906934395,78.33546710227147,,6.66,24.0,-0.87,16.94
LAC,2024-08-08,2.259999990463257,2.309999942779541,2.2300000190734863,2.2799999713897705,2571300.0,67.95400508993183,59.73710154877991,81.8895353406771,78.241759550726,,6.5,23.0,-0.79,17.75
LAC,2024-08-09,2.299999952316284,2.309999942779541,2.190000057220459,2.190000057220459,1996600.0,67.99860491100048,59.15140913773921,80.08177957956164,78.3279230018543,,6.39,22.0,-0.72,19.64
LAC,2024-08-12,2.2100000381469727,2.240000009536743,2.130000114440918,2.130000114440918,2390900.0,67.72191531987191,58.955598603308125,80.06740488406862,78.32733134103475,,6.28,21.0,-0.67,19.66
LAC,2024-08-13,2.140000104904175,2.3399999141693115,2.140000104904175,2.319999933242798,3263500.0,72.87836575375142,62.11738367331648,80.378448944182,79.08051892214955,,6.18,22.0,-0.58,19.38
LAC,2024-08-14,2.309999942779541,2.3499999046325684,2.180000066757202,2.2100000381469727,2821300.0,72.99279362728458,62.454198477758695,79.65067371235581,79.20706924855678,,6.1,19.0,-0.47,19.88
LAC,2024-08-15,2.25,2.424999952316284,2.240000009536743,2.390000104904175,3620100.0,74.18282943573809,65.0729946238749,79.65919611895363,79.55451956057068,,6.04,19.0,-0.35,19.87
LAC,2024-08-16,2.359999895095825,2.5999999046325684,2.359999895095825,2.569999933242798,5176600.0,77.2739295513999,67.12457083268653,80.74829072610933,80.06944556835288,,5.97,22.0,-0.21,18.92
LAC,2024-08-19,2.619999885559082,2.690000057220459,2.569999933242798,2.630000114440918,4064600.0,77.5820778485585,66.90776044743421,80.80853587359368,80.1081290202643,,5.9,22.0,-0.05,18.99
LAC,2024-08-20,2.650000095367432,2.700000047683716,2.4749999046325684,2.5199999809265137,2870200.0,77.7681835419342,66.28579523411166,80.86291845134652,80.20411206296049,,5.83,22.0,0.11,18.8
LAC,2024-08-21,2.569999933242798,2.819999933242798,2.539999961853028,2.799999952316284,5610200.0,83.49900727740103,69.81322999161107,82.9000831850521,81.24371997372033,,5.72,23.0,0.31,17.18
LAC,2024-08-22,2.799999952316284,2.8499999046325684,2.630000114440918,2.640000104904175,3483900.0,84.14482800262142,69.23240036418377,82.84703957656859,81.49123429300633,,5.62,22.0,0.5,17.03
LAC,2024-08-23,2.680000066757202,2.8399999141693115,2.6700000762939453,2.720000028610229,3534700.0,84.44001903789881,67.80314360601713,83.05677280161026,81.50853973758501,,5.5,24.0,0.7,16.88
LAC,2024-08-26,2.7799999713897705,2.789999961853028,2.690000057220459,2.759999990463257,2067800.0,83.24310962248828,67.89211784987867,83.11048359493299,81.41642771665751,,5.39,24.0,0.91,16.85
LAC,2024-08-27,2.740000009536743,2.740000009536743,2.630000114440918,2.640000104904175,1905500.0,78.11031198448582,68.3622513640935,82.99938863314966,81.55127493878909,,5.27,22.0,1.17,16.97
LAC,2024-08-28,2.630000114440918,2.640000104904175,2.4800000190734863,2.539999961853028,3013700.0,77.39946255334605,68.52482248200745,83.03722933288286,81.5176085355487,,5.14,22.0,1.44,16.83
LAC,2024-08-29,2.5899999141693115,2.6549999713897705,2.5420000553131104,2.5899999141693115,2005900.0,75.9277352999802,68.4116812777526,83.1487994464733,80.99340607029941,,5.0,24.0,1.77,16.8
LAC,2024-08-30,2.609999895095825,2.650000095367432,2.4100000858306885,2.450000047683716,4280300.0,77.42324414364755,69.2412911665223,83.06878258279488,81.09721657453014,,4.86,22.0,2.04,16.69
LAC,2024-09-03,2.4200000762939453,2.430000066757202,2.240000009536743,2.2699999809265137,4526200.0,80.07818365299335,70.70993153391363,83.43189550818877,80.57955375165353,,4.71,27.0,2.16,16.17
LAC,2024-09-04,2.2699999809265137,2.430000066757202,2.2699999809265137,2.359999895095825,2661400.0,81.20345810640981,71.21546174076879,83.66079599442635,80.67336625073554,,4.55,27.0,1.94,16.0
LAC,2024-09-05,2.380000114440918,2.390000104904175,2.309999942779541,2.309999942779541,1566800.0,79.61307055107719,71.24012490800013,83.58290214841855,80.63856318726162,,4.36,26.0,1.61,16.1
LAC,2024-09-06,2.299999952316284,2.319999933242798,2.200000047683716,2.240000009536743,2024400.0,79.41149476223221,71.2556861584407,83.52442689244147,80.61184295485639,,4.15,25.0,1.14,16.16
LAC,2024-09-09,2.25,2.2950000762939453,2.180000066757202,2.180000066757202,1932400.0,78.57413683251724,71.3815220241921,83.354023217679,80.52503502015433,,3.95,21.0,0.62,16.36
LAC,2024-09-10,2.190000057220459,2.2300000190734863,2.109999895095825,2.2100000381469727,2959400.0,78.12648164750541,71.41565739349791,83.2873121461149,80.046582601115,,3.74,19.0,-0.97,16.4
LAC,2024-09-11,2.440000057220459,2.5199999809265137,2.309999942779541,2.3399999141693115,5412000.0,79.54103697306022,71.81409534742923,63.57578287405789,80.13064280148137,,4.4,1.0,-0.89,-0.05
LAC,2024-09-12,2.359999895095825,2.515000104904175,2.359999895095825,2.470000028610229,3931400.0,80.242384065074,72.73146962981322,64.21817575218603,80.43544503078881,,4.93,2.0,-0.81,-0.14
LAC,2024-09-13,2.5,2.5199999809265137,2.3499999046325684,2.390000104904175,3156900.0,78.89216750557053,72.99426356799093,64.33100070293976,80.38849253038205,,5.39,3.0,-0.73,-0.13
LAC,2024-09-16,2.380000114440918,2.4200000762939453,2.2799999713897705,2.380000114440918,2661100.0,76.92910666946952,72.94193768769976,64.3195991429993,80.36145594492066,,5.8,3.0,-0.64,-0.14
LAC,2024-09-17,2.4100000858306885,2.470000028610229,2.359999895095825,2.4200000762939453,2517100.0,76.21821693801394,73.04142077892799,64.1833573658247,80.36584295882247,,6.18,2.0,-0.53,-0.15
LAC,2024-09-18,2.430000066757202,2.5350000858306885,2.3399999141693115,2.3399999141693115,3409900.0,76.8489637008691,73.06833003058262,64.31383379075251,80.37910508848991,,6.51,4.0,-0.4,-0.16
LAC,2024-09-19,2.430000066757202,2.4800000190734863,2.359999895095825,2.400000095367432,3110700.0,76.71979095711056,72.4387750589632,64.00398441316074,80.45951938523999,,6.83,2.0,-0.27,-0.12
LAC,2024-09-20,2.359999895095825,2.384999990463257,2.289999961853028,2.289999961853028,2636200.0,77.78210901781333,72.56608192015301,64.32092407209669,80.5684287052875,,7.11,7.0,-0.14,-0.14
LAC,2024-09-23,2.3299999237060547,2.380000114440918,2.2850000858306885,2.309999942779541,2642400.0,76.8602295270355,72.36751416187765,64.2017973832918,80.58425259233496,,7.37,4.0,0.02,-0.15
LAC,2024-09-24,2.400000095367432,2.509999990463257,2.369999885559082,2.4600000381469727,4669800.0,78.31049624059803,73.26656687356692,65.12736209600368,80.98856997273157,,7.59,10.0,0.21,-0.26
LAC,2024-09-25,2.4600000381469727,2.484999895095825,2.4100000858306885,2.4100000858306885,2656400.0,74.77068284779328,73.34435799990243,64.89160166989028,80.99747452875803,,7.8,10.0,0.4,-0.2
LAC,2024-09-26,2.490000009536743,2.720000028610229,2.4800000190734863,2.720000028610229,6079800.0,80.85354949067913,76.9139391966994,67.95759742818241,82.33690557304956,,7.93,12.0,0.62,0.05
LAC,2024-09-27,2.75,2.805000066757202,2.630000114440918,2.6600000858306885,4070100.0,78.3547424023238,75.89427622563211,68.00619206884075,82.3471671917391,,8.06,13.0,0.86,0.04
LAC,2024-09-30,2.759999990463257,2.8299999237060547,2.640000104904175,2.700000047683716,4136900.0,75.67552859667644,75.85804391925353,67.94082406843789,81.81295971652523,,8.17,12.0,1.09,0.06
LAC,2024-10-01,2.700000047683716,2.759999990463257,2.5299999713897705,2.569999933242798,3926900.0,76.7958999544625,76.53477103776926,67.93541737211356,81.92260275888023,,8.3,12.0,1.4,0.06
LAC,2024-10-02,2.549999952316284,2.6700000762939453,2.5,2.5899999141693115,3474800.0,75.78639196309418,76.13601875579847,67.73819878096752,81.68617754924257,81.34588158956248,8.41,12.0,1.72,0.1
LAC,2024-10-03,2.569999933242798,2.5799999237060547,2.470000028610229,2.5199999809265137,3468800.0,69.38448360067194,76.27716244446883,67.78653194037015,81.64949626884614,81.27154647637308,8.52,13.0,2.09,0.1
LAC,2024-10-04,2.630000114440918,2.7100000381469727,2.559999942779541,2.700000047683716,6582500.0,70.41075294337227,76.93295959857254,68.77390094847519,82.03104635610366,79.17003722865657,8.61,18.0,2.48,-0.02
LAC,2024-10-07,2.859999895095825,3.069999933242798,2.7799999713897705,2.940000057220459,12999800.0,74.12377239593368,78.81188357229736,69.92167597436067,82.30624103037214,79.40614681538284,8.67,19.0,2.68,-0.07
LAC,2024-10-08,2.9800000190734863,2.9800000190734863,2.640000104904175,2.7100000381469727,9005100.0,77.90381065282365,79.93588859194395,70.76120704318919,82.8078116497402,79.55711232756641,8.72,20.0,3.06,-0.1
LAC,2024-10-09,2.799999952316284,2.819999933242798,2.6700000762939453,2.690000057220459,6534900.0,76.82458264832803,77.0232067054128,70.72718914567272,82.80072797157504,79.49440831686286,8.77,20.0,3.33,-0.08
LAC,2024-10-10,2.700000047683716,2.7100000381469727,2.619999885559082,2.6700000762939453,3544200.0,75.96766868515216,76.28063393777997,70.69263901156545,82.6533863549096,79.44356648932728,8.82,20.0,3.23,-0.07
LAC,2024-10-11,2.6700000762939453,2.940000057220459,2.6700000762939453,2.900000095367432,7554800.0,79.38261074547887,77.22117529280581,71.99317952561547,83.23778925042825,79.56023192544201,8.85,23.0,2.85,-0.19
LAC,2024-10-14,2.880000114440918,2.880000114440918,2.720000028610229,2.809999942779541,5958000.0,78.11663135210615,77.48235427963215,72.02645774880423,83.30816176356713,79.56891028302753,8.87,24.0,2.21,-0.19
LAC,2024-10-15,2.799999952316284,2.819999933242798,2.6600000858306885,2.6700000762939453,4468700.0,76.16637478525278,78.17668170178032,72.07313950393694,83.45360952012891,79.14715900595016,8.89,25.0,1.69,-0.2
LAC,2024-10-16,3.119999885559082,3.4179999828338623,2.809999942779541,3.289999961853028,41821100.0,95.99654329654977,89.2112491931001,78.9933408152462,87.01592484382401,81.61957422168254,8.86,26.0,1.33,2.08
LAC,2024-10-17,3.5799999237060547,3.660000085830689,3.075000047683716,3.240000009536743,32086700.0,95.83329581164817,88.2790634846904,78.87637653693015,86.93551165604548,81.60056283192668,8.82,26.0,0.16,2.15
LAC,2024-10-18,3.2799999713897705,3.3299999237060547,3.049999952316284,3.140000104904175,14941500.0,95.85551120976746,88.43140333865801,78.163943988111,87.00649637976716,80.96493991257019,8.78,26.0,-0.3,2.25
LAC,2024-10-21,3.119999885559082,3.140000104904175,2.890000104904175,3.009999990463257,13062300.0,96.48067772657616,88.61392020628084,77.41787580974857,87.06169640404755,79.95910857507641,8.73,26.0,-0.33,2.36
LAC,2024-10-22,2.990000009536743,3.359999895095825,2.970000028610229,3.3299999237060547,15675000.0,99.96948592200616,90.44730993294517,79.09502962642917,87.20512649556593,80.61410912769747,8.67,30.0,-0.36,2.0
LAC,2024-10-23,3.289999961853028,3.319999933242798,3.0999999046325684,3.180000066757202,10173900.0,100.54325767862862,90.5508908095151,79.41704629930857,87.0085445192359,80.52207349695364,8.61,31.0,-0.48,1.98
LAC,2024-10-24,3.2300000190734863,3.5199999809265137,3.2300000190734863,3.4100000858306885,13085800.0,101.24196049396484,91.2452228879516,80.05676983965789,87.41455502324486,80.78898256308314,8.54,34.0,-0.36,1.77
LAC,2024-10-25,3.450000047683716,3.7200000286102295,3.430000066757202,3.680000066757202,14797100.0,102.08788164684994,91.41834638054007,80.76107031161698,87.87719604665608,81.15817021376107,8.48,39.0,0.36,1.56
LAC,2024-10-28,3.7899999618530273,4.25,3.674999952316284,4.139999866485596,24171900.0,106.19709785655004,93.15061100148436,82.8402764985972,88.93196131115201,82.03975862210065,8.42,43.0,2.94,1.27
LAC,2024-10-29,4.539999961853027,5.199999809265137,4.25,4.510000228881836,45506500.0,107.96105386488746,93.91796106138189,83.77772069271391,89.14028807635599,82.49213819834367,8.37,63.0,5.88,1.06
LAC,2024-10-30,4.5,4.514999866485596,4.039999961853027,4.110000133514404,16756300.0,111.85015968352803,96.23361671417203,85.09506800637236,89.27977027483873,82.9738415963479,8.33,67.0,5.27,0.97
LAC,2024-10-31,4.059999942779541,4.260000228881836,3.900000095367432,4.079999923706055,9851800.0,112.08414486430269,96.00428254071768,85.10369931709717,88.76587825041992,82.97557270756126,8.29,68.0,4.66,0.98
LAC,2024-11-01,4.230000019073486,4.489999771118164,4.140999794006348,4.269999980926514,12087400.0,110.64683095010923,96.24888060748356,85.20856523707688,88.92939286513743,83.10067907108046,8.25,69.0,4.21,0.91
LAC,2024-11-04,4.179999828338623,4.409999847412109,4.014999866485596,4.199999809265137,9604600.0,111.12649580577458,95.83645645806368,85.26844792881592,88.93969887793133,82.84668415746367,8.21,70.0,3.68,0.92
LAC,2024-11-05,4.230000019073486,4.28000020980835,4.050000190734863,4.170000076293945,7844700.0,110.62596937337563,95.5743124363627,85.20121069426129,88.58631298815283,82.71650344391766,8.18,69.0,3.15,0.92
LAC,2024-11-06,4.0,4.119999885559082,3.75,3.950000047683716,13588900.0,112.05527070595687,95.22485008052651,85.22923533995277,88.81230562936098,82.8411663916874,8.14,71.0,2.64,0.92
LAC,2024-11-07,3.9600000381469727,4.289999961853027,3.900000095367432,4.090000152587891,8397800.0,107.77099735155812,94.6079553770374,85.37243047929142,88.84918712323024,82.91146042343213,8.1,75.0,2.19,0.87
LAC,2024-11-08,4.059999942779541,4.059999942779541,3.759999990463257,3.920000076293945,9666400.0,108.50990698223895,94.1340694560726,85.68747268819209,88.95306591627802,82.92858890611998,8.07,77.0,1.81,0.85
LAC,2024-11-11,3.880000114440918,4.230000019073486,3.7300000190734863,4.230000019073486,12171100.0,110.04602528231347,94.23889555122523,86.45654298393005,89.36302984643785,83.13384224918549,8.04,79.0,1.49,0.71
LAC,2024-11-12,4.21999979019165,4.449999809265137,4.050000190734863,4.090000152587891,10686400.0,109.34098827239112,94.57570314008133,86.66280396364702,89.29176629537992,83.09929892168202,8.02,83.0,1.18,0.7
LAC,2024-11-13,4.199999809265137,4.5,4.175000190734863,4.21999979019165,13585800.0,109.40907247265179,94.11686267010892,86.58219397725289,89.28804733560727,83.13264547421556,7.99,81.0,0.91,0.67
LAC,2024-11-14,4.239999771118164,4.289999961853027,3.839999914169312,3.869999885559082,9702100.0,112.75517689616339,93.90787841237042,87.25938266904582,88.2623123122233,83.45405475280324,7.97,86.0,0.66,0.64
LAC,2024-11-15,3.910000085830689,3.940000057220459,3.609999895095825,3.7200000286102295,8528300.0,112.56768392926358,93.42588057577605,87.3610113018525,88.28872256410227,83.52687937922704,7.95,87.0,0.47,0.67
LAC,2024-11-18,3.7300000190734863,3.7699999809265137,3.5899999141693115,3.619999885559082,5145800.0,110.80584548359911,93.52863567963159,87.41905687427652,88.22668624434901,83.18939269112566,7.93,88.0,0.32,0.69
LAC,2024-11-19,3.5999999046325684,3.809999942779541,3.559999942779541,3.740000009536743,5279900.0,107.78927660392397,93.68226121180017,87.31823083142447,87.69353384864637,83.17088022832856,7.91,87.0,0.16,0.67
LAC,2024-11-20,3.7300000190734863,3.75,3.5799999237060547,3.650000095367432,4180900.0,108.14860089519836,93.31844276781173,87.39868357198368,87.22678088191398,83.19374007701542,7.91,89.0,0.02,0.66
LAC,2024-11-21,3.660000085830689,3.940000057220459,3.650000095367432,3.880000114440918,6410500.0,108.99962252224937,93.54712644602486,87.5126720773804,87.54686670446708,83.39914531396255,7.9,91.0,-0.14,0.58
LAC,2024-11-22,3.819999933242798,4.0,3.7799999713897705,3.9700000286102295,4864200.0,107.01502052499616,93.56928678129461,87.02248884052997,87.59529539191642,83.43396023750573,7.88,85.0,-0.3,0.67
LAC,2024-11-25,4.03000020980835,4.150000095367432,3.910000085830689,4.039999961853027,5852000.0,106.28396447973859,92.67225752993205,86.97335396052893,86.92202049730685,83.44375348168786,7.87,85.0,-0.44,0.66
LAC,2024-11-26,3.990000009536743,4.0,3.829999923706055,3.900000095367432,4699500.0,105.56216597457673,91.4447486275522,87.19041824542539,86.92395057812672,83.28941706802681,7.86,88.0,-0.56,0.65
LAC,2024-11-27,3.910000085830689,4.099999904632568,3.9049999713897705,3.950000047683716,5287600.0,87.67950963833067,91.23682896370502,86.93372069526355,86.91037103608397,83.28031757965732,7.86,85.0,-0.67,0.66
LAC,2024-11-29,3.9800000190734863,4.159999847412109,3.9600000381469727,3.990000009536743,4551800.0,87.44929884591825,91.02258914079339,86.9199680215868,86.74693551447487,83.27419664724314,7.86,84.0,-0.78,0.66
LAC,2024-12-02,4.0,4.03000020980835,3.849999904632568,3.950000047683716,4455300.0,86.85517551676708,90.73364937668799,86.65105609362823,86.23614604094531,83.25152275770434,7.86,82.0,-0.88,0.74
LAC,2024-12-03,3.950000047683716,4.010000228881836,3.869999885559082,3.880000114440918,3883100.0,85.91902918940698,90.59368823696894,86.68701877701245,85.09194348058384,83.25684898645967,7.86,83.0,-0.96,0.75
LAC,2024-12-04,3.890000104904175,3.910000085830689,3.609999895095825,3.670000076293945,8902700.0,83.2074156511158,91.56938569096505,86.87086413587822,85.26341709602592,83.42297406259834,7.87,83.0,-1.02,0.79
LAC,2024-12-05,3.690000057220459,3.7200000286102295,3.5,3.5299999713897705,6299600.0,82.86205163478478,91.50308102272756,85.64063881912625,84.88020917660135,83.433733973288,7.85,77.0,-1.05,0.99
LAC,2024-12-06,3.569999933242798,3.640000104904175,3.434999942779541,3.4800000190734863,4662100.0,80.56331313512368,91.0676843934518,85.21607966607151,84.47217950340135,83.36604649347413,7.82,71.0,-1.09,1.04
LAC,2024-12-09,3.5899999141693115,3.755000114440918,3.559999942779541,3.619999885559082,5645200.0,78.23985832977594,90.96382920973302,84.83552487020556,84.07137617325107,83.47110540893284,7.78,67.0,-1.14,1.02
LAC,2024-12-10,3.5799999237060547,3.650000095367432,3.509999990463257,3.5799999237060547,3959800.0,69.75890692162385,91.01096582693728,84.84952668120941,84.07250360051222,83.39729914567022,7.75,68.0,-1.18,1.02
LAC,2024-12-11,3.609999895095825,3.630000114440918,3.359999895095825,3.369999885559082,4977400.0,66.04807388373933,92.02065156257795,85.43209566232353,84.25675818943581,83.17306879743688,7.72,80.0,-1.2,0.98
LAC,2024-12-12,3.319999933242798,3.400000095367432,3.200000047683716,3.319999933242798,5131700.0,61.2060503354964,91.7607015774676,85.46184402657039,84.22732802867388,83.08757453867105,7.7,81.0,-1.22,0.98
LAC,2024-12-13,3.299999952316284,3.315000057220459,3.1600000858306885,3.25,3992500.0,61.344262648809334,91.83528036128918,84.93450603051946,84.25232327475244,82.47837269623506,7.69,69.0,-1.23,1.03
LAC,2024-12-16,3.25,3.289999961853028,3.200000047683716,3.240000009536743,3538800.0,59.270891926848655,91.21303233281208,84.85096187553293,84.0609852427705,82.43297306568117,7.69,69.0,-1.24,1.06
LAC,2024-12-17,3.2100000381469727,3.25,3.109999895095825,3.130000114440918,4237500.0,59.692760674994005,91.5837041086598,84.86455755442137,84.13071931491044,82.4631596628746,7.69,70.0,-1.25,1.11
LAC,2024-12-18,3.119999885559082,3.1449999809265137,2.900000095367432,2.930000066757202,6793500.0,61.865394008477146,91.9166672572961,85.24214317666188,84.43578238782621,82.63691803074643,7.69,77.0,-1.25,1.07
LAC,2024-12-19,2.990000009536743,3.059999942779541,2.900000095367432,2.940000057220459,4418400.0,60.673097327702564,91.78666299470912,84.9736312960571,84.24220055676858,82.56489009632364,7.7,70.0,-1.24,1.09
LAC,2024-12-20,2.900000095367432,3.059999942779541,2.880000114440918,2.970000028610229,4486900.0,59.504522229703824,88.46706593560182,84.74162657935399,84.22902505590993,82.19213598846964,7.7,64.0,-1.24,1.15
LAC,2024-12-23,3.009999990463257,3.2300000190734863,2.9670000076293945,3.1700000762939453,8092900.0,62.603377827945685,89.275827759255,84.76474961948472,84.61003264329447,82.31033130746222,7.71,64.0,-1.24,1.06
LAC,2024-12-24,3.1700000762939453,3.289999961853028,3.130000114440918,3.1600000858306885,3331400.0,57.453954208695045,89.24891185269416,84.16980028596222,84.43904689563487,82.30819156627712,7.71,62.0,-1.23,1.12
LAC,2024-12-26,3.1600000858306885,3.190000057220459,3.0799999237060547,3.1600000858306885,3174100.0,57.062259010103425,88.59220094816199,83.91450860204705,84.32658832754612,82.24134903676197,7.71,61.0,-1.23,1.14
LAC,2024-12-27,3.150000095367432,3.259000062942505,3.049999952316284,3.0899999141693115,5652100.0,55.910995878074424,88.74496753508477,83.99185398321619,84.29919989030414,82.25061703280319,7.72,61.0,-1.21,1.13
LAC,2024-12-30,3.009999990463257,3.049000024795532,2.9200000762939453,3.0,4481600.0,51.42084941863134,88.77760461980822,84.02014675665181,84.26874541831685,82.2587427354437,7.72,61.0,-1.2,1.13
LAC,2024-12-31,3.009999990463257,3.0999999046325684,2.9600000381469727,2.970000028610229,3978900.0,50.57727257047754,87.7362039978827,83.98834634843823,84.17343786031434,82.21491914519761,7.73,59.0,-1.18,1.16
LAC,2025-01-02,3.0,3.1700000762939453,3.0,3.059999942779541,4023200.0,51.342155058940776,86.20494982287138,83.8137808339416,84.111529863932,82.27671971133425,7.74,57.0,-1.17,1.14
LAC,2025-01-03,3.069999933242798,3.200000047683716,3.039999961853028,3.1700000762939453,4203600.0,51.522779366686656,84.76306118970459,83.81584987718168,84.18743645940138,82.32865083353961,7.75,57.0,-1.16,1.1
LAC,2025-01-06,3.2300000190734863,3.494999885559082,3.2300000190734863,3.4100000858306885,7098900.0,55.96126369563116,85.9498688443772,83.53032654493205,73.80561748166204,82.67180542094364,7.76,52.0,-1.16,1.13
LAC,2025-01-07,3.549999952316284,3.5999999046325684,3.380000114440918,3.430000066757202,6323000.0,52.72123241600338,85.9176421084796,83.10656621609374,73.78463190542546,82.67539880727583,7.77,45.0,-1.16,1.17
LAC,2025-01-08,3.3499999046325684,3.390000104904175,3.21399998664856,3.289999961853028,4401100.0,53.16499120852735,84.8392873898271,82.57134766163756,73.93171190724968,82.76434610402103,7.77,37.0,-1.14,1.33
LAC,2025-01-10,3.240000009536743,3.25,3.0350000858306885,3.140000104904175,4671900.0,53.92090402702755,85.15173842553408,82.18899907000561,74.10495593410764,82.86066569248396,7.77,36.0,-1.13,1.47
LAC,2025-01-13,3.095000028610229,3.2100000381469727,3.039999961853028,3.200000047683716,4246700.0,53.86212736570091,84.49853329478961,82.16454839380245,73.99925371652284,82.87276257032886,7.78,35.0,-1.12,1.48
LAC,2025-01-14,3.2799999713897705,3.375,3.1700000762939453,3.2799999713897705,4200800.0,54.34422785714338,72.98690705486095,81.92788394324668,74.04735350368695,82.49718416736691,7.78,34.0,-1.1,1.47
LAC,2025-01-15,3.3299999237060547,3.428999900817871,3.2699999809265137,3.390000104904175,5047600.0,55.33693286925744,73.22633031043462,80.40949733532136,73.96094438691907,82.53100214284036,7.77,33.0,-1.1,1.7
LAC,2025-01-16,3.4100000858306885,3.484999895095825,3.325000047683716,3.440000057220459,4149700.0,55.61966928044962,72.97124826946647,79.8403905153165,73.97808681062756,82.35644800422574,7.77,32.0,-1.1,1.76
LAC,2025-01-17,3.4200000762939453,3.539999961853028,3.4200000762939453,3.490000009536743,4969000.0,55.73789654065894,72.4408589383479,79.7440974666666,73.89070676377449,82.30313503706752,7.76,32.0,-1.1,1.79
LAC,2025-01-21,3.509999990463257,3.539999961853028,3.109999895095825,3.200000047683716,8958800.0,58.90441651487468,71.74670550972719,80.96608334556295,74.56575840686118,82.68717276041654,7.76,37.0,-1.08,1.68
LAC,2025-01-22,3.220000028610229,3.259999990463257,3.0799999237060547,3.109999895095825,4734500.0,58.45441363649307,71.36098826311613,80.77538135861992,74.52656339316846,82.44533721264195,7.75,37.0,-1.06,1.71
LAC,2025-01-23,3.109999895095825,3.220000028610229,3.0450000762939453,3.180000066757202,4699900.0,58.86616661603975,70.01538315470805,80.58099769926645,74.58165627416739,82.46250717695649,7.74,36.0,-1.04,1.7
LAC,2025-01-24,3.1700000762939453,3.319999933242798,3.130000114440918,3.150000095367432,6735200.0,57.492360889635066,68.14866498996707,80.55440463759713,74.57892104728795,82.4581753508599,7.74,36.0,-1.01,1.73
LAC,2025-01-27,3.0999999046325684,3.109999895095825,2.990000009536743,3.069999933242798,4972000.0,57.790630151745106,63.51013915465137,80.15018844667985,74.57607494544176,82.39432973949911,7.73,35.0,-0.98,1.79
LAC,2025-01-28,3.049999952316284,3.0799999237060547,2.9800000190734863,3.049999952316284,3798300.0,55.36706373831812,60.63924905557813,79.1686016372519,74.36364775414653,82.36667632348028,7.72,31.0,-0.94,1.91
LAC,2025-01-29,3.0299999713897705,3.055000066757202,2.900000095367432,2.970000028610229,6798300.0,55.680975035194926,58.07468006466875,79.09438001371643,74.32505368611972,82.40439079782634,7.71,30.0,-0.91,1.98
LAC,2025-01-30,3.0199999809265137,3.109999895095825,2.990000009536743,3.0199999809265137,3892500.0,55.7267774357806,58.249291102167035,79.03488563083293,74.32698518943236,82.39229570264402,7.7,30.0,-0.88,1.96
LAC,2025-01-31,3.0299999713897705,3.119999885559082,2.950000047683716,3.0,4413900.0,55.739871314986736,57.28959365379181,78.86757333079666,74.31703978849713,82.2987659642305,7.69,28.0,-0.85,1.98
LAC,2025-02-03,2.880000114440918,2.944999933242798,2.819999933242798,2.869999885559082,4874400.0,56.29539475632388,57.790522454540785,79.08072012190719,74.33011572339436,82.33758087719272,7.68,32.0,-0.85,1.95
LAC,2025-02-04,2.880000114440918,3.0899999141693115,2.880000114440918,3.059999942779541,4576500.0,56.24675596511533,59.56577819077401,79.6611232885869,74.6111344247988,82.59973706918674,7.67,37.0,-0.84,1.79
LAC,2025-02-05,3.069999933242798,3.119999885559082,3.04099988937378,3.0999999046325684,3194400.0,56.34421203693868,58.7894909800195,79.20762017295425,74.62075854418947,82.55218665187546,7.5,35.0,-0.81,1.92
LAC,2025-02-06,3.119999885559082,3.188999891281128,3.039999961853028,3.069999933242798,5000500.0,56.38163628058127,58.23784341700332,78.80318372929335,74.61487137483968,82.02287299585052,7.34,26.0,-0.77,2.06
LAC,2025-02-07,3.059999942779541,3.0999999046325684,3.002000093460083,3.0299999713897705,3170800.0,53.12292510786815,57.7354625112524,78.64116788149583,74.58649753714451,81.75898539638919,7.17,25.0,-0.74,2.09
LAC,2025-02-10,3.059999942779541,3.0799999237060547,2.950000047683716,2.970000028610229,3937000.0,53.3920430381433,55.32841974958209,78.71476422134236,74.55405467141182,81.7798059022021,7.0,25.0,-0.72,2.08
LAC,2025-02-11,2.9200000762939453,2.940000057220459,2.8299999237060547,2.900000095367432,4837400.0,53.75805096363797,55.154481947440914,78.78815866143788,74.39707419842395,81.7997196928748,6.81,25.0,-0.7,2.1
LAC,2025-02-12,2.880000114440918,3.0799999237060547,2.869999885559082,3.0299999713897705,5709200.0,55.07870534314486,55.57310729124041,78.86122730210114,74.22639971753284,81.87800575989334,6.62,26.0,-0.69,2.02
LAC,2025-02-13,3.069999933242798,3.150000095367432,3.039999961853028,3.130000114440918,3776700.0,55.18386782653768,53.47229222284319,78.92186271937004,74.25008692777932,81.64830699789279,6.41,28.0,-0.66,2.0
LAC,2025-02-14,3.119999885559082,3.119999885559082,2.9600000381469727,3.0,5171300.0,56.5488625745897,53.55859043731548,78.85317211648726,73.90339069690191,81.34369175179226,6.2,24.0,-0.67,2.01
LAC,2025-02-18,3.0299999713897705,3.125,3.009999990463257,3.069999933242798,5001100.0,56.27453300715574,53.60165479379976,78.91395191354812,73.35347185324962,80.96468470267834,5.98,27.0,-0.69,1.98
LAC,2025-02-19,3.049999952316284,3.109999895095825,3.009999990463257,3.0799999237060547,3902600.0,55.29002210259142,53.10990638358333,78.3240767444567,73.35365939916215,80.96198408043826,5.77,18.0,-0.68,2.16
LAC,2025-02-20,3.049999952316284,3.0999999046325684,2.990000009536743,3.049999952316284,2952400.0,50.68363833105022,52.94608889007741,78.26306390425316,73.3533519053131,80.95643470490046,5.55,17.0,-0.69,2.17
LAC,2025-02-21,3.0799999237060547,3.0799999237060547,2.9100000858306885,2.9600000381469727,4985900.0,51.15629239346299,51.50657839959499,76.0758235978577,73.3534076603821,80.73697142828469,5.41,14.0,-0.67,2.53
LAC,2025-02-24,2.950000047683716,2.9600000381469727,2.799999952316284,2.869999885559082,4572900.0,50.574568312971145,51.4625646568159,76.15434957288714,73.33427011635257,80.78590642706247,5.27,14.0,-0.67,2.52
LAC,2025-02-25,2.8399999141693115,2.859999895095825,2.720000028610229,2.759999990463257,4200500.0,50.071110692677365,51.69312076185773,76.3808814565015,73.47516847306166,80.82946382334627,5.12,14.0,-0.67,2.51
LAC,2025-02-26,2.8399999141693115,2.9200000762939453,2.799999952316284,2.809999942779541,3833500.0,50.03262095965487,51.572028202419986,76.0154969767544,73.4633557635279,80.82102669705716,4.97,11.0,-0.67,2.54
LAC,2025-02-27,2.809999942779541,2.859999895095825,2.7300000190734863,2.740000009536743,2996200.0,49.60621751369905,51.586621393784384,76.11995089301477,73.48711549711396,80.80970631876023,4.8,12.0,-0.67,2.54
LAC,2025-02-28,2.7100000381469727,2.720000028610229,2.619999885559082,2.650000095367432,4281600.0,48.7976188502395,51.773565816842016,76.18197962202564,73.57889297522732,80.73702822197427,4.63,13.0,-0.69,2.53
LAC,2025-03-03,2.700000047683716,2.759999990463257,2.5,2.5199999809265137,4177500.0,49.77524187610397,52.53233181678102,75.80479255206004,73.73265386927442,80.80640413177395,4.49,8.0,-0.67,2.72
LAC,2025-03-04,2.5,2.640000104904175,2.380000114440918,2.559999942779541,6321100.0,49.833749847889074,52.700072535563415,74.59505827533246,73.75737883028027,79.53617259872334,4.39,7.0,-0.68,3.05
LAC,2025-03-05,2.630000114440918,2.869999885559082,2.6050000190734863,2.8399999141693115,5856100.0,54.795609389090025,56.40494224171022,75.3264081529524,74.75192892705988,80.18121675165112,4.29,7.0,-0.67,2.79
LAC,2025-03-06,2.859999895095825,3.1600000858306885,2.8499999046325684,3.049999952316284,10443200.0,58.43129707422183,58.01599973920049,76.14954828197499,74.96679556206904,80.43555999501389,4.19,11.0,-0.65,2.52
LAC,2025-03-07,3.0,3.2100000381469727,2.940000057220459,3.0899999141693115,5897400.0,58.17755777686982,58.047950620341204,76.15930828745486,74.97732560909888,79.96015737210026,4.07,12.0,-0.63,2.5
LAC,2025-03-10,3.039999961853028,3.069999933242798,2.819999933242798,2.869999885559082,5839900.0,61.87198242325918,59.22675443138732,75.9651117214207,75.49135105552935,79.88354138499938,3.99,6.0,-0.63,2.67
LAC,2025-03-11,2.9100000858306885,2.970000028610229,2.789999961853028,2.940000057220459,5527100.0,61.97398809200328,59.48187233259969,75.89260138735719,75.53458021147429,79.92762082347133,3.92,5.0,-0.63,2.64
LAC,2025-03-12,2.9600000381469727,3.0,2.880000114440918,2.890000104904175,4412200.0,62.12602270489538,58.355705182099506,75.49581801679753,75.56136275773075,79.94118325205896,3.84,3.0,-0.62,2.71
LAC,2025-03-13,2.900000095367432,2.9200000762939453,2.7300000190734863,2.789999961853028,3093600.0,62.47479962364437,58.68632995900517,67.94125418967968,75.58100385990375,79.44874654343828,4.08,1.0,-0.64,0.12
LAC,2025-03-14,2.8299999237060547,2.9200000762939453,2.805000066757202,2.900000095367432,2704400.0,63.36701045256683,59.16796392680831,68.2048033205541,75.423598790291,79.49205645187838,4.29,2.0,-0.65,0.05
LAC,2025-03-17,2.900000095367432,3.0299999713897705,2.900000095367432,3.0199999809265137,2939500.0,64.49055713293671,59.802863530724956,68.34812310803716,75.44476615627168,79.58374160061575,4.48,3.0,-0.66,0.0
LAC,2025-03-18,3.009999990463257,3.069999933242798,2.969000101089477,3.0299999713897705,3986000.0,63.095551539856686,59.40254078649107,68.01919574315576,75.38732071118208,79.4465098464957,4.67,2.0,-0.66,0.04
LAC,2025-03-19,3.0199999809265137,3.0799999237060547,2.990000009536743,3.0299999713897705,3953700.0,60.26789012952133,57.81336534534195,66.06455860038234,75.25792936716267,79.04219033214768,4.91,1.0,-0.66,0.09
LAC,2025-03-20,2.9800000190734863,3.065000057220459,2.950000047683716,2.9600000381469727,2707400.0,60.49074224586922,58.01717375368868,65.76714431715412,75.29863314426798,78.17022546963653,5.15,1.0,-0.67,0.13
LAC,2025-03-21,3.0199999809265137,3.039999961853028,2.9200000762939453,3.009999990463257,5420000.0,60.665905940914,58.081665941591886,64.85120621572895,75.11457398535619,78.14520916914111,5.41,1.0,-0.67,0.23
LAC,2025-03-24,3.049999952316284,3.095000028610229,2.9600000381469727,2.970000028610229,3839000.0,60.67064973257202,56.54049383646363,63.676526082496984,74.74509211919168,77.76987039772787,5.68,1.0,-0.62,0.37
LAC,2025-03-25,2.970000028610229,2.990000009536743,2.880000114440918,2.940000057220459,3040700.0,60.464729226413574,56.56960103043458,60.713012432658665,74.72100081420022,77.4498689433738,6.03,1.0,-0.52,0.12
LAC,2025-03-26,2.940000057220459,2.9600000381469727,2.819999933242798,2.8499999046325684,3165700.0,60.74511394820391,56.899243292861044,59.16378716292816,74.81323700698233,77.0704497663013,6.4,1.0,-0.63,0.15
LAC,2025-03-27,2.859999895095825,2.9100000858306885,2.809999942779541,2.869999885559082,2708100.0,59.325111557013585,56.761656013688956,57.47028832625157,74.67267231489794,77.07472073818884,6.78,1.0,-0.53,0.14
LAC,2025-03-28,2.819999933242798,2.8399999141693115,2.684999942779541,2.700000047683716,4198900.0,60.80376769845347,57.79094282507439,58.18773593565817,75.00709667780696,77.22317712414548,7.11,2.0,-0.44,0.07
LAC,2025-03-31,2.630000114440918,2.744999885559082,2.5999999046325684,2.7100000381469727,4115200.0,59.79326898424252,57.77534190210226,57.655784196683854,74.78232886120838,77.19642796992675,7.43,2.0,-0.4,0.16
LAC,2025-04-01,2.7100000381469727,2.789999961853028,2.6549999713897705,2.759999990463257,3435600.0,59.625211596975966,57.55516118352318,57.73639837646384,74.78232886120838,77.22745925822608,7.73,3.0,-0.34,0.13
LAC,2025-04-02,2.7699999809265137,2.859999895095825,2.7100000381469727,2.759999990463257,4309300.0,59.60042651683768,57.0372439762735,57.73822657430357,74.55023691110947,77.08279024787416,8.0,4.0,-0.28,0.13
LAC,2025-04-03,2.619999885559082,2.806999921798706,2.609999895095825,2.700000047683716,4260000.0,59.8137543859719,54.96585197384298,57.2514357706132,73.60149087260429,77.10022298987467,8.27,1.0,-0.16,0.19
LAC,2025-04-04,2.5999999046325684,2.619999885559082,2.430000066757202,2.559999942779541,5784900.0,61.057828836350325,55.845719369188416,57.44543376135836,73.5896689586583,77.2524623515915,8.52,2.0,-0.07,0.2
LAC,2025-04-07,2.4200000762939453,2.690000057220459,2.400000095367432,2.619999885559082,4762500.0,61.06425367339884,55.6013327758452,57.291530672991065,73.29568583180652,77.13939656489501,8.75,2.0,0.05,0.2
LAC,2025-04-08,2.680000066757202,2.75,2.309999942779541,2.3399999141693115,6097200.0,68.20034532410362,59.32507271796954,58.41343669266313,74.49208753303849,77.88649198572955,8.93,9.0,0.06,0.51
LAC,2025-04-09,2.3499999046325684,2.75,2.3350000381469727,2.720000028610229,7694600.0,81.65092869191513,67.18713291396313,63.29747945295724,76.61888987952338,79.38992459847267,9.01,12.0,0.13,1.85
LAC,2025-04-10,2.6700000762939453,2.700000047683716,2.4600000381469727,2.5299999713897705,4228500.0,83.97545406245604,68.43135764471717,63.959748102820754,77.08932980703388,79.56029364369215,9.07,14.0,0.01,1.78
LAC,2025-04-11,2.559999942779541,2.719000101089477,2.5199999809265137,2.700000047683716,3869500.0,85.67297617984202,69.48473067478182,63.571439324345405,77.13131054122407,79.77636878592294,9.12,13.0,0.12,1.73
LAC,2025-04-14,2.7699999809265137,2.8299999237060547,2.700000047683716,2.720000028610229,4182000.0,84.31397123504851,69.4183512371893,63.3322530488585,77.0747903179595,79.74643024608781,9.17,13.0,0.23,1.77
LAC,2025-04-15,2.75,2.755000114440918,2.5999999046325684,2.630000114440918,2677000.0,84.85555320470237,69.57478720535276,63.40238319203601,77.05727282089155,79.73702048242502,9.21,14.0,0.33,1.75
LAC,2025-04-16,2.5999999046325684,2.740000009536743,2.595000028610229,2.700000047683716,4044000.0,79.4916711005436,67.71348237259411,63.31913210426382,76.95145925567734,79.71645682900952,9.24,13.0,0.47,1.77
LAC,2025-04-17,2.720000028610229,2.75,2.625,2.680000066757202,2883500.0,76.422944359275,67.5092662076585,63.23251471614947,76.79883868133302,79.59237070000941,9.27,12.0,0.6,1.79
LAC,2025-04-21,2.6700000762939453,2.700000047683716,2.619999885559082,2.680000066757202,3003600.0,76.25916918068926,67.31471914419724,62.39181297603058,76.64170431124383,79.55407064694612,9.31,12.0,0.76,2.01
LAC,2025-04-22,2.7100000381469727,2.7799999713897705,2.680000066757202,2.700000047683716,3641500.0,73.44472807057387,67.33283479984195,62.271828256777226,76.3043014700853,71.42884411287429,9.34,12.0,0.87,2.06
LAC,2025-04-23,2.759999990463257,2.8299999237060547,2.700000047683716,2.759999990463257,4729800.0,73.38175853649872,67.34187048196748,62.31515591738939,76.00087365273241,71.44930566296934,9.37,13.0,0.87,2.04
LAC,2025-04-24,2.789999961853028,2.970000028610229,2.775000095367432,2.9600000381469727,5467200.0,76.12166261048715,68.91713173407634,63.19564466432801,76.2967085206055,71.80954805519949,9.38,15.0,1.02,1.82
LAC,2025-04-25,2.9600000381469727,2.9790000915527344,2.819999933242798,2.900000095367432,4613200.0,75.63410144919786,68.82980368153527,63.20829773597063,76.3313389415826,71.82196812461852,9.39,16.0,1.06,1.84
LAC,2025-04-28,2.900000095367432,2.9800000190734863,2.799999952316284,2.819999933242798,3311900.0,75.23725749026592,68.9646560663632,63.29510112198059,76.33884054356068,71.76010389172983,9.38,18.0,0.85,1.84
LAC,2025-04-29,2.809999942779541,2.9200000762939453,2.799999952316284,2.9100000858306885,2772100.0,74.84539226494343,69.27536072026987,63.52717153283759,76.3822328210772,71.82340149612548,9.37,23.0,0.49,1.75
LAC,2025-04-30,2.819999933242798,2.900000095367432,2.775000095367432,2.869999885559082,5191500.0,74.9199117767634,68.73205875516611,63.50641043728036,76.24332420827041,71.68536777291354,9.36,23.0,0.06,1.75
LAC,2025-05-01,2.900000095367432,3.0299999713897705,2.890000104904175,2.9100000858306885,4164300.0,75.05621624482288,67.4905126247984,62.996550899227245,76.17730211883963,71.69686236969063,9.34,15.0,0.01,1.84
LAC,2025-05-02,2.930000066757202,2.990000009536743,2.900000095367432,2.930000066757202,2501300.0,74.79618182715105,67.44852063707285,62.73854245807221,75.52623184414821,71.62133439281993,9.34,15.0,0.08,1.88
LAC,2025-05-05,2.900000095367432,2.990000009536743,2.884999990463257,2.940000057220459,2191700.0,74.63104014944179,67.4291579132075,62.71233249024386,75.293082112734,71.61280387808122,9.34,15.0,0.19,1.88
LAC,2025-05-06,2.930000066757202,3.039999961853028,2.9200000762939453,3.0199999809265137,3477900.0,74.95111150100449,67.61253824048038,62.53370109391805,74.79954316838383,71.59192864122458,9.34,15.0,0.09,1.94
LAC,2025-05-07,3.049999952316284,3.1700000762939453,3.0199999809265137,3.069999933242798,5082300.0,75.016851905642,67.56562303563983,62.582200156569954,74.33941671246451,71.61438096223357,9.33,16.0,-0.01,1.91
LAC,2025-05-08,3.0999999046325684,3.1700000762939453,3.049999952316284,3.140000104904175,4712700.0,74.605114578835,67.51892827210625,61.97736658053109,74.33721479531958,71.6480322934238,9.32,12.0,0.04,2.01
LAC,2025-05-09,3.1600000858306885,3.259999990463257,3.119999885559082,3.1600000858306885,3841900.0,74.60252616353984,66.94503348003367,61.94500378823263,74.15754440518558,71.61295381210023,9.3,12.0,0.08,2.01
LAC,2025-05-12,3.2799999713897705,3.309999942779541,3.119999885559082,3.150000095367432,5259100.0,72.11407375601055,66.6202796428868,61.85670965590834,73.11719166310314,71.44929371765734,9.28,12.0,0.12,2.03
LAC,2025-05-13,3.1600000858306885,3.174999952316284,3.0,3.039999961853028,4909200.0,73.0727311206006,66.44748984781967,62.107861580332916,72.90197235723222,71.4636330414429,9.25,15.0,0.19,1.97
LAC,2025-05-14,3.059999942779541,3.109999895095825,3.0199999809265137,3.0799999237060547,4899200.0,72.99875828600022,66.3322083565898,61.9058592320834,72.83477927993926,71.453115383534,9.22,13.0,0.2,2.01
LAC,2025-05-15,3.039999961853028,3.190000057220459,3.0199999809265137,3.1600000858306885,6330300.0,73.26497177886712,66.5367134424342,61.12857143840947,72.8761781416559,71.49656121711466,9.19,12.0,0.16,2.13
LAC,2025-05-16,2.9800000190734863,3.0299999713897705,2.809999942779541,2.819999933242798,10698400.0,80.61887692791684,70.51676309734982,63.77515064859761,73.93675424575743,72.26694387497086,9.13,38.0,0.13,2.03
LAC,2025-05-19,2.8399999141693115,2.869999885559082,2.759999990463257,2.8399999141693115,3271200.0,78.94088662999441,70.28218407778121,63.76401551004823,73.79512221026883,72.17014220232821,9.07,38.0,0.11,2.04
LAC,2025-05-20,2.9100000858306885,2.9100000858306885,2.7850000858306885,2.809999942779541,4132800.0,78.81519210437324,70.03272033005837,62.90805755927538,73.77271081759915,72.16742291463359,9.01,25.0,0.14,2.26
LAC,2025-05-21,2.759999990463257,2.865000009536743,2.7300000190734863,2.740000009536743,3609500.0,71.4083785415025,69.76250423314244,63.022933348740736,73.53529358947091,72.19714090500624,8.95,27.0,0.14,2.23
LAC,2025-05-22,2.7100000381469727,2.859999895095825,2.6600000858306885,2.8299999237060547,4997900.0,57.35650784821339,69.98323947297843,63.249964765735875,73.05712629323126,72.24816109548757,8.89,31.0,0.17,2.15
LAC,2025-05-23,2.7799999713897705,2.859999895095825,2.7699999809265137,2.8399999141693115,4716400.0,52.92500215050454,69.7862839794885,63.161588860641814,72.92021125372688,72.20238781699341,8.82,28.0,0.19,2.17
LAC,2025-05-27,2.869999885559082,2.880000114440918,2.720000028610229,2.759999990463257,5437300.0,50.416211459099635,69.69283664000092,63.15037782618662,72.95614270087822,72.10180222916478,8.75,28.0,0.16,2.17
LAC,2025-05-28,2.75,2.799999952316284,2.720000028610229,2.7799999713897705,3431800.0,50.4144011354561,68.88805309933349,63.145730375279854,72.8617286260015,71.83593466519655,8.67,28.0,0.13,2.17
LAC,2025-05-29,2.7799999713897705,2.812999963760376,2.7300000190734863,2.75,3682800.0,49.48809107364302,68.87099407095775,62.975417227420806,72.7979342319888,71.77997671501784,8.59,26.0,0.12,2.23
LAC,2025-05-30,2.720000028610229,2.740000009536743,2.619999885559082,2.6600000858306885,4306300.0,49.904366707754114,65.80982936427061,62.90795288587214,72.89739455847275,71.47819884427888,8.5,25.0,0.12,2.27
LAC,2025-06-02,2.7100000381469727,2.7160000801086426,2.609999895095825,2.650000095367432,3293000.0,49.87136696957937,64.05591423149225,61.75632313102595,72.59277634539922,71.03692151074357,8.42,13.0,0.13,2.56
LAC,2025-06-03,2.630000114440918,2.664999961853028,2.5899999141693115,2.640000104904175,3287400.0,49.88093193459857,63.976197473552155,61.74202100471171,72.31612562896966,71.03640211224729,8.35,13.0,0.09,2.56
LAC,2025-06-04,2.650000095367432,2.7850000858306885,2.650000095367432,2.7100000381469727,4503200.0,50.43243610045679,62.4859751168873,61.588755637511724,72.2711130924016,71.08145408538137,8.28,13.0,0.15,2.59
LAC,2025-06-05,2.720000028610229,2.759999990463257,2.6700000762939453,2.700000047683716,3195000.0,50.012811465001825,62.26924081031605,61.17078843975747,72.27066434438076,71.02217886003798,8.21,13.0,0.17,2.72
LAC,2025-06-06,2.720000028610229,2.720000028610229,2.6600000858306885,2.700000047683716,2600900.0,45.30902539321131,62.18329003027928,61.08354790307858,72.24572861842923,70.9438437287132,8.14,12.0,0.23,2.75
LAC,2025-06-09,2.700000047683716,2.789999961853028,2.694999933242798,2.7699999809265137,4749200.0,45.73603578566602,62.00832203919989,61.09364554107245,72.19051574553276,70.9918913777634,8.06,13.0,0.34,2.75
LAC,2025-06-10,2.789999961853028,2.809999942779541,2.7300000190734863,2.759999990463257,3473800.0,45.05191074442112,61.481845830370084,60.84060250727885,72.13410214354397,70.95886970003876,8.01,12.0,0.36,2.85
LAC,2025-06-11,2.7699999809265137,2.890000104904175,2.720000028610229,2.759999990463257,6098000.0,44.012913168387655,60.87506218099995,60.78268690491512,71.91065167651959,70.93300899011341,7.96,12.0,0.18,2.88
LAC,2025-06-12,2.720000028610229,2.7300000190734863,2.5999999046325684,2.630000114440918,5045300.0,45.92151758360695,61.61354996299268,61.15929186340466,72.14053699814045,71.0866544776277,7.9,17.0,-0.54,2.77
LAC,2025-06-13,2.5999999046325684,2.680000066757202,2.561000108718872,2.650000095367432,3749000.0,45.75852164438511,61.645495168950646,59.67978893200524,71.76506700686534,71.03101336148926,7.83,11.0,-0.57,3.07
LAC,2025-06-16,2.6700000762939453,2.7100000381469727,2.619999885559082,2.6700000762939453,3217200.0,45.77160568620242,61.517981444165756,59.54435361636067,71.72653863915639,71.03448495905073,7.76,11.0,-0.58,3.11
LAC,2025-06-17,2.640000104904175,2.664999961853028,2.619999885559082,2.619999885559082,3393700.0,45.95250610643859,61.494733813495294,59.48434698681374,70.31573203237656,71.03078740170797,7.69,11.0,-0.61,3.15
LAC,2025-06-18,2.609999895095825,2.680000066757202,2.5899999141693115,2.650000095367432,4158900.0,45.268641883874956,61.51382338224235,59.50921644017946,70.27966394986933,70.84740214479915,7.61,12.0,-0.63,3.13
LAC,2025-06-20,2.6600000858306885,2.6700000762939453,2.5299999713897705,2.5299999713897705,5109000.0,46.40576551637534,62.164805732761906,59.8100444302472,70.46983199782987,70.99352136618191,7.53,15.0,-0.64,3.03
LAC,2025-06-23,2.5199999809265137,2.5799999237060547,2.470000028610229,2.559999942779541,3712400.0,45.92395848331964,61.94329319111033,59.844885273615866,70.24245393388314,71.00289648912167,7.46,16.0,-0.66,3.01
LAC,2025-06-24,2.569999933242798,2.6449999809265137,2.559999942779541,2.5899999141693115,3630800.0,46.08136646974473,61.9788397442156,59.748798615044066,70.25004234907772,71.00457346723344,7.38,15.0,-0.7,3.04
LAC,2025-06-25,2.569999933242798,2.619999885559082,2.5199999809265137,2.5999999046325684,4437100.0,46.172068108570755,60.739227502938,59.684715920079235,70.17572637341516,71.00476734806546,7.3,15.0,-0.72,3.07
LAC,2025-06-26,2.650000095367432,2.7799999713897705,2.609999895095825,2.7699999809265137,9193000.0,49.52020226593464,62.13435869735508,60.55855940195516,70.10077756130829,71.21761615916074,7.22,19.0,-0.7,2.78
LAC,2025-06-27,2.75,2.819999933242798,2.7100000381469727,2.7699999809265137,7053500.0,49.29364274756927,62.02205173135358,60.15549461468914,69.3671367586113,70.99618042803097,7.12,19.0,-0.7,2.91
LAC,2025-06-30,2.7699999809265137,2.789999961853028,2.6700000762939453,2.680000066757202,3334200.0,49.20876134257779,62.39172658869848,59.47858503717451,68.80410990612897,70.97432327419028,7.01,11.0,-0.68,3.13
LAC,2025-07-01,2.6600000858306885,2.690000057220459,2.640000104904175,2.650000095367432,2916800.0,37.066103577415376,62.2725815977255,59.45458941193695,68.8114034297252,70.9366677920261,6.91,11.0,-0.65,3.15
LAC,2025-07-02,2.680000066757202,2.740000009536743,2.6600000858306885,2.7100000381469727,5934200.0,37.65571954542257,61.45028611590332,59.560911787400215,68.85697050828635,70.87775299714397,6.8,16.0,-0.61,3.09
LAC,2025-07-03,2.700000047683716,2.7300000190734863,2.640000104904175,2.6600000858306885,2687500.0,37.89368185531976,61.4017160420863,59.595252500816386,68.18702953804646,70.8933688689123,6.69,17.0,-0.58,3.08
LAC,2025-07-07,2.640000104904175,2.650000095367432,2.539999961853028,2.609999895095825,5126500.0,37.60047443974882,56.84726942002386,59.58729042104854,68.12272167069749,70.7664260682534,6.57,17.0,-0.59,3.08
LAC,2025-07-08,2.619999885559082,2.7799999713897705,2.611000061035156,2.740000009536743,7660600.0,39.14283940564032,48.721537165708945,59.99780278452352,68.09972263522982,70.63411043441717,6.44,24.0,-0.57,2.92
LAC,2025-07-09,2.740000009536743,2.75,2.609999895095825,2.650000095367432,3667600.0,40.213753565016965,46.86125357303661,59.79489773531335,63.52826657171919,70.6885929351665,6.3,22.0,-0.54,3.02
LAC,2025-07-10,2.700000047683716,2.9100000858306885,2.650000095367432,2.8499999046325684,15103400.0,44.912461469923684,47.33814100233813,60.709816434407635,64.10492512586686,71.06089156638599,6.14,28.0,-0.47,2.78
LAC,2025-07-11,2.8499999046325684,2.9100000858306885,2.805000066757202,2.8499999046325684,6855400.0,44.87527479425805,47.31915658493197,60.344358752109606,64.00122410938062,70.95339945349994,5.98,27.0,-0.42,2.89
LAC,2025-07-14,2.8499999046325684,2.9800000190734863,2.8299999237060547,2.859999895095825,8441600.0,44.74329346011934,46.77410438647513,60.229591579494425,63.80979546175081,70.93773479312111,5.8,27.0,-0.34,2.94
LAC,2025-07-15,2.869999885559082,2.9200000762939453,2.819999933242798,2.869999885559082,4942900.0,43.52631029436802,46.488873324376975,60.23000245846032,62.662859497363584,70.7694407218165,5.63,28.0,-0.27,2.94
LAC,2025-07-16,2.900000095367432,3.184999942779541,2.878999948501587,3.059999942779541,20717900.0,46.9804514291036,48.21310027614443,61.082555248800254,62.89824404143213,71.03464333495472,5.45,35.0,-0.27,2.67
LAC,2025-07-17,3.200000047683716,3.4600000381469727,3.069999933242798,3.3299999237060547,29477600.0,52.259019105422446,51.07678465554114,62.34350394645922,63.15273973270956,71.36376647476163,5.3,51.0,0.16,2.4
LAC,2025-07-18,3.390000104904175,3.430000066757202,3.1600000858306885,3.2799999713897705,16068500.0,52.36405336918357,51.21392894332726,62.18731865255647,62.52002878520694,70.65601558507748,5.15,49.0,0.2,2.44
LAC,2025-07-21,3.3399999141693115,3.369999885559082,3.109999895095825,3.119999885559082,12341900.0,54.80093679484192,52.204530973276476,62.391987799616025,61.183635938137726,70.62328297472678,4.98,54.0,0.07,2.39
LAC,2025-07-22,3.150000095367432,3.390000104904175,3.1449999809265137,3.359999895095825,14653800.0,58.33008775579236,52.44148230874652,63.40381511632032,60.96782954641908,70.74162293971392,4.81,76.0,0.22,2.15
LAC,2025-07-23,3.3399999141693115,3.3499999046325684,3.180000066757202,3.2799999713897705,9013200.0,58.75145445927702,52.513266632096766,63.39182286846143,60.055100010209415,70.78079181071566,4.63,75.0,0.14,2.15
LAC,2025-07-24,3.3499999046325684,3.440000057220459,3.190000057220459,3.200000047683716,9159900.0,59.35424727024301,52.437381616176026,63.28375636729484,60.11494717519766,70.82520755574069,4.43,71.0,0.02,2.18
LAC,2025-07-25,3.2100000381469727,3.2300000190734863,3.0199999809265137,3.049999952316284,7687300.0,61.29989555336426,53.06386223718692,63.236682847587666,60.10698945475412,70.98706972055976,4.24,70.0,-0.01,2.19
LAC,2025-07-28,3.059999942779541,3.059999942779541,2.799999952316284,2.8299999237060547,12277900.0,63.68509456524265,55.21242420128165,64.35795953989015,60.70067645977259,71.1124018144132,4.07,87.0,0.04,1.99
LAC,2025-07-29,2.8299999237060547,2.8299999237060547,2.634000062942505,2.640000104904175,10371200.0,66.97781029681467,56.92025308806495,63.181097117435826,61.218398971078,71.40587836694758,3.86,67.0,0.01,2.05
LAC,2025-07-30,2.6600000858306885,2.6700000762939453,2.5299999713897705,2.549999952316284,8585700.0,67.67255995735474,57.29146103852801,62.338855822624,61.029812408533665,71.39675786963366,3.61,52.0,0.05,2.24
LAC,2025-07-31,2.5799999237060547,2.5899999141693115,2.5,2.569999933242798,7227800.0,67.5194394243939,57.31736261118188,62.31278168495646,60.88113530679584,71.27118763010046,3.33,51.0,0.12,2.25
LAC,2025-08-01,2.539999961853028,2.559999942779541,2.470000028610229,2.549999952316284,6275400.0,67.45149230821974,57.00534212116168,61.24265687778051,60.6994466549447,71.15513465646423,3.03,41.0,0.08,2.49
LAC,2025-08-04,2.5899999141693115,2.680000066757202,2.565000057220459,2.650000095367432,6791400.0,67.00554059061317,57.50004139879283,61.4358035576836,60.175235073685975,71.13835057515102,2.69,42.0,0.11,2.42
LAC,2025-08-05,2.6700000762939453,2.674999952316284,2.539999961853028,2.630000114440918,5287700.0,66.98333469642412,57.27164376468657,61.390654213352455,60.064747213060265,70.8804758589199,2.32,42.0,0.1,2.43
LAC,2025-08-06,2.630000114440918,2.6600000858306885,2.5299999713897705,2.559999942779541,5811600.0,67.37896505797025,57.447388223703335,61.28742784637641,59.99954604532653,70.67050670243069,2.24,42.0,0.06,2.47
LAC,2025-08-07,2.630000114440918,2.799999952316284,2.619999885559082,2.7300000190734863,10358700.0,69.93813421627634,59.1043068769082,61.840640855537835,59.68772341285862,70.85344119571592,2.14,48.0,0.09,2.33
LAC,2025-08-08,2.7699999809265137,2.828000068664551,2.7300000190734863,2.789999961853028,6415800.0,67.75380022728704,58.89717089973623,61.5936695795023,59.58463805225933,70.87844537360117,2.03,46.0,0.18,2.41
LAC,2025-08-11,3.065000057220459,3.190000057220459,2.990000009536743,3.049999952316284,18323300.0,72.48257683494224,61.69143972621758,63.22315237480287,60.46334954650163,71.37246253031094,1.93,78.0,0.17,2.11
LAC,2025-08-12,3.039999961853028,3.039999961853028,2.799999952316284,2.8499999046325684,11033800.0,74.66282182662344,62.98173213022811,64.1351059101309,60.84506593736083,71.67424373420931,1.9,97.0,0.26,1.93
LAC,2025-08-13,2.9100000858306885,2.990000009536743,2.8299999237060547,2.950000047683716,10644800.0,75.1299704731197,58.90806058733329,64.26998201845417,60.932281422789494,71.63310130292506,1.87,98.0,0.27,1.87
LAC,2025-08-14,2.8299999237060547,2.9600000381469727,2.733999967575073,2.859999895095825,10567300.0,75.55978921072868,59.248965369235876,64.39923930471514,60.58016646499064,71.64682238306366,1.86,100.0,0.35,1.85
LAC,2025-08-15,2.890000104904175,2.9800000190734863,2.859999895095825,2.900000095367432,6189200.0,75.38369264957285,59.272169802756956,64.40603303084998,60.537855043681624,71.15743572876201,1.87,100.0,0.39,1.84
LAC,2025-08-18,2.890000104904175,2.970000028610229,2.8399999141693115,2.930000066757202,7184500.0,75.1231454290169,59.05963859703215,64.4076970537852,60.51169332789702,70.9899316705731,1.89,100.0,0.39,1.84
LAC,2025-08-19,2.9100000858306885,2.9200000762939453,2.7699999809265137,2.809999942779541,6339100.0,75.01356252467069,59.34041097793219,64.56169098308314,60.56765385644246,70.69439374380586,1.9,100.0,0.4,1.8
LAC,2025-08-20,2.7799999713897705,2.7850000858306885,2.6600000858306885,2.7300000190734863,5959900.0,74.84569605681888,59.62641173258773,64.7117921291809,60.62698007530016,70.3849118618455,1.88,100.0,0.43,1.77
LAC,2025-08-21,2.700000047683716,2.7699999809265137,2.690000057220459,2.75,3507800.0,71.73110964820656,59.36172662214098,63.989216078964304,60.62005081640066,70.35118751501334,1.85,92.0,0.43,1.91
LAC,2025-08-22,2.759999990463257,2.8299999237060547,2.7300000190734863,2.789999961853028,4665500.0,71.87389581828832,59.417968413068664,64.02694949025542,60.643857526132535,70.23334547070496,1.82,92.0,0.43,1.9
LAC,2025-08-25,2.759999990463257,2.930000066757202,2.7300000190734863,2.8299999237060547,6488700.0,71.9957543140868,59.443634498657346,64.00122151876445,60.6440040996231,69.45296866437229,1.79,91.0,0.42,1.91
LAC,2025-08-26,2.8399999141693115,2.9200000762939453,2.809999942779541,2.880000114440918,4194900.0,72.17527707881766,59.122295987868114,64.05983599705881,60.34581173020798,69.22237596447013,1.75,92.0,0.39,1.89
LAC,2025-08-27,2.869999885559082,3.0199999809265137,2.8299999237060547,2.9800000190734863,11103600.0,70.3664602438326,59.49194537275473,64.17947558316472,60.32474058138496,69.24201371095107,1.7,93.0,0.32,1.84
LAC,2025-08-28,2.990000009536743,3.0299999713897705,2.930000066757202,2.970000028610229,3794800.0,65.53802100965007,59.49028015966156,63.5923763392613,60.30462657541096,69.2282309285917,1.64,84.0,0.3,1.98
LAC,2025-08-29,2.9800000190734863,3.039999961853028,2.930000066757202,2.990000009536743,5452100.0,65.51603687378305,59.28540650201769,63.50315510503266,60.12059760428594,69.08515517362738,1.57,80.0,0.25,2.01
LAC,2025-09-02,2.9200000762939453,2.9200000762939453,2.7699999809265137,2.8299999237060547,5702000.0,65.84150288673438,60.404234625434036,61.47941504350476,60.44722064714383,69.19759283732358,1.53,34.0,0.19,1.94
LAC,2025-09-03,2.8399999141693115,2.930000066757202,2.819999933242798,2.859999895095825,3976200.0,61.80538026734499,60.43703964942573,56.69834842779843,60.051674899658735,69.17862329841209,1.62,1.0,0.18,0.76
LAC,2025-09-04,2.8299999237060547,2.8399999141693115,2.740000009536743,2.789999961853028,4675200.0,61.82366332287044,60.441736772035235,55.63331186036671,60.09528089232493,68.99683155549519,1.73,1.0,0.23,0.86
LAC,2025-09-05,2.8499999046325684,2.940000057220459,2.809999942779541,2.890000104904175,5932800.0,62.63146337781153,60.861649709636644,54.95668280983597,60.197973299197926,68.65057424826908,1.87,1.0,0.21,0.95
LAC,2025-09-08,2.890000104904175,3.0199999809265137,2.8499999046325684,2.970000028610229,8082900.0,61.767541601656426,61.103729392816454,55.109329996988365,60.28801392767522,68.59610905422194,1.98,2.0,0.16,0.91
LAC,2025-09-09,2.869999885559082,2.900000095367432,2.819999933242798,2.8399999141693115,6907718.0,59.19698836926087,60.98716029824375,55.31434934123038,60.38132277573298,68.71201311258412,2.08,3.0,0.18,0.87
LAC,2025-09-10,2.8499999046325684,2.879899978637696,2.7799999713897705,2.799999952316284,4635316.0,55.60638723990095,61.05423027942448,55.21232270349125,59.899361053377206,68.65544536744633,2.18,3.0,0.19,0.89
LAC,2025-09-11,2.809999942779541,2.869999885559082,2.759999990463257,2.8399999141693115,4330343.0,54.602504279067766,61.100278480691195,55.241250661896515,59.922199852406635,68.6103933658902,2.26,4.0,0.2,0.89
LAC,2025-09-12,2.8299999237060547,2.869999885559082,2.789999961853028,2.859999895095825,3677731.0,54.59764852729164,60.96988725112347,55.2506073808342,59.91572872569315,68.60133673361246,2.35,5.0,0.21,0.88
LAC,2025-09-15,2.9200000762939453,3.200000047683716,2.888000011444092,3.200000047683716,12819296.0,62.895358430797835,65.04515897090963,58.01837922506936,60.89207293198626,69.2731479639281,2.38,9.0,0.07,1.06
LAC,2025-09-16,3.180000066757202,3.2799999713897705,3.140000104904175,3.220000028610229,8204911.0,62.20943752974323,64.22403879509028,57.93205597860449,60.8952361515322,69.07178512687653,2.4,9.0,-0.06,1.09
,2025-09-17,3.200000047683716,3.319999933242798,3.1500000953674316,3.259999990463257,7266676.0,62.085731804929225,64.22702274814534,56.913086742513364,60.91245630224778,68.99652189130498,2.44,9.0,-0.14,1.26
