Ticker,Contract Name,Type,Expiry,Strike,Moneyness,Bid,Ask,Volume,Open Interest,Bid Stock,Ask Stock,Last Stock Price,Implied Volatility,Expiry_dt,Years_to_Expiry,Forward,LogMoneyness,IV_bid,IV_ask,IV_mid,IV_spread,Delta,Ivol/Rvol100d Ratio,Smoothed_IV,TotalVariance,Call Local Vol,Put Local Vol,Realised Vol 100d
NKE,NKE260320C00115000,Call,2026-03-20,115.0,1.5370014088106758,0.43,0.52,3.0,757,72.8,73.04,73.0,0.3820862573242187,2026-03-20,0.5147159479808351,74.82101144525718,0.42983338115374586,0.35479573353204397,0.3686248287006695,0.3618903383336582,0.013829095168625516,0.06353956463996116,0.9678510167709649,0.3592544071568894,0.06643115965390783,0.390195979068282,,0.37391120333895045
NKE,NKE251219C00097500,Call,2025-12-19,97.5,1.3194445490648652,0.55,0.69,5.0,2880,72.8,73.04,73.0,0.4047911083984374,2025-12-19,0.2655715263518138,73.89473098289848,0.2772108518757486,0.37531189999838593,0.3968821677481963,0.386387694842164,0.021570267749810357,0.09807078510320749,1.033367525208662,0.3882714834430032,0.04003616769592865,0.4066433989860792,,0.37391120333895045
NKE,NKE260918P00057500,Put,2026-09-18,57.5,0.7495904850044113,2.79,3.35,3.0,698,72.8,73.04,73.0,0.348639326171875,2026-09-18,1.0130047912388775,76.70855106927033,-0.28822824156910154,0.36246431883374275,0.3924699202784511,0.3776281165769153,0.030005601444708374,-0.17146746042144967,1.009940630836342,0.3776281165769153,0.14445751660202186,0.26413118085257076,0.1352133914058846,0.37391120333895045
NKE,NKE250919P00067500,Put,2025-09-19,67.5,0.9249119759174776,0.07,0.09,116.0,8533,72.8,73.04,73.0,0.3398503515625,2025-09-19,0.01642710472279261,72.97991782736142,-0.07805670716811773,0.37077685567130053,0.3908236872196777,0.38113714331246584,0.020046831548377164,-0.05236736172568379,1.0193252834068336,0.3811371433124659,0.0023862919427086187,0.0,0.7380681415628323,0.37391120333895045
NKE,NKE260417C00110000,Call,2026-04-17,110.0,1.4645508778997307,0.7,0.78,35.0,50,72.8,73.04,73.0,0.3610903735351562,2026-04-17,0.5913757700205339,75.10835004772778,0.38154862748092716,0.33595478936092954,0.3445840373356324,0.34032709261285776,0.00862924797470288,0.09225069763154992,0.9101815874298671,0.34032709261285776,0.06849463784455924,0.24869094241220527,,0.37391120333895045
NKE,NKE251024P00067000,Put,2025-10-24,67.0,0.9136726482922859,1.58,1.74,29.0,34,72.8,73.04,73.0,0.4235897485351562,2025-10-24,0.11225188227241616,73.33042104875022,-0.09028292453311697,0.42485455216046836,0.4457132703021062,0.4353311493137478,0.020858718141637866,-0.24449239249878862,1.1642634546018675,0.4353311493137478,0.021273214488914362,,0.0,0.37391120333895045
NKE,NKE251121P00055000,Put,2025-11-21,55.0,0.7471604310348138,0.33,0.38,21.0,196,72.8,73.04,73.0,0.436529072265625,2025-11-21,0.188911704312115,73.61203526774732,-0.2914753497935972,0.439063196003155,0.45328669299365115,0.4463024037747168,0.014223496990496132,-0.05484482308651073,1.1936053260488795,0.4459831815541611,0.03757472656485382,0.17936155630360967,0.3541516687104443,0.37391120333895045
NKE,NKE250926P00076000,Put,2025-09-26,76.0,1.0403849485087735,2.95,3.6,12.0,1962,72.8,73.04,73.0,0.2812571874999999,2025-09-26,0.03559206023271732,73.04988418847651,0.03959078746423304,,0.3120519819220179,0.23359457098022335,,-0.8095758497458629,0.6247327410740081,0.29572644323696035,0.0031126726351391673,0.22579666467787962,0.22396362065753112,0.37391120333895045
NKE,NKE261218C00087500,Call,2026-12-18,87.5,1.126559595701375,5.75,6.6,11.0,226,72.8,73.04,73.0,0.3508976043701171,2026-12-18,1.2621492128678986,77.67010314756064,0.11916838290971148,0.27980361193484693,0.30632659840062026,0.29309635484685553,0.026522986465773335,0.4218099184003584,0.7838662020008096,0.302788104733935,0.11571464302756422,0.31390477286853796,0.2796223502607947,0.37391120333895045
NKE,NKE251003P00060000,Put,2025-10-03,60.0,0.8205698522009858,0.25,0.29,94.0,444,72.8,73.04,73.0,0.5400436621093752,2025-10-03,0.05475701574264202,73.11991762683469,-0.19775623837549378,0.560979461103358,0.580441180038234,0.5708917801522018,0.019461718934876027,-0.06091738981646233,1.5268111119812808,0.5605962685541257,0.017208387477990934,,0.5312242336881683,0.37391120333895045
NKE,NKE250919C00077500,Call,2025-09-19,77.5,1.0619359723496966,0.16,0.2,169.0,12784,72.8,73.04,73.0,0.3320379296875,2025-09-19,0.01642710472279261,72.97991782736142,0.06009363131269949,0.36180356567568617,0.38473169553218034,0.37354514140922657,0.022928129856494173,0.10911687358904992,0.9990209923466988,0.3697751614910952,0.0022461383171378324,0.0,0.2646523379270321,0.37391120333895045
NKE,NKE251121C00100000,Call,2025-11-21,100.0,1.3584735109723887,0.27,0.31,15.0,393,72.8,73.04,73.0,0.4257869921875,2025-11-21,0.188911704312115,73.61203526774732,0.3063616509620233,0.4119265359506462,0.4232536660961623,0.41769915809937164,0.011327130145516062,0.05516448070998407,1.1171078971943171,0.41744566502812785,0.032919920449838574,0.39651141127520406,,0.37391120333895045
NKE,NKE251003C00086000,Call,2025-10-03,86.0,1.1761501214880796,0.46,0.51,1.0,93,72.8,73.04,73.0,0.5224657128906249,2025-10-03,0.05475701574264202,73.11991762683469,0.1622464956559133,0.5368847266062775,0.5521517577252861,0.5446047685811838,0.015267031119008623,0.11325185687331774,1.4565082931936106,0.5445168251685777,0.016235377023499926,0.4993563503683248,0.45903252869974387,0.37391120333895045
NKE,NKE250926P00068000,Put,2025-09-26,68.0,0.9308707434025868,0.23,0.27,14.0,1195,72.8,73.04,73.0,0.304694453125,2025-09-26,0.03559206023271732,73.04988418847651,-0.07163484764599136,0.31425632814196974,0.3294174201094581,0.3219610345801308,0.015161091967488383,-0.11319219492298616,0.8610628184047033,0.32196103458013065,0.003689434089644915,,0.19265134781476673,0.37391120333895045
NKE,NKE251219P00087500,Put,2025-12-19,87.5,1.1841169030069303,14.45,16.35,6.0,274,72.8,73.04,73.0,0.4079649047851562,2025-12-19,0.2655715263518138,73.89473098289848,0.16899726723551586,0.31862045560407143,0.484005628984489,0.4070155579823222,0.16538517338041758,-0.758296534390777,1.0885353376624092,0.4070155579823222,0.043995021083222785,0.3850257356900419,0.1229720980013047,0.37391120333895045
NKE,NKE261218P00045000,Put,2026-12-18,45.0,0.5793735063607071,1.49,1.72,1.0,703,72.8,73.04,73.0,0.3918517846679687,2026-12-18,1.2621492128678986,77.67010314756064,-0.5458079206835377,0.4130589244568836,0.43149487933657854,0.42240440060333734,0.01843595487969496,-0.08265532088346705,1.1296917472152548,0.42437206441049297,0.22730253309509343,0.0,0.7636348526396305,0.37391120333895045
NKE,NKE261218C00140000,Call,2026-12-18,140.0,1.8024953531221999,0.71,0.82,44.0,729,72.8,73.04,73.0,0.3510807080078124,2026-12-18,1.2621492128678986,77.67010314756064,0.589172012155447,0.31757207786455627,0.32714390081048517,0.3224508091607696,0.009571822945928898,0.07419308364254702,0.8623726871015095,0.32124710799326106,0.13025342566912976,0.3585139835651845,,0.37391120333895045
NKE,NKE251003C00085000,Call,2025-10-03,85.0,1.1624739572847298,0.53,0.59,8.0,159,72.8,73.04,73.0,0.516606396484375,2025-10-03,0.05475701574264202,73.11991762683469,0.15055045589272195,0.5297372928754968,0.5464788631213616,0.5382008825606271,0.016741570245864867,0.1287242463069576,1.439381536992215,0.5384163619990183,0.015873630601957997,0.6883644407508228,,0.37391120333895045
NKE,NKE250919C00077000,Call,2025-09-19,77.0,1.0550847725280856,0.2,0.23,1080.0,758,72.8,73.04,73.0,0.3193427441406249,2025-09-19,0.01642710472279261,72.97991782736142,0.053621116807082,0.3551302639620201,0.3703695306431962,0.36285628576116646,0.015239266681176145,0.12929631361548943,0.9704343772557071,0.36285628576116635,0.0021628695542733343,0.0,0.0,0.37391120333895045
NKE,NKE251024P00065000,Put,2025-10-24,65.0,0.8863988378955012,1.1,1.18,8.0,30,72.8,73.04,73.0,0.41992767578125,2025-10-24,0.11225188227241616,73.33042104875022,-0.12058827402844594,0.4282042468804795,0.4405264685157984,0.4343951300523194,0.01232222163531893,-0.18370679932128875,1.1617601349551976,0.4343951300523194,0.021181832414893992,,0.2773678334469917,0.37391120333895045
NKE,NKE271217P00072500,Put,2027-12-17,72.5,0.8880628753528476,11.4,12.7,2.0,198,72.8,73.04,73.0,0.2991403094482421,2027-12-17,2.2587268993839835,81.6383636926542,-0.11871273291903253,0.3718416520041556,0.40545811016253974,0.3886339228116287,0.033616458158384155,-0.31019862020713096,1.039374908644639,0.3983952503213193,0.35850236761077064,0.0,0.2362278255541832,0.37391120333895045
NKE,NKE251219C00085000,Call,2025-12-19,85.0,1.1502849914924465,1.75,2.08,66.0,5071,72.8,73.04,73.0,0.38867798828125,2025-12-19,0.2655715263518138,73.89473098289848,0.1400097303622635,0.34884982794164177,0.37615684935564997,0.3626456346052379,0.027307021414008203,0.25599707892926904,0.9698710051126757,0.369211170101438,0.036201884047595556,0.3950284543342458,0.0,0.37391120333895045
NKE,NKE251003C00084000,Call,2025-10-03,84.0,1.1487977930813802,0.62,0.68,5.0,97,72.8,73.04,73.0,0.5112353564453125,2025-10-03,0.05475701574264202,73.11991762683469,0.13871599824571926,0.5247374374970339,0.5400533603378261,0.5324634647377097,0.015315922840792195,0.14662628676728756,1.4240372045098408,0.5324634647377092,0.015524563519807568,0.0,,0.37391120333895045
NKE,NKE260417P00060000,Put,2026-04-17,60.0,0.7988459333998531,2.64,2.89,8.0,91,72.8,73.04,73.0,0.3785462536621093,2026-04-17,0.5913757700205339,75.10835004772778,-0.2245871760893884,0.39584025417155316,0.41227427506363984,0.40409890749614014,0.016434020892086676,-0.18994733530402408,1.0807349549508538,0.40409890749614014,0.09656925459424501,,0.643375172883735,0.37391120333895045
NKE,NKE261218P00072500,Put,2026-12-18,72.5,0.9334350935811392,9.6,10.75,1.0,300,72.8,73.04,73.0,0.3386906951904296,2026-12-18,1.2621492128678986,77.67010314756064,-0.06888384859322827,0.3786619007968257,0.41645024888405485,0.39754438834064426,0.03778834808722914,-0.3528846368672164,1.0632053407083133,0.38571194591144403,0.18777461493734005,0.29190346045746246,0.47375287538063654,0.37391120333895045
NKE,NKE271217P00032500,Put,2027-12-17,32.5,0.398097151020242,1.12,1.3,2.0,1931,72.8,73.04,73.0,0.4106504248046875,2027-12-17,2.2587268993839835,81.6383636926542,-0.9210592054439698,0.44296796027262714,0.46032580436666043,0.45179077057253075,0.017357844094033292,-0.04494341528221624,1.2082835885582772,0.4512931353102459,0.4600247297247785,,1.0772860424040407,0.37391120333895045
NKE,NKE251010C00085000,Call,2025-10-10,85.0,1.1613605527449988,0.64,0.69,116.0,45,72.8,73.04,73.0,0.4790091162109374,2025-10-10,0.07392197125256673,73.19001820674336,0.14959220811722582,0.4798144193576952,0.4909908601905605,0.4854438274435192,0.011176440832865286,0.1428939651932158,1.298286392888486,0.48544382744351844,0.017420134590777105,0.24564601446141313,,0.37391120333895045
NKE,NKE250926C00081000,Call,2025-09-26,81.0,1.1088313267001402,0.14,0.16,55.0,908,72.8,73.04,73.0,0.3437565625,2025-09-26,0.03559206023271732,73.04988418847651,0.10330660185034073,0.35689524224908625,0.36774532958707445,0.3624129743375962,0.010850087337988201,0.06987055725302668,0.9692487711021296,0.36241297433759606,0.004674773803112662,0.20258417739359225,,0.37391120333895045
NKE,NKE271217P00080000,Put,2027-12-17,80.0,0.9799314486652111,15.7,17.6,1.0,342,72.8,73.04,73.0,0.3039010040283203,2027-12-17,2.2587268993839835,81.6383636926542,-0.020272660105780025,0.3847067496652888,0.43074400895710935,0.40766510184715127,0.046037259291820565,-0.3671430758184908,1.0902724984081391,0.4004788450966878,0.3622620860512824,0.0999470669795243,0.1478121549450811,0.37391120333895045
NKE,NKE260220C00110000,Call,2026-02-20,110.0,1.475821242881202,0.44,0.48,1.0,85,72.8,73.04,73.0,0.3767152172851562,2026-02-20,0.4380561259411362,74.53477210102373,0.3892146096848972,0.3582351034552009,0.36470441469995474,0.3615078507479913,0.0064693112447538614,0.06589725316084981,0.9668280798216268,0.36137262469257875,0.05720582565462707,0.25392683912756253,,0.37391120333895045
NKE,NKE260918P00047500,Put,2026-09-18,47.5,0.6192269223949485,1.38,1.52,4.0,145,72.8,73.04,73.0,0.3839172937011719,2026-09-18,1.0130047912388775,76.70855106927033,-0.4792834783318107,0.4067893119377489,0.41886682463143166,0.41288492557935147,0.012077512693682735,-0.08673766929986848,1.1042325608122294,0.41288492557935164,0.17269094005515864,,0.38706425036838377,0.37391120333895045
NKE,NKE251010C00084000,Call,2025-10-10,84.0,1.147697487418587,0.72,0.79,13.0,121,72.8,73.04,73.0,0.4741263525390625,2025-10-10,0.07392197125256673,73.19001820674336,0.13775775047022293,0.47119600892807467,0.4857010539270587,0.4785099436846468,0.014505044998984029,0.16015784513626924,1.2797421938996505,0.478509943684647,0.016926044319061653,0.2059300856870862,,0.37391120333895045
NKE,NKE261218P00040000,Put,2026-12-18,40.0,0.5149986723206286,1.02,1.15,4.0,531,72.8,73.04,73.0,0.414068359375,2026-12-18,1.2621492128678986,77.67010314756064,-0.6635909563399209,0.4364363478988741,0.450323848148971,0.44347320534820533,0.013887500250096885,-0.05693563193109086,1.1860388279037388,0.4424046092281791,0.24703016410891648,,0.4568108686607973,0.37391120333895045
NKE,NKE251219P00092500,Put,2025-12-19,92.5,1.2517807260358977,18.65,20.0,1.0,38,72.8,73.04,73.0,0.3237372314453124,2025-12-19,0.2655715263518138,73.89473098289848,0.22456711839032664,,0.4474655628021878,0.37646609589937746,,-0.8555458242734214,1.006832885823191,0.37646609589937746,0.03763858171687,0.32699929247731013,0.07894928888906617,0.37391120333895045
NKE,NKE260618C00120000,Call,2026-06-18,120.0,1.584189099129431,0.57,0.66,145.0,2347,72.8,73.04,73.0,0.3535220898437499,2026-06-18,0.7611225188227242,75.74853283988908,0.46007266703044747,0.3251110479407501,0.3353020807369228,0.33030597570020737,0.010191032796172728,0.0731858462650893,0.8833807940244707,0.3287482465530349,0.08225862798645099,0.27636393567417,,0.37391120333895045
NKE,NKE270115P00065000,Put,2027-01-15,65.0,0.8336712561080224,6.7,7.85,1.0,5237,72.8,73.04,73.0,0.3604189935302734,2027-01-15,1.3388090349075976,77.96838324911333,-0.181916131660205,0.3861055710774574,0.42756626691725835,0.4068857254535251,0.04146069583980094,-0.26703684806191397,1.08818810942309,0.3887904272545179,0.2023716911781055,0.20599181114943338,0.3648787638955769,0.37391120333895045
NKE,NKE271217P00045000,Put,2027-12-17,45.0,0.5512114398741813,2.86,3.15,1.0,189,72.8,73.04,73.0,0.3627993408203125,2027-12-17,2.2587268993839835,81.6383636926542,-0.5956368050093418,0.40929136073456474,0.4240432527991337,0.41671997746504813,0.01475189206456895,-0.10307914834015519,1.1144891454008976,0.416897065285657,0.39257387956503637,,0.5145067318046691,0.37391120333895045
NKE,NKE271217P00042500,Put,2027-12-17,42.5,0.5205885821033934,2.41,2.67,1.0,274,72.8,73.04,73.0,0.3704896936035156,2027-12-17,2.2587268993839835,81.6383636926542,-0.6527952188492905,0.41426687340260576,0.4290014034825444,0.4216959865998678,0.014734530079938635,-0.0890054649072256,1.1277971423006559,0.42168883438821375,0.40165014446090225,,0.38231547957056666,0.37391120333895045
NKE,NKE260220C00042500,Call,2026-02-20,42.5,0.5702036620222827,30.65,32.75,8.0,40,72.8,73.04,73.0,0.649417568359375,2026-02-20,0.4380561259411362,74.53477210102373,-0.5617616801771478,,0.7057796021871441,0.5078997319354509,,0.9670574782597581,1.358343177203599,0.40408032174421316,0.07152620130689963,0.10482627072320658,,0.37391120333895045
NKE,NKE250919P00083000,Put,2025-09-19,83.0,1.137299170387417,9.8,10.45,3.0,36,72.8,73.04,73.0,0.52539537109375,2025-09-19,0.01642710472279261,72.97991782736142,0.128656302749996,,0.8212184908217628,0.5963413938963328,,-0.9500213850382401,1.5948743674196608,0.392721153122881,0.0025335507862039477,,1.091520085406939,0.37391120333895045
NKE,NKE250919C00050000,Call,2025-09-19,50.0,0.6851199821610945,22.2,24.05,7.0,90,72.8,73.04,73.0,1.3320345898437496,2025-09-19,0.01642710472279261,72.97991782736142,-0.3781612996184559,,2.4793441979827087,1.611566780609935,,0.9734500059954024,4.310025391641047,1.547039182145867,0.03931548634241566,0.4009948716150038,,0.37391120333895045
NKE,NKE271217P00047500,Put,2027-12-17,47.5,0.5818342976449691,3.4,3.65,1.0,56,72.8,73.04,73.0,0.3540714007568358,2027-12-17,2.2587268993839835,81.6383636926542,-0.5415695837390662,0.40648659351577104,0.41801133184132805,0.4122758710477629,0.011524738325557005,-0.1182357546957058,1.1026036860255157,0.412527965129277,0.38438861235127747,0.0,0.44774099609262635,0.37391120333895045
NKE,NKE260320P00055000,Put,2026-03-20,55.0,0.7350876303007581,1.4,1.62,35.0,4294,72.8,73.04,73.0,0.4045469702148437,2026-03-20,0.5147159479808351,74.82101144525718,-0.3077655619770332,0.4107724972220252,0.43166480306877736,0.42135004663842734,0.02089230584675217,-0.12115096508168666,1.1268719494785333,0.421350046638427,0.09138053940811629,0.35954000918524864,0.0,0.37391120333895045
NKE,NKE270115P00037500,Put,2027-01-15,37.5,0.48096418621616677,0.93,1.04,1.0,656,72.8,73.04,73.0,0.4262752685546875,2027-01-15,1.3388090349075976,77.96838324911333,-0.731962468579477,0.44991651580566017,0.4626737623046421,0.4563777091275791,0.012757246498981911,-0.04945471677547508,1.220551042740147,0.45560176299429445,0.27790056287714177,,0.0,0.37391120333895045
NKE,NKE250926C00077000,Call,2025-09-26,77.0,1.0540742241470469,0.47,0.52,82.0,379,72.8,73.04,73.0,0.3100654931640625,2025-09-26,0.03559206023271732,73.04988418847651,0.05266286903158585,0.3181063941424963,0.33095945545360056,0.3245799480641685,0.012853061311104252,0.20343959458382394,0.8680669238197093,0.3245799480641686,0.0037496998081023936,0.24205644621307043,0.2248549359608122,0.37391120333895045
NKE,NKE271217P00035000,Put,2027-12-17,35.0,0.42872000879102984,1.4,1.55,2.0,403,72.8,73.04,73.0,0.397466962890625,2027-12-17,2.2587268993839835,81.6383636926542,-0.846951233290248,0.4364554069041517,0.44890878339027956,0.44274820981448637,0.012453376486127876,-0.05418833023343994,1.1840998768179063,0.4429836809667412,0.4432402377066281,,0.5200939512015915,0.37391120333895045
NKE,NKE270115P00042500,Put,2027-01-15,42.5,0.5450927443783223,1.4,1.52,2.0,131,72.8,73.04,73.0,0.3996642065429688,2027-01-15,1.3388090349075976,77.96838324911333,-0.606799325625471,0.42882414360716464,0.43916640418967573,0.43403831329233533,0.010342260582511087,-0.07223320618467866,1.1608058528775338,0.43486614484207536,0.25318025396762917,,0.5599749018671472,0.37391120333895045
NKE,NKE251017P00090000,Put,2025-10-17,90.0,1.2284981095888259,16.95,18.2,31.0,73,72.8,73.04,73.0,0.508793974609375,2025-10-17,0.09308692676249145,73.2601859925716,0.20579237418167828,,0.7004426791793262,0.5898910980354579,,-0.8539328072525536,1.5776234912670475,0.5053192480621468,0.023769517984151067,0.30022046758760046,1.0904872077038694,0.37391120333895045
NKE,NKE271217C00115000,Call,2027-12-17,115.0,1.408651457456241,4.3,4.65,25.0,114,72.8,73.04,73.0,0.3380193151855468,2027-12-17,2.2587268993839835,81.6383636926542,0.3426328335835885,0.28236343430866395,0.2918267923566724,0.28711788952774464,0.009463358048008463,0.281539474551857,0.7678772044374191,0.28734064785388713,0.1864909911704327,0.1519404181358224,,0.37391120333895045
NKE,NKE250919C00078000,Call,2025-09-19,78.0,1.0687871721713074,0.13,0.15,520.0,5968,72.8,73.04,73.0,0.331061376953125,2025-09-19,0.01642710472279261,72.97991782736142,0.06652452164298973,0.3698246818136565,0.3832472496341226,0.3766495425356586,0.01342256782046608,0.08788270260862807,1.0073235013346895,0.3766495425356583,0.0023304292056233375,0.0,,0.37391120333895045
NKE,NKE250926C00079000,Call,2025-09-26,79.0,1.0814527754235934,0.24,0.27,21.0,1308,72.8,73.04,73.0,0.3212958496093749,2025-09-26,0.03559206023271732,73.04988418847651,0.07830529964492337,0.3319634547934035,0.3431642743036874,0.3376340453241946,0.0112008195102839,0.11555958794173771,0.9029792162128114,0.33763404532419483,0.00405737914115194,0.24876120228828982,0.23925061879495066,0.37391120333895045
NKE,NKE261218C00105000,Call,2026-12-18,105.0,1.3518715148416498,2.78,3.05,1.0,287,72.8,73.04,73.0,0.3403996624755859,2026-12-18,1.2621492128678986,77.67010314756064,0.301489939703666,0.2962518536335698,0.3069613961546503,0.30164289696664653,0.010709542521080473,0.23569488447880782,0.8067233457383391,0.30144442154052414,0.11468990775390132,0.2959926342695876,,0.37391120333895045
NKE,NKE250926C00078000,Call,2025-09-26,78.0,1.06776349978532,0.33,0.37,154.0,1221,72.8,73.04,73.0,0.3139717041015625,2025-09-26,0.03559206023271732,73.04988418847651,0.06556627386749357,0.3229271978169484,0.3352533749120451,0.32915459178251105,0.012326177095096702,0.1527274970570116,0.880301496299731,0.32915459178251083,0.0038561415161934226,0.24933535752305233,0.30406916858338506,0.37391120333895045
NKE,NKE260618C00105000,Call,2026-06-18,105.0,1.3861654617382522,1.25,1.38,1.0,516,72.8,73.04,73.0,0.3391179370117187,2026-06-18,0.7611225188227242,75.74853283988908,0.3265412744059249,0.3082344515813297,0.31722290078885773,0.31277433065841886,0.008988449207528004,0.14451572128621337,0.8364936056085193,0.3163915084998677,0.07619109401486235,0.2415186151479876,,0.37391120333895045
NKE,NKE270115P00070000,Put,2027-01-15,70.0,0.897799814270178,8.8,9.9,25.0,1718,72.8,73.04,73.0,0.345160357055664,2027-01-15,1.3388090349075976,77.96838324911333,-0.10780815950648312,0.3843726350700515,0.4207749869343557,0.4025735775306067,0.03640235186430424,-0.32119945873852374,1.0766555640368813,0.3890630685061148,0.20265561903810417,0.26706434416248076,0.5764698275560999,0.37391120333895045
NKE,NKE260320C00050000,Call,2026-03-20,50.0,0.6682614820915982,23.2,25.25,24.0,220,72.8,73.04,73.0,0.5587202331542969,2026-03-20,0.5147159479808351,74.82101144525718,-0.40307574178135813,,0.461641484019114,0.24127228192453673,,0.9921356702904397,0.645266255116254,0.3452646257206381,0.061358084636589504,0.6091590814513892,0.42327861750797,0.37391120333895045
NKE,NKE271217P00105000,Put,2027-12-17,105.0,1.2861600263730897,32.25,34.45,1.0,69,72.8,73.04,73.0,0.2365798999023437,2027-12-17,2.2587268993839835,81.6383636926542,0.2516610553778618,0.411125692305888,0.4615389624716806,0.43636162818498736,0.050413270165792556,-0.5222634446346354,1.1670194000296525,0.43776523893979163,0.4328588190275445,0.12792299401413956,0.0,0.37391120333895045
NKE,NKE271217C00055000,Call,2027-12-17,55.0,0.6737028709573326,23.7,26.2,2.0,758,72.8,73.04,73.0,0.4143124975585937,2027-12-17,2.2587268993839835,81.6383636926542,-0.39496610954719075,,0.28365180001476564,0.22251588403140693,,0.9112120709180236,0.5951035487687603,0.22242543372635015,0.11174616206404615,0.026166524762774607,0.5336065022225206,0.37391120333895045
NKE,NKE251121C00095000,Call,2025-11-21,95.0,1.2905498354237692,0.42,0.46,16.0,415,72.8,73.04,73.0,0.4047911083984374,2025-11-21,0.188911704312115,73.61203526774732,0.25506835657447274,0.3930001685819136,0.4013277245796208,0.39721142951882754,0.008327555997707181,0.08209710308739687,1.0623148650583638,0.3981387354381223,0.029945235409397485,0.3628431544759486,0.0,0.37391120333895045
NKE,NKE260618P00045000,Put,2026-06-18,45.0,0.5940709121735366,0.77,0.85,20.0,720,72.8,73.04,73.0,0.4116269775390625,2026-06-18,0.7611225188227242,75.74853283988908,-0.5207565859812788,0.42812088828636213,0.4388657025458457,0.4335552168964112,0.010744814259483593,-0.05868634747165569,1.1595138445300701,0.43321018957327506,0.14284067625278957,0.0,0.5898636161231213,0.37391120333895045
NKE,NKE270115C00120000,Call,2027-01-15,120.0,1.5390853958917337,1.73,1.92,26.0,1031,72.8,73.04,73.0,0.3459538061523437,2027-01-15,1.3388090349075976,77.96838324911333,0.43118834122620386,0.3068170273525674,0.316274799657984,0.3115960927325007,0.009457772305416612,0.1548889379587997,0.8333424886711376,0.31015556239422504,0.12878870702344739,0.40480152482734405,,0.37391120333895045
NKE,NKE260320P00057500,Put,2026-03-20,57.5,0.7685007044053379,1.81,2.03,6.0,2084,72.8,73.04,73.0,0.3924621301269531,2026-03-20,0.5147159479808351,74.82101144525718,-0.2633137994061995,0.4031373925549603,0.4212110388511033,0.41225061077697117,0.018073646296142998,-0.14959643733897643,1.102536129154884,0.4112845005077802,0.08706674548197574,0.0,0.7727965954129267,0.37391120333895045
NKE,NKE250926P00070000,Put,2025-09-26,70.0,0.9582492946791334,0.53,0.58,105.0,450,72.8,73.04,73.0,0.2885813330078124,2025-09-26,0.03559206023271732,73.04988418847651,-0.04264731077273909,0.3008448822771071,0.3130569995860454,0.306983836482597,0.012212117308938286,-0.22203649433799266,0.821007324041896,0.3069838364825971,0.003354162864340755,0.20021753309102167,0.23036255622430626,0.37391120333895045
NKE,NKE260320P00062500,Put,2026-03-20,62.5,0.8353268526144978,2.92,3.25,47.0,1423,72.8,73.04,73.0,0.3781800463867187,2026-03-20,0.5147159479808351,74.82101144525718,-0.17993219046714834,0.39032249878858255,0.41158194653291996,0.40100446455542,0.021259447744337412,-0.22086544952121867,1.0724590784510661,0.3947253105553945,0.08019689886131115,0.276993549100887,0.6112344756399101,0.37391120333895045
NKE,NKE251003P00063000,Put,2025-10-03,63.0,0.8615983448110351,0.49,0.52,35.0,57,72.8,73.04,73.0,0.5117236328125,2025-10-03,0.05475701574264202,73.11991762683469,-0.14896607420606167,0.5367084228970315,0.5462044674161736,0.5414851374594396,0.0094960445191421,-0.10767049106010185,1.448165052622356,0.5406888787208234,0.01600791039410712,,0.5329084150558303,0.37391120333895045
NKE,NKE260918P00050000,Put,2026-09-18,50.0,0.6518178130473142,1.71,1.85,2.0,222,72.8,73.04,73.0,0.3725648681640625,2026-09-18,1.0130047912388775,76.70855106927033,-0.4279901839442601,0.3987924109572066,0.40931248526249464,0.4040889545102367,0.010520074305288063,-0.10461566332385508,1.0807083363691836,0.4060813729034618,0.167046598562873,0.336075173871822,0.4307208869257851,0.37391120333895045
NKE,NKE250926P00069000,Put,2025-09-26,69.0,0.9445600190408601,0.35,0.39,60.0,1706,72.8,73.04,73.0,0.2939523730468749,2025-09-26,0.03559206023271732,73.04988418847651,-0.057036048224838744,0.3064139590188291,0.31839818414828763,0.31245984141729194,0.011984225129458514,-0.15937357005147956,0.8356525255918773,0.31245984141729194,0.0034748938603169064,,0.22004652510317552,0.37391120333895045
NKE,NKE261218C00062500,Call,2026-12-18,62.5,0.8046854255009821,17.65,19.0,1.0,161,72.8,73.04,73.0,0.4348811395263672,2026-12-18,1.2621492128678986,77.67010314756064,-0.2173038537115015,0.2991141714345991,0.3549634699345795,0.3274178808303973,0.05584929849998038,0.7807349009047231,0.8756567813604479,0.3032695058726819,0.11608288367318866,0.3009771101281117,0.4333706165185889,0.37391120333895045
NKE,NKE260320C00045000,Call,2026-03-20,45.0,0.6014353338824384,28.75,30.65,1.0,82,72.8,73.04,73.0,0.6091347680664063,2026-03-20,0.5147159479808351,74.82101144525718,-0.5084362574391844,,0.623420543888697,0.48750818649123495,,0.9482974121335515,1.3038073803028278,0.48750818649123495,0.12232957042147262,0.0,,0.37391120333895045
NKE,NKE251017P00085000,Put,2025-10-17,85.0,1.1602482146116688,12.25,13.0,2.0,61,72.8,73.04,73.0,0.485356708984375,2025-10-17,0.09308692676249145,73.2601859925716,0.1486339603417296,0.4101567811513723,0.5435937220914171,0.4817249010932347,0.13343694094004482,-0.8258263814759841,1.2883403781206073,0.48172490109323446,0.02160164799817041,0.2764274390440356,0.0,0.37391120333895045
NKE,NKE260116C00105000,Call,2026-01-16,105.0,1.4155042569211806,0.47,0.52,1.0,1134,72.8,73.04,73.0,0.3952697192382813,2026-01-16,0.34223134839151265,74.1785123475236,0.34748583292748564,0.37719296071440833,0.3855503684978077,0.3814269023043668,0.008357407783399384,0.07412946679574224,1.0201002240593562,0.3822109886564883,0.04999494861388439,0.33357841318372866,,0.37391120333895045
NKE,NKE250926P00080000,Put,2025-09-26,80.0,1.0951420510618668,6.85,7.3,1.0,84,72.8,73.04,73.0,0.367193828125,2025-09-26,0.03559206023271732,73.04988418847651,0.09088408185178354,,0.41479323824047903,0.32211309416925926,,-0.9285630006688885,0.8614694914002451,0.32211309416925943,0.003692919892289732,0.23734506811231926,0.24109017383959314,0.37391120333895045
NKE,NKE271217P00095000,Put,2027-12-17,95.0,1.1636685952899382,25.7,27.5,4.0,113,72.8,73.04,73.0,0.2775645974731445,2027-12-17,2.2587268993839835,81.6383636926542,0.15157759682087918,0.41199951378963046,0.4533487278888927,0.4326488086076893,0.04134921409926223,-0.46334836004519786,1.1570897174094386,0.4233944882801985,0.4049059178165426,0.10755489673870443,0.5723802076712767,0.37391120333895045
NKE,NKE251010C00083000,Call,2025-10-10,83.0,1.1340344220921754,0.85,0.92,122.0,255,72.8,73.04,73.0,0.471684970703125,2025-10-10,0.07392197125256673,73.19001820674336,0.12578155942350736,0.4698760159732313,0.4832181822970408,0.47659090982058644,0.013342166323809468,0.18249187291952457,1.274609868772926,0.47659090982058694,0.01679055489045202,0.22444332788186094,,0.37391120333895045
NKE,NKE260417C00105000,Call,2026-04-17,105.0,1.3979803834497428,0.97,1.04,1.0,132,72.8,73.04,73.0,0.3558414025878905,2026-04-17,0.5913757700205339,75.10835004772778,0.3350286118460342,0.3319200165790518,0.3381354100536967,0.33505184541263155,0.0062153934746448924,0.12070803568546173,0.8960732987422875,0.33505184541263155,0.06638768966108843,0.21331737828559338,,0.37391120333895045
NKE,NKE260320C00095000,Call,2026-03-20,95.0,1.2696968159740367,1.62,1.8,7.0,1878,72.8,73.04,73.0,0.3637758935546875,2026-03-20,0.5147159479808351,74.82101144525718,0.23877814439103676,0.33230913149093627,0.34481120339465565,0.33861508718540095,0.01250207190371938,0.19450298317342457,0.9056029457305307,0.33735782600676045,0.058579977879220924,0.36163149387846266,,0.37391120333895045
NKE,NKE261218P00087500,Put,2026-12-18,87.5,1.126559595701375,18.5,20.05,2.0,319,72.8,73.04,73.0,0.317816880493164,2026-12-18,1.2621492128678986,77.67010314756064,0.11916838290971148,0.3886192530610749,0.4360677757252644,0.4123522107138837,0.047448522664189474,-0.5102157669004668,1.102807851253621,0.4022334418145158,0.20420531945279022,0.31390477286853796,0.2796223502607947,0.37391120333895045
NKE,NKE251010C00082000,Call,2025-10-10,82.0,1.1203713567657636,1.0,1.07,2.0,128,72.8,73.04,73.0,0.469731865234375,2025-10-10,0.07392197125256673,73.19001820674336,0.1136601988911625,0.4684706286208781,0.4808199847743542,0.4746762966493137,0.012349356153476099,0.20720340543308546,1.2694893664874216,0.47467629664931427,0.016655920159395238,0.23480535835231503,,0.37391120333895045
NKE,NKE260417C00090000,Call,2026-04-17,90.0,1.1982689000997797,2.76,2.9,2.0,35,72.8,73.04,73.0,0.358404853515625,2026-04-17,0.5913757700205339,75.10835004772778,0.18087793201877603,0.32684313130112996,0.3342669410447602,0.33056525240898105,0.007423809743630216,0.2794649686968079,0.884074211890687,0.33056525240898105,0.06462163284776477,0.3056085868420646,,0.37391120333895045
NKE,NKE260320C00047500,Call,2026-03-20,47.5,0.6348484079870184,26.05,27.55,1.0,57,72.8,73.04,73.0,0.5117236328125,2026-03-20,0.5147159479808351,74.82101144525718,-0.45436903616890856,,0.4883502115715583,0.3405574764991177,,0.9762507713630655,0.9107977334137336,0.3405574764991177,0.05969644414044096,0.08749523528375898,,0.37391120333895045
NKE,NKE261218C00150000,Call,2026-12-18,150.0,1.931245021202357,0.51,0.58,1.0,11642,72.8,73.04,73.0,0.3542545043945311,2026-12-18,1.2621492128678986,77.67010314756064,0.6581648836423984,0.3240710000404599,0.3318019485359342,0.3280083758734752,0.007730948495474288,0.05459968414160679,0.8772360200615216,0.3277233100927147,0.13555806663358225,0.4775688256206432,,0.37391120333895045
NKE,NKE260918C00057500,Call,2026-09-18,57.5,0.7495904850044113,19.0,20.25,16.0,103,72.8,73.04,73.0,0.4146787048339844,2026-09-18,1.0130047912388775,76.70855106927033,-0.28822824156910154,0.22970844084246378,0.3167174810612834,0.2769519071071066,0.08700904021881961,0.8796797719266685,0.7406889781156135,0.2769215346033434,0.07768281571804563,0.26413118085257076,0.1352133914058846,0.37391120333895045
NKE,NKE260220C00100000,Call,2026-02-20,100.0,1.3416556753465474,0.86,0.92,19.0,145,72.8,73.04,73.0,0.3615786499023437,2026-02-20,0.4380561259411362,74.53477210102373,0.29390442988057236,0.3410008118478597,0.3472272773305659,0.3441373120152054,0.006226465482706223,0.11970339591883328,0.9203717592362297,0.34437975765316775,0.051952325248461946,0.23411587565660355,,0.37391120333895045
NKE,NKE271217P00065000,Put,2027-12-17,65.0,0.796194302040484,8.5,9.25,51.0,531,72.8,73.04,73.0,0.3136665313720703,2027-12-17,2.2587268993839835,81.6383636926542,-0.2279120248840245,0.382613941408778,0.4042477926554863,0.3934399780328432,0.021633851246708302,-0.2479067098514277,1.052228375399038,0.39698328713793896,0.35596571518178155,0.10752585205267412,0.3283377434382779,0.37391120333895045
NKE,NKE251024C00080000,Call,2025-10-24,80.0,1.0909524158713861,1.67,1.76,31.0,49,72.8,73.04,73.0,0.420904228515625,2025-10-24,0.11225188227241616,73.33042104875022,0.08705109074979858,0.4102657719123469,0.421040354599916,0.41566653739196247,0.01077458268756909,0.2892959067968126,1.1116717918055021,0.41566653739196247,0.019394730958533533,0.22477879541059037,,0.37391120333895045
NKE,NKE251003C00083000,Call,2025-10-03,83.0,1.1351216288780304,0.72,0.78,16.0,389,72.8,73.04,73.0,0.5048877636718749,2025-10-03,0.05475701574264202,73.11991762683469,0.1267398071990035,0.5184885407263456,0.5325859996434837,0.5255872990041207,0.014097458917138095,0.16627099191272326,1.4056473684413138,0.5276343390486107,0.015244243435633907,0.0,0.0,0.37391120333895045
NKE,NKE251003P00065000,Put,2025-10-03,65.0,0.8889506732177346,0.75,0.8,131.0,123,72.8,73.04,73.0,0.5048877636718749,2025-10-03,0.05475701574264202,73.11991762683469,-0.11771353070195736,0.5223608791661725,0.5346391306844067,0.528532173761994,0.012278251518234251,-0.15538311915180625,1.4135232350416622,0.5279638395690528,0.015263289029021028,,1.500129238189823,0.37391120333895045
NKE,NKE260116C00110000,Call,2026-01-16,110.0,1.4829092215364748,0.34,0.38,3.0,4216,72.8,73.04,73.0,0.4062559375,2026-01-16,0.34223134839151265,74.1785123475236,0.39400584856237836,0.388882488396208,0.397313838681929,0.3931642017633909,0.008431350285721007,0.05501664351835601,1.0514908305836121,0.39236320440202177,0.05268613421239654,0.5072600919234957,,0.37391120333895045
NKE,NKE271217C00062500,Call,2027-12-17,62.5,0.7655714442696961,20.1,21.55,4.0,189,72.8,73.04,73.0,0.3933166137695312,2027-12-17,2.2587268993839835,81.6383636926542,-0.26713273803730586,0.2388129636606502,0.28745644178786345,0.26360649923320106,0.04864347812721326,0.8084956689184793,0.7049975953628803,0.26360649923320095,0.15695528764226271,0.0,0.3247556713700745,0.37391120333895045
NKE,NKE250919C00080000,Call,2025-09-19,80.0,1.0961919714577513,0.07,0.08,3010.0,25378,72.8,73.04,73.0,0.368170380859375,2025-09-19,0.01642710472279261,72.97991782736142,0.09184232962727973,0.4155116143654305,0.4264228062654958,0.4210695720800241,0.010911191900065287,0.04698515736669871,1.1261218394098895,0.421069572080024,0.0029125188424091093,0.0,,0.37391120333895045
NKE,NKE251003C00064000,Call,2025-10-03,64.0,0.8752745090143849,9.8,10.25,1.0,31,72.8,73.04,73.0,0.6005899316406251,2025-10-03,0.05475701574264202,73.11991762683469,-0.13321771723792256,0.5558803980067721,0.6655436835641052,0.6128423533722881,0.10966328555733307,0.8415032673738542,1.6390050576172401,0.5395503010621588,0.015940562758454003,0.0,0.5905310381366793,0.37391120333895045
NKE,NKE261218P00047500,Put,2026-12-18,47.5,0.6115609233807464,1.89,2.05,3.0,552,72.8,73.04,73.0,0.379889013671875,2026-12-18,1.2621492128678986,77.67010314756064,-0.49174069941326176,0.41012169407275195,0.42132069018005663,0.41576094034484584,0.011198996107304682,-0.09916518903615135,1.1119242660615296,0.41577657512107186,0.21818793690170354,,0.3713385222392305,0.37391120333895045
NKE,NKE251017C00087500,Call,2025-10-17,87.5,1.1943731621002474,0.53,0.59,12.0,4351,72.8,73.04,73.0,0.4624077197265626,2025-10-17,0.09308692676249145,73.2601859925716,0.17762149721498194,0.456131355174499,0.46980433699383445,0.4630473992703571,0.013672981819335461,0.11768806094362888,1.2383886739296355,0.46367883463162596,0.020013508822181118,0.3050873293928937,0.7309529047142883,0.37391120333895045
NKE,NKE260320P00050000,Put,2026-03-20,50.0,0.6682614820915982,0.81,0.91,1.0,9017,72.8,73.04,73.0,0.4187069848632812,2026-03-20,0.5147159479808351,74.82101144525718,-0.40307574178135813,0.4287668174694617,0.4423996858882692,0.43567066608736815,0.013632868418807509,-0.07410936145225577,1.165171469046443,0.4356706660873683,0.09769768297422068,0.6091590814513892,0.42327861750797,0.37391120333895045
NKE,NKE270115P00062500,Put,2027-01-15,62.5,0.8016069770269446,5.5,6.0,1.0,907,72.8,73.04,73.0,0.3352727606201171,2027-01-15,1.3388090349075976,77.96838324911333,-0.2211368448134863,0.3768079936747762,0.3960334509658963,0.38644400919738553,0.01922545729112013,-0.23633951559163813,1.0335181341091673,0.39031287525558495,0.20395971183750256,0.24926281374132103,0.36744185276138164,0.37391120333895045
NKE,NKE260417C00095000,Call,2026-04-17,95.0,1.2648393945497673,1.93,2.04,16.0,78,72.8,73.04,73.0,0.3549869189453124,2026-04-17,0.5913757700205339,75.10835004772778,0.2349451532890517,0.32671261060012186,0.3334767627263242,0.3301092498782118,0.00676415212620235,0.21226910878436378,0.8828546642368664,0.33010924987821183,0.0644434695159853,0.22729160877778345,,0.37391120333895045
NKE,NKE251017P00087500,Put,2025-10-17,87.5,1.1943731621002474,14.55,15.2,2.0,31,72.8,73.04,73.0,0.4858449853515625,2025-10-17,0.09308692676249145,73.2601859925716,0.17762149721498194,0.4175076296828336,0.5559578880565341,0.4936906285656025,0.1384502583737005,-0.8651841460793372,1.3203418997800715,0.4936906285656025,0.02268811731400134,0.3050873293928937,0.7309529047142883,0.37391120333895045
NKE,NKE260918P00090000,Put,2026-09-18,90.0,1.1732720634851654,19.5,20.75,5.0,137,72.8,73.04,73.0,0.3086006640625,2026-09-18,1.0130047912388775,76.70855106927033,0.15979648095785876,0.3851486875532793,0.4285914327424006,0.4069342687785665,0.04344274518912128,-0.573530241650698,1.0883179352336245,0.4069342687785666,0.16774903400232244,0.2700514929592907,0.0,0.37391120333895045
NKE,NKE251003C00090000,Call,2025-10-03,90.0,1.2308547783014787,0.28,0.3,9.0,249,72.8,73.04,73.0,0.551762294921875,2025-10-03,0.05475701574264202,73.11991762683469,0.20770886973267064,0.5714513238611629,0.5801603358904116,0.5758448795112647,0.008709012029248675,0.07023053067668877,1.5400578382489958,0.5758208058485452,0.018155761831516386,,,0.37391120333895045
NKE,NKE251003P00064000,Put,2025-10-03,64.0,0.8752745090143849,0.6,0.64,6.0,179,72.8,73.04,73.0,0.5034229345703125,2025-10-03,0.05475701574264202,73.11991762683469,-0.13321771723792256,0.5271600654311529,0.5382993256105106,0.5327628317375892,0.011139260179357735,-0.12904508964750394,1.4248378411241125,0.5342632253799157,0.015629688925029462,0.0,0.5905310381366793,0.37391120333895045
NKE,NKE260918P00085000,Put,2026-09-18,85.0,1.1080902821804341,15.9,16.75,4.0,66,72.8,73.04,73.0,0.3029854858398437,2026-09-18,1.0130047912388775,76.70855106927033,0.10263806711791026,0.3762621042186403,0.4053543778217728,0.390816227403532,0.02909227360313249,-0.5256180172902598,1.0452113333690543,0.3908162274035319,0.15472364060975713,0.2854200532658463,0.49213982191352684,0.37391120333895045
NKE,NKE270115P00087500,Put,2027-01-15,87.5,1.1222497678377223,18.8,19.95,2.0,121,72.8,73.04,73.0,0.3054879022216796,2027-01-15,1.3388090349075976,77.96838324911333,0.11533539180772653,0.39266463724944595,0.42683264296331735,0.4097497398178512,0.03416800571387141,-0.5024787667228985,1.095847720418297,0.40877990897261757,0.22371634725819162,0.3599796745084649,0.0,0.37391120333895045
NKE,NKE261218C00115000,Call,2026-12-18,115.0,1.480621182921807,1.8,1.95,18.0,656,72.8,73.04,73.0,0.3375310388183594,2026-12-18,1.2621492128678986,77.67010314756064,0.3924617179093927,0.3006619242991621,0.30805786274049973,0.3043888307955034,0.007395938441337624,0.16436465812377266,0.8140671583985007,0.3050669712179334,0.11746299806665696,0.3084469737952043,,0.37391120333895045
NKE,NKE251121C00087500,Call,2025-11-21,87.5,1.1886643221008402,0.92,0.97,20.0,75,72.8,73.04,73.0,0.3823303955078124,2025-11-21,0.188911704312115,73.61203526774732,0.1728302583375007,0.3699798208183633,0.3763997057855676,0.3732053455723413,0.0064198849672043035,0.1624672625520016,0.9981122315664629,0.37392348784582785,0.026413403035270195,0.3007941889556898,,0.37391120333895045
NKE,NKE251010P00067000,Put,2025-10-10,67.0,0.9154253768695874,1.3,1.36,20.0,40,72.8,73.04,73.0,0.4567925415039063,2025-10-10,0.07392197125256673,73.19001820674336,-0.08836642898212453,0.4715545678386639,0.48158024681488193,0.47657955963213244,0.010025678976218033,-0.22760500327403665,1.2745795134683706,0.4765795596321319,0.01678975515344896,,0.25479635371716614,0.37391120333895045
NKE,NKE251219P00060000,Put,2025-12-19,60.0,0.8119658763476093,1.28,1.42,32.0,5481,72.8,73.04,73.0,0.4158993957519531,2025-12-19,0.2655715263518138,73.89473098289848,-0.20829696390595223,0.42146377421631365,0.4376991802313733,0.42964844498327226,0.016235406015059628,-0.14652209376216319,1.1490654496217274,0.424629047084212,0.04788515613930638,0.371446297292131,0.5657338888708049,0.37391120333895045
NKE,NKE251219P00052500,Put,2025-12-19,52.5,0.7104701418041581,0.49,0.53,165.0,672,72.8,73.04,73.0,0.4516656396484375,2025-12-19,0.2655715263518138,73.89473098289848,-0.3418283565304749,0.46127707453081446,0.47007053332517473,0.4657156138864006,0.008793458794360276,-0.061259787675477906,1.245524631858194,0.4651882905274245,0.05746971698138608,0.0,0.0,0.37391120333895045
NKE,NKE251219C00100000,Call,2025-12-19,100.0,1.3532764605793488,0.5,0.55,161.0,2738,72.8,73.04,73.0,0.4074766284179688,2025-12-19,0.2655715263518138,73.89473098289848,0.3025286598600384,0.39144552825089896,0.40010442538758606,0.3958268220545325,0.008658897136687105,0.08362281344868544,1.058611826871942,0.39446867820443743,0.04132440025785772,0.41884743186683693,0.0,0.37391120333895045
NKE,NKE251219C00087500,Call,2025-12-19,87.5,1.1841169030069303,1.52,1.67,44.0,2503,72.8,73.04,73.0,0.3918517846679687,2025-12-19,0.2655715263518138,73.89473098289848,0.16899726723551586,0.36691682805188064,0.38049419934142115,0.37375242935348024,0.013577371289540507,0.21736872640620175,0.9995753698095902,0.3712240362849598,0.03659769105057528,0.3850257356900419,0.1229720980013047,0.37391120333895045
NKE,NKE271217C00100000,Call,2027-12-17,100.0,1.224914310831514,6.65,7.25,17.0,1348,72.8,73.04,73.0,0.3442448388671875,2027-12-17,2.2587268993839835,81.6383636926542,0.20287089120842977,0.27571072792926227,0.289924735243185,0.28283405151693247,0.01421400731392275,0.39561075923420275,0.7564203719794494,0.2862594672760595,0.18509020711640806,0.13042543848217816,0.3852243850215587,0.37391120333895045
NKE,NKE271217P00062500,Put,2027-12-17,62.5,0.7655714442696961,7.55,8.25,57.0,1649,72.8,73.04,73.0,0.3189765368652343,2027-12-17,2.2587268993839835,81.6383636926542,-0.26713273803730586,0.383822502949821,0.4049879982704315,0.39442163357850835,0.021165495320610517,-0.22752142295723254,1.0548537461739684,0.3968754025982277,0.355772266337281,0.0,0.3247556713700745,0.37391120333895045
NKE,NKE260320P00052500,Put,2026-03-20,52.5,0.7016745561961781,1.06,1.15,2.0,954,72.8,73.04,73.0,0.403326279296875,2026-03-20,0.5147159479808351,74.82101144525718,-0.3542855776119261,0.41805673720935893,0.4283446895806515,0.423242557519406,0.010287952371292597,-0.09365449352152422,1.131933340696766,0.4283398082990788,0.0944375041156852,0.5259477286490019,0.5772192336865437,0.37391120333895045
NKE,NKE260618C00100000,Call,2026-06-18,100.0,1.320157582607859,1.77,1.93,20.0,1486,72.8,73.04,73.0,0.3425358715820312,2026-06-18,0.7611225188227242,75.74853283988908,0.27775111023649285,0.30927423584673,0.3185380668799774,0.3139406630630092,0.009263831033247405,0.1902010102322419,0.8396128820414671,0.3133013553081695,0.07471006573072189,0.235608572544621,,0.37391120333895045
NKE,NKE251010P00064000,Put,2025-10-10,64.0,0.8744361808903521,0.72,0.76,24.0,99,72.8,73.04,73.0,0.4692435888671875,2025-10-10,0.07392197125256673,73.19001820674336,-0.1341759650134187,0.4842110844958975,0.4932358691223394,0.4887446257358061,0.009024784626441906,-0.14092493875727163,1.307114152695658,0.4887446257358061,0.01765783805068336,,0.26240642513418677,0.37391120333895045
NKE,NKE271217C00070000,Call,2027-12-17,70.0,0.8574400175820597,16.15,17.55,19.0,1233,72.8,73.04,73.0,0.3776917700195312,2027-12-17,2.2587268993839835,81.6383636926542,-0.15380405273030268,0.25105014823218325,0.28899339595348594,0.27009049765391036,0.0379432477213027,0.719670209905096,0.7223386067121219,0.2807408560323856,0.17802252786524908,0.04247685748191712,0.0,0.37391120333895045
NKE,NKE271217P00040000,Put,2027-12-17,40.0,0.48996572433260555,2.02,2.22,755.0,3245,72.8,73.04,73.0,0.3773255627441406,2027-12-17,2.2587268993839835,81.6383636926542,-0.7134198406657254,0.4203491934588078,0.43312315080046027,0.4267903999764605,0.012773957341652487,-0.07593557860156142,1.1414218032658814,0.42801538576922377,0.41379237679814207,,0.49471450897179825,0.37391120333895045
NKE,NKE260320C00110000,Call,2026-03-20,110.0,1.4701752606015162,0.59,0.63,1.0,275,72.8,73.04,73.0,0.3684145190429688,2026-03-20,0.5147159479808351,74.82101144525718,0.3853816185829121,0.3490431743978991,0.35416151132943197,0.3516239311889616,0.005118336931532852,0.0805273439953163,0.9403942113770113,0.3531131001555833,0.06417934555038893,0.3655653143374848,,0.37391120333895045
NKE,NKE251010P00068000,Put,2025-10-10,68.0,0.9290884421959991,1.57,1.65,33.0,72,72.8,73.04,73.0,0.4563042651367188,2025-10-10,0.07392197125256673,73.19001820674336,-0.07355134319698393,0.46933104359393873,0.4816938501529737,0.47552528429427543,0.012362806559034989,-0.26319156436321856,1.2717599260143373,0.47552528429427543,0.016715553708651854,,0.2921722160361394,0.37391120333895045
NKE,NKE261218P00052500,Put,2026-12-18,52.5,0.6759357574208249,2.78,2.95,2.0,170,72.8,73.04,73.0,0.3619448571777344,2026-12-18,1.2621492128678986,77.67010314756064,-0.39165724085627934,0.3985205741524898,0.4079535618462042,0.4032562710545025,0.009432987693714368,-0.13762999843760004,1.0784813812838627,0.4040396717786431,0.20604340585086395,0.09215738278146582,0.4622054225690526,0.37391120333895045
NKE,NKE261218C00120000,Call,2026-12-18,120.0,1.5449960169618855,1.48,1.6,4.0,867,72.8,73.04,73.0,0.3388737988281249,2026-12-18,1.2621492128678986,77.67010314756064,0.43502133232818857,0.30427878403081615,0.31090149592945143,0.3076178531720144,0.006622711898635281,0.13874727210842497,0.8227029584164636,0.3078644464453315,0.11962715541280403,0.3331320438130406,,0.37391120333895045
NKE,NKE251017C00090000,Call,2025-10-17,90.0,1.2284981095888259,0.39,0.43,56.0,5143,72.8,73.04,73.0,0.4726615234375,2025-10-17,0.09308692676249145,73.2601859925716,0.20579237418167828,0.4693020275514612,0.4804807825878213,0.47495757811754813,0.011178755036360066,0.08888043351120195,1.2702416345813505,0.4743909542965309,0.02094891289698752,0.30022046758760046,1.0904872077038694,0.37391120333895045
NKE,NKE271217P00077500,Put,2027-12-17,77.5,0.9493085908944233,14.4,15.35,1.0,276,72.8,73.04,73.0,0.289771506652832,2027-12-17,2.2587268993839835,81.6383636926542,-0.05202135842036025,0.3851180789064732,0.4085225334576044,0.39680627775712063,0.023404454551131215,-0.34996595351452897,1.0612313143166663,0.40111812194398383,0.3634195534436459,0.08021100655370268,0.0,0.37391120333895045
NKE,NKE260417C00100000,Call,2026-04-17,100.0,1.3314098889997552,1.36,1.45,16.0,282,72.8,73.04,73.0,0.3546207116699218,2026-04-17,0.5913757700205339,75.10835004772778,0.2862384476766023,0.3286139767807815,0.3352063348579142,0.33193047251338964,0.006592358077132654,0.16017436171143717,0.887725399905963,0.33193047251338964,0.06515650413119731,0.23647720313966583,0.0,0.37391120333895045
NKE,NKE260918C00062500,Call,2026-09-18,62.5,0.8147722663091428,15.9,16.75,1.0,98,72.8,73.04,73.0,0.3950255810546875,2026-09-18,1.0130047912388775,76.70855106927033,-0.20484663263005035,0.27378208421948064,0.3151154506485941,0.29478042287881956,0.04133336642911345,0.7992044868733892,0.7883701270421715,0.2947360173979945,0.08799903732266513,0.23355139549878737,0.3417057541763456,0.37391120333895045
NKE,NKE250919C00073000,Call,2025-09-19,73.0,1.000275173955198,1.22,1.29,2724.0,141,72.8,73.04,73.0,0.2993234130859374,2025-09-19,0.01642710472279261,72.97991782736142,0.0002751361017892618,0.3298700376223052,0.34864644171067116,0.3392581834716658,0.01877640408836595,0.5061488533756369,0.9073228628673324,0.3392581834716658,0.0018906959351539133,0.0,0.0,0.37391120333895045
NKE,NKE251010P00069000,Put,2025-10-10,69.0,0.9427515075224109,1.88,1.97,23.0,69,72.8,73.04,73.0,0.4543511596679687,2025-10-10,0.07392197125256673,73.19001820674336,-0.05895254377583119,0.46739148218561316,0.4804311287468936,0.4739205090034081,0.013039646561280427,-0.3008538365441529,1.2674680639986047,0.4739205090034082,0.016602922707896883,,0.3266893947538635,0.37391120333895045
NKE,NKE260116P00052500,Put,2026-01-16,52.5,0.7077521284605903,0.63,0.68,50.0,1040,72.8,73.04,73.0,0.424810439453125,2026-01-16,0.34223134839151265,74.1785123475236,-0.3456613476324597,0.4361478070055557,0.44480693277178207,0.4405153020390735,0.00865912576622635,-0.07075863345666611,1.1781281173320353,0.4405004787717586,0.06640680075227533,0.0,0.3980710071932746,0.37391120333895045
NKE,NKE271217C00095000,Call,2027-12-17,95.0,1.1636685952899382,8.1,8.6,6.0,235,72.8,73.04,73.0,0.3516300189208984,2027-12-17,2.2587268993839835,81.6383636926542,0.15157759682087918,0.282113520196469,0.2936531746089349,0.2878877407759251,0.011539654412465905,0.4467020727531518,0.7699361190709092,0.28670680919355923,0.18566914554773545,0.10755489673870443,0.5723802076712767,0.37391120333895045
NKE,NKE270115P00040000,Put,2027-01-15,40.0,0.5130284652972446,1.15,1.25,3.0,2060,72.8,73.04,73.0,0.4113828393554687,2027-01-15,1.3388090349075976,77.96838324911333,-0.6674239474419058,0.4393479192856867,0.4493053119533396,0.4443717774331611,0.009957392667652887,-0.05995539819415885,1.1884419976320906,0.4448552105130238,0.26494516473310586,,0.6147682555146705,0.37391120333895045
NKE,NKE260918C00060000,Call,2026-09-18,60.0,0.782181375656777,17.35,18.4,7.0,238,72.8,73.04,73.0,0.4019835192871094,2026-09-18,1.0130047912388775,76.70855106927033,-0.24566862715030552,0.25371739983627967,0.31325075522927065,0.2846155865966104,0.05953335539299098,0.8415457708894741,0.7611849659893887,0.2854852080208389,0.08256171794529668,0.23779840089730525,0.0,0.37391120333895045
NKE,NKE270115P00082500,Put,2027-01-15,82.5,1.0581212096755668,15.5,16.35,2.0,145,72.8,73.04,73.0,0.3065865240478516,2027-01-15,1.3388090349075976,77.96838324911333,0.05649489178479308,0.3864969649174959,0.411899256161209,0.39919035933762603,0.02540229124371307,-0.4567467076044661,1.0676073778291153,0.3967414175683623,0.21073356586042744,0.2977400249905147,0.33752398959464486,0.37391120333895045
NKE,NKE261218C00130000,Call,2026-12-18,130.0,1.6737456850420427,1.0,1.08,2.0,1392,72.8,73.04,73.0,0.3413151806640625,2026-12-18,1.2621492128678986,77.67010314756064,0.515064040001725,0.3100603714175211,0.31568272506208755,0.31289827337736303,0.00562235364456648,0.09861977627822377,0.8368250819532701,0.31446010727422635,0.12480782568062743,0.3580608475044644,,0.37391120333895045
NKE,NKE251010P00066000,Put,2025-10-10,66.0,0.9017623115431755,1.08,1.13,23.0,72,72.8,73.04,73.0,0.460942890625,2025-10-10,0.07392197125256673,73.19001820674336,-0.10340430634666511,0.47639896648541985,0.4855190828736217,0.4809724501462611,0.009120116388201871,-0.1959654027576876,1.2863279994054087,0.48097245014626117,0.017100702096076215,,0.2787921332644102,0.37391120333895045
NKE,NKE260220C00095000,Call,2026-02-20,95.0,1.27457289157922,1.26,1.34,11.0,355,72.8,73.04,73.0,0.3575503698730469,2026-02-20,0.4380561259411362,74.53477210102373,0.24261113549302185,0.33484426590069133,0.34150849372558434,0.33819546133658035,0.00666422782489301,0.16553684174939914,0.9044806850304675,0.339250884557765,0.050416388850694466,0.2786173018706158,,0.37391120333895045
NKE,NKE250926P00075000,Put,2025-09-26,75.0,1.0266956728705001,2.76,2.92,10.0,218,72.8,73.04,73.0,0.2910227148437499,2025-09-26,0.03559206023271732,73.04988418847651,0.026345560714212363,0.28811231813329985,0.32010506495144464,0.30419726392260926,0.03199274681814479,-0.666537384116603,0.8135548258682543,0.3041972639226092,0.0032935460093470787,0.21514155825330086,0.22366266400101326,0.37391120333895045
NKE,NKE271217C00050000,Call,2027-12-17,50.0,0.612457155415757,27.6,29.5,8.0,600,72.8,73.04,73.0,0.4271297521972657,2027-12-17,2.2587268993839835,81.6383636926542,-0.4902762893515155,,0.26879427266484235,0.19085003986203725,,0.9680379510473887,0.5104154092142346,0.19413694978290952,0.0851295088256943,0.0,0.4205945293149182,0.37391120333895045
NKE,NKE250926P00078000,Put,2025-09-26,78.0,1.06776349978532,5.15,5.4,24.0,95,72.8,73.04,73.0,0.3222724023437499,2025-09-26,0.03559206023271732,73.04988418847651,0.06556627386749357,0.2813887991959438,0.3610177013274802,0.3240850386972664,0.0796289021315364,-0.85124780035382,0.8667433224874072,0.3240850386972663,0.003738273675554584,0.24933535752305233,0.30406916858338506,0.37391120333895045
NKE,NKE260320C00040000,Call,2026-03-20,40.0,0.5346091856732785,33.6,35.2,4.0,88,72.8,73.04,73.0,0.6823762231445314,2026-03-20,0.5147159479808351,74.82101144525718,-0.6262192930955679,,0.6895034888428776,0.5420221771874267,,0.9644472460067183,1.449601328730671,0.5420221771874267,0.15121738980381566,0.0,,0.37391120333895045
NKE,NKE271217C00105000,Call,2027-12-17,105.0,1.2861600263730897,5.9,6.3,8.0,589,72.8,73.04,73.0,0.3430241479492187,2027-12-17,2.2587268993839835,81.6383636926542,0.2516610553778618,0.28199390340757063,0.29178459489461817,0.2869015397584689,0.009790691487047531,0.3564159928729147,0.7672985917418278,0.2862168619346787,0.18503511552630067,0.12792299401413956,0.0,0.37391120333895045
NKE,NKE271217P00057500,Put,2027-12-17,57.5,0.7043257287281205,6.05,6.5,2.0,1073,72.8,73.04,73.0,0.3313665496826171,2027-12-17,2.2587268993839835,81.6383636926542,-0.35051434697635686,0.39402242531275944,0.40921633876903185,0.40163707452328534,0.015193913456272412,-0.18875437715563192,1.0741509506448284,0.40050009654072066,0.3623005340082941,0.043256227512419684,0.5668315560812565,0.37391120333895045
NKE,NKE261218C00135000,Call,2026-12-18,135.0,1.7381205190821214,0.84,0.91,1.0,2524,72.8,73.04,73.0,0.3440007006835937,2026-12-18,1.2621492128678986,77.67010314756064,0.5528043679845722,0.31385072848275647,0.3193728682783307,0.316640492501564,0.005522139795574255,0.08439075207832308,0.8468333916556372,0.3179084759961669,0.12756011879481094,0.3753183854403564,,0.37391120333895045
NKE,NKE270115P00047500,Put,2027-01-15,47.5,0.6092213025404779,2.08,2.21,5.0,377,72.8,73.04,73.0,0.3786683227539062,2027-01-15,1.3388090349075976,77.96838324911333,-0.4955736905152466,0.4135138147358322,0.42213011437296005,0.4178440056343578,0.008616299637127844,-0.1026200421412693,1.11749528204316,0.41826004338510314,0.23421321243925147,0.0,0.4747494523443214,0.37391120333895045
NKE,NKE250926C00076000,Call,2025-09-26,76.0,1.0403849485087735,0.66,0.71,848.0,1454,72.8,73.04,73.0,0.3042061767578125,2025-09-26,0.03559206023271732,73.04988418847651,0.03959078746423304,0.3131423938388069,0.3242422162293363,0.3187132192405985,0.011099822390529424,0.26487818316266687,0.8523767578894527,0.3187132192405985,0.0036153744272229304,0.22579666467787962,0.22396362065753112,0.37391120333895045
NKE,NKE271217P00082500,Put,2027-12-17,82.5,1.010554306435999,17.55,18.2,1.0,37,72.8,73.04,73.0,0.2789073574829102,2027-12-17,2.2587268993839835,81.6383636926542,0.010498998560973695,0.3962680886468435,0.41175720929504905,0.4040058295619872,0.015489120648205568,-0.3873241431225213,1.08048602436701,0.40407585281476793,0.36879881788661234,0.12813665811223074,1.1976274923425887,0.37391120333895045
NKE,NKE251003P00066000,Put,2025-10-03,66.0,0.9026268374210844,0.92,0.97,49.0,199,72.8,73.04,73.0,0.4968312036132813,2025-10-03,0.05475701574264202,73.11991762683469,-0.10244605857116885,0.5156713487494272,0.5266939303515596,0.5212030937266421,0.01102258160213243,-0.18380472973534334,1.3939221105770707,0.5226598319297454,0.014958154683796288,,0.0,0.37391120333895045
NKE,NKE260320C00105000,Call,2026-03-20,105.0,1.4033491123923563,0.81,0.86,2.0,409,72.8,73.04,73.0,0.3631655480957031,2026-03-20,0.5147159479808351,74.82101144525718,0.3388616029480192,0.3424329632210432,0.34763414211232213,0.34505176718766345,0.0052011788912789125,0.10655326855359937,0.9228174071983452,0.34699024926015354,0.061972949539617295,0.380551971572591,,0.37391120333895045
NKE,NKE251017P00060000,Put,2025-10-17,60.0,0.8189987397258839,0.37,0.4,105.0,2520,72.8,73.04,73.0,0.4648491015625,2025-10-17,0.09308692676249145,73.2601859925716,-0.19967273392648616,0.4757986995991564,0.48526610941328563,0.48057552191822933,0.009467409814129246,-0.07562781918040928,1.2852664419434037,0.48057552191822994,0.021498689382826255,,0.4243474005262948,0.37391120333895045
NKE,NKE261218P00062500,Put,2026-12-18,62.5,0.8046854255009821,5.5,5.8,1.0,216,72.8,73.04,73.0,0.3379582806396484,2026-12-18,1.2621492128678986,77.67010314756064,-0.2173038537115015,0.3846356628012596,0.39648571162163715,0.39056954940149835,0.011850048820377546,-0.23741848381802488,1.0445516098843584,0.3892831424082116,0.19126781450524494,0.3009771101281117,0.4333706165185889,0.37391120333895045
NKE,NKE260220P00060000,Put,2026-02-20,60.0,0.8049934052079285,1.83,1.93,1.0,222,72.8,73.04,73.0,0.3670717590332031,2026-02-20,0.4380561259411362,74.53477210102373,-0.21692119388541822,0.38581982023831296,0.39412956784612585,0.3899899594216199,0.00830974760781289,-0.16615925265527953,1.0430015360307192,0.3899899594216199,0.0666249060970521,0.4879307373481728,0.3012482833279751,0.37391120333895045
NKE,NKE270115P00045000,Put,2027-01-15,45.0,0.5771570234594001,1.7,1.84,1.0,3156,72.8,73.04,73.0,0.3889221264648437,2027-01-15,1.3388090349075976,77.96838324911333,-0.5496409117855223,0.41974631426820247,0.4302848273475245,0.4250543982958918,0.01053851307932202,-0.08636565522681594,1.1367789852249495,0.4258764690917649,0.24282082142874126,,0.4743788268198856,0.37391120333895045
NKE,NKE251010P00073000,Put,2025-10-10,73.0,0.9974037688280578,3.5,3.65,51.0,72,72.8,73.04,73.0,0.4450739086914062,2025-10-10,0.07392197125256673,73.19001820674336,-0.0025996072246995162,0.4552603368136214,0.47429175672066703,0.46477569913516276,0.019031419907045655,-0.46662559722809815,1.2430108939898323,0.46477569913516276,0.01596836184442886,,0.2287630527896358,0.37391120333895045
NKE,NKE250926C00071000,Call,2025-09-26,71.0,0.9719385703174068,2.93,3.05,27.0,60,72.8,73.04,73.0,0.3234930932617186,2025-09-26,0.03559206023271732,73.04988418847651,-0.028462675780782612,0.3172464140988668,0.3418899543229862,0.32961628822485234,0.02464354022411941,0.6875092616214655,0.8815362719315346,0.32961628822485234,0.0038669669186055474,0.211088762613624,0.21624530512263287,0.37391120333895045
NKE,NKE271217P00067500,Put,2027-12-17,67.5,0.8268171598112719,9.9,10.45,1.0,258,72.8,73.04,73.0,0.3117134259033203,2027-12-17,2.2587268993839835,81.6383636926542,-0.19017169690117744,0.3923284259505519,0.4075454401976888,0.3999376436211279,0.015217014247136895,-0.2686425482944298,1.069605938655399,0.39801380870657144,0.3578162035179104,,0.4675629519011572,0.37391120333895045
NKE,NKE260116P00050000,Put,2026-01-16,50.0,0.6740496461529432,0.46,0.5,89.0,6000,72.8,73.04,73.0,0.43945873046875,2026-01-16,0.34223134839151265,74.1785123475236,-0.3944515118018917,0.44984418460711634,0.45853801657370513,0.45423657159762,0.008693831966588794,-0.05291024550887713,1.214824716513922,0.453777214198532,0.07047014378021231,0.0,0.4110429373106893,0.37391120333895045
NKE,NKE271217C00085000,Call,2027-12-17,85.0,1.0411771642067869,11.05,11.6,1.0,159,72.8,73.04,73.0,0.3618227880859375,2027-12-17,2.2587268993839835,81.6383636926542,0.04035196171065488,0.2821388003477623,0.2948153061386807,0.2884743846482887,0.012676505790918391,0.5492242169183954,0.7715050580786869,0.28831215623453976,0.1877541876301245,0.1127242532339084,0.32919001145598936,0.37391120333895045
NKE,NKE251017P00062500,Put,2025-10-17,62.5,0.8531236872144624,0.61,0.66,53.0,3767,72.8,73.04,73.0,0.45117736328125,2025-10-17,0.09308692676249145,73.2601859925716,-0.15885073940623098,0.460500509130249,0.4719085645193257,0.46624787956419456,0.011408055389076743,-0.11745519480762179,1.2469481400950186,0.46624787956419456,0.02023589567894774,0.2764069244513674,0.30966204373673634,0.37391120333895045
NKE,NKE251121C00090000,Call,2025-11-21,90.0,1.2226261598751498,0.69,0.74,22.0,1539,72.8,73.04,73.0,0.3879455737304687,2025-11-21,0.188911704312115,73.61203526774732,0.20100113530419694,0.3754756376892959,0.38302324709671864,0.37927723204186287,0.007547609407422717,0.12779414753195134,1.0143510776221596,0.3793236773278076,0.02718183490902904,0.27473808615756107,0.3493015594261486,0.37391120333895045
NKE,NKE270115P00090000,Put,2027-01-15,90.0,1.1543140469188002,20.55,21.85,6.0,632,72.8,73.04,73.0,0.3049996258544921,2027-01-15,1.3388090349075976,77.96838324911333,0.14350626877442296,0.39634290945769546,0.43503350758731285,0.41570233060679834,0.03869059812961739,-0.5230675080534319,1.1117675183162785,0.41275749188358724,0.22809121789144005,0.3250339100286095,0.924610489932511,0.37391120333895045
NKE,NKE271217C00047500,Call,2027-12-17,47.5,0.5818342976449691,30.05,31.2,6.0,57,72.8,73.04,73.0,0.4326838958740234,2027-12-17,2.2587268993839835,81.6383636926542,-0.5415695837390662,,0.25145952659056553,0.18136406029735513,,0.983129963213437,0.48504580413159926,0.17966375299531742,0.07290959046077757,0.0,0.44774099609262635,0.37391120333895045
NKE,NKE260918C00075000,Call,2026-09-18,75.0,0.9777267195709712,9.65,10.15,25.0,243,72.8,73.04,73.0,0.3753114227294921,2026-09-18,1.0130047912388775,76.70855106927033,-0.022525075836095827,0.3056382992638764,0.3231705366261812,0.3144019783390305,0.017532237362304803,0.5907220306879454,0.8408466382699562,0.30825288659378064,0.09625555530337394,0.2835314925032488,0.509818397624914,0.37391120333895045
NKE,NKE250926C00070000,Call,2025-09-26,70.0,0.9582492946791334,3.65,3.8,15.0,80,72.8,73.04,73.0,0.335944140625,2025-09-26,0.03559206023271732,73.04988418847651,-0.04264731077273909,0.3191983050574279,0.35421227089199614,0.3369103286708895,0.03501396583456823,0.7588932515255096,0.901043685405383,0.3369103286708895,0.004040003844891576,0.20021753309102167,0.23036255622430626,0.37391120333895045
NKE,NKE271217C00060000,Call,2027-12-17,60.0,0.7349485864989084,21.7,23.1,7.0,929,72.8,73.04,73.0,0.4016173120117187,2027-12-17,2.2587268993839835,81.6383636926542,-0.3079547325575609,0.23739516608989636,0.2890907651622669,0.26396601372854933,0.051695599072370535,0.8351250380330357,0.7059590923496993,0.24931941828147186,0.14040285331711022,0.035409760541068744,0.3151831410427409,0.37391120333895045
NKE,NKE271217C00110000,Call,2027-12-17,110.0,1.3474057419146652,5.05,5.4,16.0,1524,72.8,73.04,73.0,0.3400029379272461,2027-12-17,2.2587268993839835,81.6383636926542,0.2981810710127546,0.2825017387230366,0.29146646675201954,0.28699920780532573,0.00896472802898296,0.31716718934497096,0.7675597982688981,0.2867464023504403,0.18572042954212045,0.1506432386025773,,0.37391120333895045
NKE,NKE251219C00092500,Call,2025-12-19,92.5,1.2517807260358977,0.93,0.99,3.0,935,72.8,73.04,73.0,0.38867798828125,2025-12-19,0.2655715263518138,73.89473098289848,0.22456711839032664,0.372321239431884,0.37936016261566263,0.3758626983560647,0.007038923183778634,0.14399685543079932,1.0052191402656239,0.37695216302535817,0.03773583715625224,0.32699929247731013,0.07894928888906617,0.37391120333895045
NKE,NKE260918C00095000,Call,2026-09-18,95.0,1.238453844789897,3.4,3.55,8.0,112,72.8,73.04,73.0,0.3376531079101562,2026-09-18,1.0130047912388775,76.70855106927033,0.2138637022281346,0.2988093117555018,0.3047762699345535,0.3017997617064471,0.005966958179051685,0.2904102694417013,0.8071428697814804,0.3024597931724635,0.09267162984200927,0.2978232650883069,,0.37391120333895045
NKE,NKE271217P00050000,Put,2027-12-17,50.0,0.612457155415757,3.95,4.25,2.0,3022,72.8,73.04,73.0,0.3474796697998046,2027-12-17,2.2587268993839835,81.6383636926542,-0.4902762893515155,0.4018674097899539,0.41451608532722545,0.40821843332100255,0.012648675537271559,-0.1343881221070733,1.0917523456791227,0.40879175986106847,0.3774574398836559,0.0,0.4205945293149182,0.37391120333895045
NKE,NKE260116P00097500,Put,2026-01-16,97.5,1.314396809998239,24.5,25.9,15.0,448,72.8,73.04,73.0,0.43555251953125,2026-01-16,0.34223134839151265,74.1785123475236,0.27337786077376364,0.4392630448945898,0.5527639282870164,0.4988350828570848,0.11350088339242659,-0.7854954607633696,1.3341003917576946,0.4988350828570848,0.0851596303521679,0.26002283668261456,0.0,0.37391120333895045
NKE,NKE270115P00052500,Put,2027-01-15,52.5,0.6733498607026335,3.0,3.15,2.0,213,72.8,73.04,73.0,0.36133451171875,2027-01-15,1.3388090349075976,77.96838324911333,-0.39549023195826405,0.4014634324293524,0.40942762434856306,0.4054583509206876,0.007964191919210661,-0.14061133866504116,1.0843706936300053,0.4064309867743714,0.22115270605908377,0.0,0.4573551063392606,0.37391120333895045
NKE,NKE271217P00052500,Put,2027-12-17,52.5,0.6430800131865448,4.6,4.9,9.0,1056,72.8,73.04,73.0,0.3407658697509765,2027-12-17,2.2587268993839835,81.6383636926542,-0.44148612518208347,0.3993844292131505,0.41104111848883473,0.4052309186510334,0.011656689275684251,-0.15164127829669616,1.083762441543351,0.4057404539113616,0.3718436294337115,,0.44876124902481773,0.37391120333895045
NKE,NKE261218P00050000,Put,2026-12-18,50.0,0.6437483404007857,2.3,2.47,30.0,2895,72.8,73.04,73.0,0.3707338317871094,2026-12-18,1.2621492128678986,77.67010314756064,-0.4404474050257113,0.4038510918360328,0.41438707801479485,0.4091484398145101,0.010535986178762058,-0.1174101311249156,1.0942395845882615,0.40964934269741693,0.2118045207701253,0.0,0.5141244522448851,0.37391120333895045
NKE,NKE251003C00074000,Call,2025-10-03,74.0,1.0120361510478826,3.05,3.2,40.0,224,72.8,73.04,73.0,0.5007374145507812,2025-10-03,0.05475701574264202,73.11991762683469,0.011964292606575418,0.5071733426960826,0.5292244241750916,0.5181995946472946,0.022051081479009027,0.4848292246428429,1.3858894572290918,0.5186524599972323,0.014729657728196066,0.0,0.0,0.37391120333895045
NKE,NKE261218P00090000,Put,2026-12-18,90.0,1.1587470127214141,20.25,21.5,2.0,861,72.8,73.04,73.0,0.302314105834961,2026-12-18,1.2621492128678986,77.67010314756064,0.14733925987640767,0.39193729808334055,0.43033785037682853,0.4111593766766396,0.03840055229348799,-0.5350667968555629,1.0996176980124441,0.411842855451511,0.21407885510569574,0.3022905166617394,0.0,0.37391120333895045
NKE,NKE261218P00075000,Put,2026-12-18,75.0,0.9656225106011785,10.85,11.6,2.0,1977,72.8,73.04,73.0,0.3198310205078124,2026-12-18,1.2621492128678986,77.67010314756064,-0.03498229691754685,0.37839077409655864,0.4023887097410322,0.39038204867271825,0.023997935644473556,-0.38245038756690786,1.044050151979097,0.3858659106349818,0.18792455292666801,0.29774785153485284,0.4938384267877168,0.37391120333895045
NKE,NKE260618P00052500,Put,2026-06-18,52.5,0.6930827308691261,1.57,1.67,1.0,1188,72.8,73.04,73.0,0.3752503881835937,2026-06-18,0.7611225188227242,75.74853283988908,-0.3666059061540204,0.39866606436635804,0.4069486532306674,0.40282986989909514,0.008282588864309381,-0.11144523426720465,1.0773410004886372,0.4029733194110526,0.12359678010045473,0.0,0.33728882896757933,0.37391120333895045
NKE,NKE251003C00081000,Call,2025-10-03,81.0,1.107769300471331,1.01,1.06,11.0,256,72.8,73.04,73.0,0.5034229345703125,2025-10-03,0.05475701574264202,73.11991762683469,0.10234835407484442,0.5135280388468467,0.5235070233562957,0.5185345243975863,0.009978984509449007,0.21686422948821277,1.3867852039927642,0.5187296346682342,0.014734041554170551,0.0,,0.37391120333895045
NKE,NKE271217C00065000,Call,2027-12-17,65.0,0.796194302040484,18.8,20.35,7.0,9393,72.8,73.04,73.0,0.3928893719482421,2027-12-17,2.2587268993839835,81.6383636926542,-0.2279120248840245,0.24678192368191604,0.2942986726152694,0.27082692884540827,0.04751674893335334,0.7774043601265848,0.7243081416843873,0.27078250041507484,0.1656169995567639,0.10752585205267412,0.3283377434382779,0.37391120333895045
NKE,NKE251219C00095000,Call,2025-12-19,95.0,1.2856126375503814,0.75,0.8,33.0,1884,72.8,73.04,73.0,0.393560751953125,2025-12-19,0.2655715263518138,73.89473098289848,0.25123536547248787,0.37840956151637845,0.38509026656555406,0.3817736054938494,0.006680705049175617,0.1192769199501178,1.0210274580827996,0.38200510825848044,0.03875429586680524,0.3470286053168383,0.0,0.37391120333895045
NKE,NKE251003C00082000,Call,2025-10-03,82.0,1.1214454646746805,0.86,0.91,505.0,771,72.8,73.04,73.0,0.5024463818359376,2025-10-03,0.05475701574264202,73.11991762683469,0.11461844666665863,0.5173326080212832,0.5281121554412633,0.5227466770778515,0.010779547419980107,0.1905568288074893,1.3980503189255384,0.522746677077851,0.014963125990194939,0.0,0.0,0.37391120333895045
NKE,NKE270115C00115000,Call,2027-01-15,115.0,1.474956837729578,2.1,2.22,2.0,766,72.8,73.04,73.0,0.3407048352050781,2027-01-15,1.3388090349075976,77.96838324911333,0.38862872680740795,0.3041922733292459,0.30961985941728387,0.30692005804730155,0.00542758608803795,0.17963127687881508,0.8208367529685345,0.30768387239429856,0.12674420163484856,0.37562025790699155,,0.37391120333895045
NKE,NKE260618P00050000,Put,2026-06-18,50.0,0.6600787913039295,1.24,1.33,10.0,4341,72.8,73.04,73.0,0.3855041918945311,2026-06-18,0.7611225188227242,75.74853283988908,-0.4153960703234525,0.4068213666586641,0.41549448090412316,0.4111878565639615,0.00867311424545908,-0.09055774770211866,1.0996938655277997,0.4116338904660166,0.12896647178341525,0.0,0.35292651979318157,0.37391120333895045
NKE,NKE260116P00055000,Put,2026-01-16,55.0,0.7414546107682374,0.84,0.91,2.0,14594,72.8,73.04,73.0,0.4101621484375,2026-01-16,0.34223134839151265,74.1785123475236,-0.299141331997567,0.42134299336130826,0.43122833215169054,0.4263264460168599,0.009885338790382281,-0.0927299631954126,1.1401809900582065,0.4280043357023666,0.06269257747434091,0.0,0.3430188710876558,0.37391120333895045
NKE,NKE260618P00047500,Put,2026-06-18,47.5,0.6270748517387331,0.99,1.05,20.0,1179,72.8,73.04,73.0,0.39649041015625,2026-06-18,0.7611225188227242,75.74853283988908,-0.4666893647110029,0.4180724655353289,0.4248670181328269,0.42149133453600707,0.006794552597498005,-0.07311096615330293,1.1272498143200198,0.4220337462768344,0.1355654216920348,0.0,0.4426240152985128,0.37391120333895045
NKE,NKE250919P00070000,Put,2025-09-19,70.0,0.9591679750255323,0.25,0.27,1242.0,11008,72.8,73.04,73.0,0.2910227148437499,2025-09-19,0.01642710472279261,72.97991782736142,-0.041689062997242954,0.32616239984756423,0.3350515322084801,0.330635871751697,0.008889132360915875,-0.15745946245294218,0.8842630785041646,0.33063587175169684,0.0017958123973553105,0.0,0.0,0.37391120333895045
NKE,NKE261218P00092500,Put,2026-12-18,92.5,1.1909344297414535,22.05,23.35,2.0,1123,72.8,73.04,73.0,0.2974923767089843,2026-12-18,1.2621492128678986,77.67010314756064,0.17473823406452219,0.39528108331406503,0.4354634404544705,0.4154140864653955,0.04018235714040547,-0.5560903291900596,1.1109966290280495,0.4131834611153009,0.21547483625073272,0.3033776109103566,0.3856698897840327,0.37391120333895045
NKE,NKE250926C00075000,Call,2025-09-26,75.0,1.0266956728705001,0.93,0.98,392.0,615,72.8,73.04,73.0,0.301764794921875,2025-09-26,0.03559206023271732,73.04988418847651,0.026345560714212363,0.31150483185364286,0.3214200587835438,0.31646997383376374,0.009915226929900933,0.340385417452289,0.8463773511137181,0.31646997383376374,0.003564660304992363,0.21514155825330086,0.22366266400101326,0.37391120333895045
NKE,NKE251219P00085000,Put,2025-12-19,85.0,1.1502849914924465,13.25,13.95,1.0,558,72.8,73.04,73.0,0.3783021154785155,2025-12-19,0.2655715263518138,73.89473098289848,0.1400097303622635,0.39310035423217116,0.4471184346301826,0.4204633297865584,0.054018080398011425,-0.7046489585683915,1.1245004857621463,0.4204633297865584,0.046950233906733516,0.3950284543342458,0.0,0.37391120333895045
NKE,NKE270115P00092500,Put,2027-01-15,92.5,1.186378325999878,22.4,23.45,1.0,281,72.8,73.04,73.0,0.292304440307617,2027-01-15,1.3388090349075976,77.96838324911333,0.1709052429625373,0.40159246526927517,0.43298799693897905,0.41731006528179543,0.03139553166970388,-0.5447935954748068,1.1160672950029367,0.4158894232712888,0.23156578250016274,0.29475496002363993,0.41366185031425257,0.37391120333895045
NKE,NKE250919C00074000,Call,2025-09-19,74.0,1.01397757359842,0.8,0.85,1717.0,1812,72.8,73.04,73.0,0.2968820312499999,2025-09-19,0.01642710472279261,72.97991782736142,0.013880788157567946,0.3312890596798087,0.3453102354801879,0.33830706098827323,0.014021175800379204,0.3826809854005362,0.9047791506840674,0.3396002436332508,0.0018945104800946746,0.0,0.0,0.37391120333895045
NKE,NKE271217P00055000,Put,2027-12-17,55.0,0.6737028709573326,5.3,5.65,2.0,2808,72.8,73.04,73.0,0.3354558642578125,2027-12-17,2.2587268993839835,81.6383636926542,-0.39496610954719075,0.3967559385227539,0.4093858044477143,0.403087365922469,0.012629865924960348,-0.16982096269259095,1.0780296560332545,0.40309160323935267,0.36700436275621945,0.026166524762774607,0.5336065022225206,0.37391120333895045
NKE,NKE250919P00071000,Put,2025-09-19,71.0,0.9728703746687543,0.43,0.46,1760.0,4402,72.8,73.04,73.0,0.2832102929687499,2025-09-19,0.01642710472279261,72.97991782736142,-0.027504428005286456,0.3156270056474477,0.3258336014926995,0.32074846522887535,0.010206595845251798,-0.245221858776282,0.8578198844128159,0.32074846522887535,0.0016900136007668017,0.0,0.0,0.37391120333895045
NKE,NKE270115C00062500,Call,2027-01-15,62.5,0.8016069770269446,18.0,19.0,1.0,836,72.8,73.04,73.0,0.422308023071289,2027-01-15,1.3388090349075976,77.96838324911333,-0.2211368448134863,0.2985710471705592,0.3389943667856826,0.3189918925225748,0.04042331961512341,0.7833858529579016,0.8531220505672004,0.3033373074072922,0.12318853467443362,0.24926281374132103,0.36744185276138164,0.37391120333895045
NKE,NKE271217C00072500,Call,2027-12-17,72.5,0.8880628753528476,15.95,16.75,4.0,453,72.8,73.04,73.0,0.3827576373291015,2027-12-17,2.2587268993839835,81.6383636926542,-0.11871273291903253,0.278725074816186,0.29936297030838466,0.2890491055059329,0.020637895492198632,0.6881021553160845,0.7730421097971486,0.2885206377725645,0.18802581984138828,0.0,0.2362278255541832,0.37391120333895045
NKE,NKE271217P00085000,Put,2027-12-17,85.0,1.0411771642067869,19.05,19.85,14.0,171,72.8,73.04,73.0,0.2763744238281249,2027-12-17,2.2587268993839835,81.6383636926542,0.04035196171065488,0.3982852181336146,0.4171202593033475,0.4076930016570427,0.01883504116973289,-0.40496919018897737,1.0903471145459878,0.40736393148261385,0.374825277084741,0.1127242532339084,0.32919001145598936,0.37391120333895045
NKE,NKE260618C00095000,Call,2026-06-18,95.0,1.2541497034774662,2.4,2.55,6.0,2116,72.8,73.04,73.0,0.3402165588378906,2026-06-18,0.7611225188227242,75.74853283988908,0.22645781584894237,0.30640470366518874,0.3139641951805608,0.3102001558512827,0.007559491515372052,0.24150174735453572,0.8296091507322029,0.3115284335109468,0.07386691372552516,0.24849078594854637,,0.37391120333895045
NKE,NKE250926C00080000,Call,2025-09-26,80.0,1.0951420510618668,0.19,0.2,619.0,652,72.8,73.04,73.0,0.3300848242187499,2025-09-26,0.03559206023271732,73.04988418847651,0.09088408185178354,0.3479645918506585,0.35245166942019507,0.35022172041416433,0.0044870775695365905,0.08971893071640069,0.9366440943377896,0.35022172041416394,0.004365553168646512,0.23734506811231926,0.24109017383959314,0.37391120333895045
NKE,NKE250919C00075000,Call,2025-09-19,75.0,1.0276799732416417,0.5,0.54,5659.0,17708,72.8,73.04,73.0,0.2983468603515624,2025-09-19,0.01642710472279261,72.97991782736142,0.027303808489708474,0.33347230270661504,0.34635522249896766,0.33993771224445346,0.01288291979235262,0.27262543665002037,0.9091402162034177,0.33993771224445346,0.001898277588599472,0.0,0.0,0.37391120333895045
NKE,NKE271217P00060000,Put,2027-12-17,60.0,0.7349485864989084,6.8,7.3,1.0,8727,72.8,73.04,73.0,0.3239203350830077,2027-12-17,2.2587268993839835,81.6383636926542,-0.3079547325575609,0.38961912735505316,0.40554994144543677,0.3975986130837625,0.015930814090383605,-0.20778350766232867,1.0633503610838304,0.39794484840473354,0.35769222301653597,0.035409760541068744,0.3151831410427409,0.37391120333895045
NKE,NKE260320P00060000,Put,2026-03-20,60.0,0.8019137785099179,2.3,2.46,3.0,5464,72.8,73.04,73.0,0.3764710791015625,2026-03-20,0.5147159479808351,74.82101144525718,-0.2207541849874035,0.39540052926877856,0.40700858839861276,0.4012283854012475,0.011608059129834203,-0.18119543297781582,1.073057939474293,0.4012283854012475,0.08286114399265734,0.2616208088515187,0.4028155108992785,0.37391120333895045
NKE,NKE250919C00071000,Call,2025-09-19,71.0,0.9728703746687543,2.5,2.59,52.0,94,72.8,73.04,73.0,0.3203192968749999,2025-09-19,0.01642710472279261,72.97991782736142,-0.027504428005286456,0.346414238773726,0.37563078378612225,0.36112690147337184,0.029216545012396233,0.7315089423963528,0.9658092569802205,0.36733842118441906,0.0022166327010802738,0.0,0.0,0.37391120333895045
NKE,NKE271217C00082500,Call,2027-12-17,82.5,1.010554306435999,11.95,12.45,10.0,196,72.8,73.04,73.0,0.3640810662841797,2027-12-17,2.2587268993839835,81.6383636926542,0.010498998560973695,0.282672493241887,0.2943227629290978,0.28849489865931427,0.011650269687210835,0.5763543796660301,0.7715599214014288,0.2884185446715439,0.18789277741580387,0.12813665811223074,1.1976274923425887,0.37391120333895045
NKE,NKE251010C00079000,Call,2025-10-10,79.0,1.0793821607865284,1.61,1.66,16.0,51,72.8,73.04,73.0,0.4636284106445312,2025-10-10,0.07392197125256673,73.19001820674336,0.07638880409393091,0.466056655312716,0.47334826899323895,0.4697074672938953,0.007291613680522946,0.29656562491542127,1.2562005714177693,0.46970746729389534,0.01630904265695944,0.2168151851133769,,0.37391120333895045
NKE,NKE271217C00077500,Call,2027-12-17,77.5,0.9493085908944233,13.85,14.4,23.0,156,72.8,73.04,73.0,0.3710390045166015,2027-12-17,2.2587268993839835,81.6383636926542,-0.05202135842036025,0.28166045915504545,0.2949740910573165,0.2883147760867508,0.013313631902271028,0.6318325260529634,0.7710781958715303,0.28822373954724123,0.187639048136459,0.08021100655370268,0.0,0.37391120333895045
NKE,NKE260618C00055000,Call,2026-06-18,55.0,0.7260866704343225,20.1,21.2,3.0,1019,72.8,73.04,73.0,0.436529072265625,2026-06-18,0.7611225188227242,75.74853283988908,-0.3200858905191276,0.19607798432243292,0.33303529174575536,0.2804089417068981,0.13695730742332243,0.9237473834644453,0.7499345812666315,0.32170449707006543,0.07877144913061969,0.0,0.2934060229542832,0.37391120333895045
NKE,NKE250926P00074000,Put,2025-09-26,74.0,1.0130063972322267,2.11,2.2,122.0,228,72.8,73.04,73.0,0.2778392529296875,2025-09-26,0.03559206023271732,73.04988418847651,0.012922540382071631,0.2880600440988222,0.3048008564231134,0.29643667280796154,0.0167408123242912,-0.5804735671437523,0.7927996544656667,0.2964366728079615,0.0031276416504063174,0.20370028774727525,0.19381386372559098,0.37391120333895045
NKE,NKE251010C00078000,Call,2025-10-10,78.0,1.0657190954601166,1.88,1.94,12.0,59,72.8,73.04,73.0,0.4653373779296875,2025-10-10,0.07392197125256673,73.19001820674336,0.06364977831650108,0.4663312975759523,0.4746650110894673,0.47050264721630547,0.008333713513514973,0.3322889433481713,1.2583272258622187,0.47050264721630497,0.016364309399079725,0.21818977568296902,,0.37391120333895045
NKE,NKE250926C00072000,Call,2025-09-26,72.0,0.9856278459556801,2.3,2.37,108.0,49,72.8,73.04,73.0,0.3115303222656249,2025-09-26,0.03559206023271732,73.04988418847651,-0.01447643380604279,0.3167435195416806,0.3299638926710516,0.3233574495892747,0.013220373129370966,0.6055750934682292,0.8647974350641514,0.3233574495892747,0.003721507248907445,0.2070502407589675,0.1973749389484053,0.37391120333895045
NKE,NKE251003C00079000,Call,2025-10-03,79.0,1.0804169720646313,1.41,1.47,11.0,235,72.8,73.04,73.0,0.5012256909179689,2025-10-03,0.05475701574264202,73.11991762683469,0.07734705186942704,0.5102736992529769,0.5207078723680804,0.5155015450492568,0.010434173115103418,0.280658528929668,1.3786737076769395,0.5153027210434822,0.014540007902248695,0.0,,0.37391120333895045
NKE,NKE271217P00090000,Put,2027-12-17,90.0,1.1024228797483626,22.3,23.0,1.0,58,72.8,73.04,73.0,0.263251996459961,2027-12-17,2.2587268993839835,81.6383636926542,0.09751037555060356,0.40518440342195894,0.4213851685758376,0.4132790867356393,0.016200765153878638,-0.43897496491152743,1.1052867179296628,0.4154041737810261,0.3897673313227241,0.2132870014097844,0.4778980342277277,0.37391120333895045
NKE,NKE260116C00100000,Call,2026-01-16,100.0,1.3480992923058863,0.68,0.73,171.0,11815,72.8,73.04,73.0,0.3847717773437499,2026-01-16,0.34223134839151265,74.1785123475236,0.29869566875805365,0.36743699643212524,0.37400842975678855,0.37075015951047435,0.006571433324663312,0.10226958359756938,0.9915460039703314,0.3715355367619746,0.047241155057155565,0.25962436423235513,0.17870459981153397,0.37391120333895045
NKE,NKE261218C00092500,Call,2026-12-18,92.5,1.1909344297414535,5.05,5.25,1.0,170,72.8,73.04,73.0,0.3448551843261719,2026-12-18,1.2621492128678986,77.67010314756064,0.17473823406452219,0.29783992113952906,0.304340296558703,0.30109428874346156,0.0065003754191739205,0.3641310509720631,0.805256130478978,0.3012595482745322,0.1145492742276555,0.3033776109103566,0.3856698897840327,0.37391120333895045
NKE,NKE260116C00097500,Call,2026-01-16,97.5,1.314396809998239,0.83,0.88,70.0,2309,72.8,73.04,73.0,0.3806214282226562,2026-01-16,0.34223134839151265,74.1785123475236,0.27337786077376364,0.3633501880069395,0.36916706117401976,0.36627729018927135,0.005816873167080239,0.12126331069909219,0.9795836201710197,0.3670010885323397,0.046095071520849504,0.26002283668261456,0.0,0.37391120333895045
NKE,NKE250926P00071000,Put,2025-09-26,71.0,0.9719385703174068,0.79,0.83,99.0,753,72.8,73.04,73.0,0.2817454638671874,2025-09-26,0.03559206023271732,73.04988418847651,-0.028462675780782612,0.2976903793536318,0.30607007853437057,0.3018874685724271,0.008379699180738776,-0.2986704460930364,0.8073774358099833,0.3018874685724271,0.0032437195560681346,0.211088762613624,0.21624530512263287,0.37391120333895045
NKE,NKE251219P00057500,Put,2025-12-19,57.5,0.7781339648331256,0.91,0.97,3.0,5279,72.8,73.04,73.0,0.4179745703124999,2025-12-19,0.2655715263518138,73.89473098289848,-0.25085657832474817,0.4294256141608639,0.4379968866423866,0.43373765822046767,0.00857127248152273,-0.10859085370694255,1.1600017714026198,0.43545634775576386,0.05035826526400139,0.3309049223054211,0.5404262311147813,0.37391120333895045
NKE,NKE251017C00085000,Call,2025-10-17,85.0,1.1602482146116688,0.75,0.8,269.0,5830,72.8,73.04,73.0,0.450200810546875,2025-10-17,0.09308692676249145,73.2601859925716,0.1486339603417296,0.44722894318771145,0.45660203666206084,0.45194361330328625,0.009373093474349392,0.1564914152598812,1.208692356012664,0.4528846840101919,0.01909255101539873,0.2764274390440356,0.0,0.37391120333895045
NKE,NKE261218P00055000,Put,2026-12-18,55.0,0.7081231744408643,3.35,3.55,10.0,2472,72.8,73.04,73.0,0.3560245062255859,2026-12-18,1.2621492128678986,77.67010314756064,-0.3451372252213864,0.3947453984271077,0.40476556161620475,0.39977244019051883,0.010020163189097042,-0.16034836564935784,1.06916411335267,0.3991009456743805,0.2010371016848821,0.20032869722093558,0.40614187644107835,0.37391120333895045
NKE,NKE270115C00105000,Call,2027-01-15,105.0,1.346699721405267,3.15,3.3,901.0,556,72.8,73.04,73.0,0.340277593383789,2027-01-15,1.3388090349075976,77.96838324911333,0.29765694860168124,0.29969369467296886,0.30529192429492436,0.30250177972293996,0.005598229621955497,0.24970985651376498,0.8090203690653316,0.3036026313840808,0.12340413074894539,0.3198529762413169,,0.37391120333895045
NKE,NKE251219P00090000,Put,2025-12-19,90.0,1.217948814521414,17.6,18.5,1.0,906,72.8,73.04,73.0,0.411138701171875,2025-12-19,0.2655715263518138,73.89473098289848,0.1971681442022121,0.41989517957000505,0.4976104096784284,0.4598778260476232,0.07771523010842335,-0.7622213365722432,1.229911866617016,0.4598778260476232,0.05616508869091835,0.3727677611151784,0.0,0.37391120333895045
NKE,NKE270115C00130000,Call,2027-01-15,130.0,1.6673425122160448,1.19,1.27,487.0,7226,72.8,73.04,73.0,0.3441227697753906,2027-01-15,1.3388090349075976,77.96838324911333,0.5112310488997404,0.31206636758346706,0.3170844221403902,0.31459480096978015,0.005018054556923113,0.11076945113120024,0.8413623292389022,0.31496006794768056,0.13280964794630004,0.3473450392977203,,0.37391120333895045
NKE,NKE251010P00077000,Put,2025-10-10,77.0,1.052056030133705,5.85,6.0,1.0,31,72.8,73.04,73.0,0.4340876904296875,2025-10-10,0.07392197125256673,73.19001820674336,0.05074637348059335,0.44911320582824205,0.4692351309116033,0.45919195834988163,0.020121925083361247,-0.6345925892605784,1.2280775602586698,0.4591919583498815,0.015586983913912065,,0.2250040580639836,0.37391120333895045
NKE,NKE271217C00090000,Call,2027-12-17,90.0,1.1024228797483626,9.5,9.95,49.0,565,72.8,73.04,73.0,0.3552310571289062,2027-12-17,2.2587268993839835,81.6383636926542,0.09751037555060356,0.2828325516357389,0.2931256402755159,0.28797927739207196,0.010293088639777015,0.49645133944861436,0.7701809275049156,0.28804842319391477,0.1874108491066749,0.2132870014097844,0.4778980342277277,0.37391120333895045
NKE,NKE250919C00072000,Call,2025-09-19,72.0,0.9865727743119761,1.8,1.87,632.0,189,72.8,73.04,73.0,0.305671005859375,2025-09-19,0.01642710472279261,72.97991782736142,-0.013518186030546617,0.33752351466288066,0.357322035084871,0.34743571278025975,0.019798520421990318,0.6277266617922107,0.9291931070204102,0.3474357127802597,0.0019829416758131765,0.0,0.0,0.37391120333895045
NKE,NKE260320C00100000,Call,2026-03-20,100.0,1.3365229641831964,1.13,1.19,44.0,1285,72.8,73.04,73.0,0.358404853515625,2026-03-20,0.5147159479808351,74.82101144525718,0.29007143877858715,0.3362742346327288,0.3413797623001771,0.33884054913370015,0.005105527667448262,0.14193053319495041,0.9062059283271628,0.3412098161131377,0.059925360873507784,0.3351004891818897,,0.37391120333895045
NKE,NKE270115P00075000,Put,2027-01-15,75.0,0.9619283724323335,11.2,11.9,5.0,4548,72.8,73.04,73.0,0.3195258477783202,2027-01-15,1.3388090349075976,77.96838324911333,-0.03881528801953168,0.38290936284775245,0.40474987851610233,0.39382286047572973,0.02184051566834988,-0.37713231158856364,1.0532523683670676,0.38952782663195723,0.20314007571630746,0.30123404199790826,0.34323970334683196,0.37391120333895045
NKE,NKE251010C00080000,Call,2025-10-10,80.0,1.0930452261129402,1.38,1.43,13.0,145,72.8,73.04,73.0,0.4646049633789063,2025-10-10,0.07392197125256673,73.19001820674336,0.08896758630079109,0.46702218333981255,0.47473595855883954,0.4708866344488711,0.007713775219026997,0.26405411629703424,1.259354173514861,0.47088663444887,0.01639103082154623,0.22576575941796562,,0.37391120333895045
NKE,NKE260918P00060000,Put,2026-09-18,60.0,0.782181375656777,3.8,4.0,3.0,1349,72.8,73.04,73.0,0.3408879388427734,2026-09-18,1.0130047912388775,76.70855106927033,-0.24566862715030552,0.3779417700080178,0.38758423133717224,0.38277422307561015,0.009642461329154417,-0.20318309079568497,1.0237035415294187,0.38277422307561015,0.1484215172208643,0.23779840089730525,0.0,0.37391120333895045
NKE,NKE251219P00055000,Put,2025-12-19,55.0,0.7443020533186419,0.67,0.71,16.0,3514,72.8,73.04,73.0,0.432622861328125,2025-12-19,0.2655715263518138,73.89473098289848,-0.295308340895582,0.44480363014441626,0.45185065058558666,0.4483495753733743,0.007047020441170393,-0.08171388114150391,1.1990803468034774,0.44923032875369334,0.05359442891827155,0.0,0.6103282475670068,0.37391120333895045
NKE,NKE260618C00110000,Call,2026-06-18,110.0,1.452173340868645,0.99,1.04,3.0,1040,72.8,73.04,73.0,0.3415593188476562,2026-06-18,0.7611225188227242,75.74853283988908,0.37306129004081773,0.317038516428817,0.3210910222545862,0.3190762008157037,0.004052505825769215,0.11487930379725414,0.8533475273445101,0.3207332559221948,0.0782965376162565,0.30139067047180396,,0.37391120333895045
NKE,NKE260220C00087500,Call,2026-02-20,87.5,1.173948715928229,2.37,2.46,6.0,192,72.8,73.04,73.0,0.3586489916992187,2026-02-20,0.4380561259411362,74.53477210102373,0.1603730372560497,0.3332931130837713,0.3389223165347648,0.33611369419183157,0.005629203450993492,0.2710372608870827,0.8989131408484291,0.33557252515737246,0.04932902708413212,0.28846904189663275,,0.37391120333895045
NKE,NKE251010P00072000,Put,2025-10-10,72.0,0.9837407035016461,3.05,3.15,131.0,96,72.8,73.04,73.0,0.445318046875,2025-10-10,0.07392197125256673,73.19001820674336,-0.016392929357035287,0.4607118303090924,0.4735916542743575,0.46715230283830506,0.012879823965265103,-0.4236471221269632,1.2493669584295166,0.46715230283830506,0.016132085966523064,,0.2629227965751981,0.37391120333895045
NKE,NKE261218P00057500,Put,2026-12-18,57.5,0.7403105914609035,3.95,4.15,2.0,1152,72.8,73.04,73.0,0.3469303588867187,2026-12-18,1.2621492128678986,77.67010314756064,-0.30068546265055257,0.3892543308775117,0.39843622222714653,0.3938563249717639,0.009181891349634819,-0.18385095510758098,1.0533418668783059,0.3951834913521885,0.19710983227104095,0.25046388437881956,0.43429801969508464,0.37391120333895045
NKE,NKE250926P00077000,Put,2025-09-26,77.0,1.0540742241470469,4.2,4.4,1.0,809,72.8,73.04,73.0,0.2807689111328124,2025-09-26,0.03559206023271732,73.04988418847651,0.05266286903158585,0.2573154603119874,0.31467573533513965,0.2873663554079582,0.057360275023152274,-0.8274865458930921,0.7685417094803138,0.2873663554079582,0.0029391717696533558,0.24205644621307043,0.2248549359608122,0.37391120333895045
NKE,NKE250926P00072000,Put,2025-09-26,72.0,0.9856278459556801,1.13,1.19,78.0,2102,72.8,73.04,73.0,0.2800364965820311,2025-09-26,0.03559206023271732,73.04988418847651,-0.01447643380604279,0.2936263356996527,0.3050107514646718,0.2993220587952584,0.01138441576501914,-0.3879781793422662,0.8005164224082449,0.2993220587952584,0.00318882418469163,0.2070502407589675,0.1973749389484053,0.37391120333895045
NKE,NKE251003P00067000,Put,2025-10-03,67.0,0.9163030016244341,1.14,1.19,376.0,571,72.8,73.04,73.0,0.4929249926757813,2025-10-03,0.05475701574264202,73.11991762683469,-0.0874081812066284,0.5129963871636146,0.5229666159260806,0.5179938891318171,0.009970228762466005,-0.217187843847386,1.3853393118639874,0.5178780055801503,0.014685701774876067,,0.0,0.37391120333895045
NKE,NKE260417C00085000,Call,2026-04-17,85.0,1.1316984056497918,3.9,4.05,15.0,266,72.8,73.04,73.0,0.3620669262695312,2026-04-17,0.5913757700205339,75.10835004772778,0.12371951817882731,0.32742037372078614,0.3345712777593218,0.331000075615945,0.007150904038535633,0.3598813378608958,0.8852371168881332,0.331000075615945,0.06479175034216686,0.2335678645210091,0.28211411477261283,0.37391120333895045
NKE,NKE271217P00070000,Put,2027-12-17,70.0,0.8574400175820597,11.0,11.55,20.0,1393,72.8,73.04,73.0,0.3055794540405273,2027-12-17,2.2587268993839835,81.6383636926542,-0.15380405273030268,0.39180893227531766,0.40649445206544454,0.39915005716489005,0.014685519790126889,-0.28899204832485736,1.0674995924180977,0.3991513123524605,0.3598643679013565,0.04247685748191712,0.0,0.37391120333895045
NKE,NKE260320C00082500,Call,2026-03-20,82.5,1.102631445451137,4.1,4.3,8.0,1193,72.8,73.04,73.0,0.3673158972167969,2026-03-20,0.5147159479808351,74.82101144525718,0.09769954613113108,0.3307466402145703,0.34072724313782593,0.3357425065268233,0.009980602923255644,0.3877580605788758,0.8979204247658575,0.33533254550301633,0.057878735720257674,0.31725683305377206,0.4568310347948632,0.37391120333895045
NKE,NKE271217C00080000,Call,2027-12-17,80.0,0.9799314486652111,12.85,13.4,9.0,515,72.8,73.04,73.0,0.3675600354003906,2027-12-17,2.2587268993839835,81.6383636926542,-0.020272660105780025,0.28175928024711017,0.29478324750742574,0.28826797357782086,0.013023967260315572,0.6038838744788048,0.7709530257549035,0.28832862392209524,0.18777563636568775,0.0999470669795243,0.1478121549450811,0.37391120333895045
NKE,NKE250926C00074000,Call,2025-09-26,74.0,1.0130063972322267,1.29,1.34,256.0,328,72.8,73.04,73.0,0.3022530712890625,2025-09-26,0.03559206023271732,73.04988418847651,0.012922540382071631,0.3119341589118265,0.32120443428049256,0.3165708553279547,0.009270275368666037,0.42602250915580636,0.8466471517864184,0.3165708553279547,0.003566933288870491,0.20370028774727525,0.19381386372559098,0.37391120333895045
NKE,NKE261218C00110000,Call,2026-12-18,110.0,1.4162463488817285,2.25,2.37,1.0,3107,72.8,73.04,73.0,0.3357000024414062,2026-12-18,1.2621492128678986,77.67010314756064,0.34800995533855894,0.29916910457677187,0.30446926099014543,0.30183110359504045,0.005300156413373558,0.19579192880656726,0.8072266915239514,0.30314317689081055,0.11598619358139342,0.34466715594872344,,0.37391120333895045
NKE,NKE251219C00090000,Call,2025-12-19,90.0,1.217948814521414,1.18,1.24,48.0,2379,72.8,73.04,73.0,0.3850159155273437,2025-12-19,0.2655715263518138,73.89473098289848,0.1971681442022121,0.3685286030227033,0.37471811349651085,0.37163689871309435,0.006189510473807558,0.17521825539744562,0.9939175274622771,0.3738100540236581,0.03710936010800686,0.3727677611151784,0.0,0.37391120333895045
NKE,NKE260918C00100000,Call,2026-09-18,100.0,1.3036356260946285,2.63,2.72,19.0,195,72.8,73.04,73.0,0.334967587890625,2026-09-18,1.0130047912388775,76.70855106927033,0.2651569966156852,0.3009216914921233,0.3048973578518755,0.3029143070326401,0.003975666359752217,0.23660147931423126,0.8101236452068764,0.30258320027973007,0.09274726747122136,0.2555143329444082,,0.37391120333895045
NKE,NKE261218P00060000,Put,2026-12-18,60.0,0.7724980084809427,4.65,4.9,2.0,3708,72.8,73.04,73.0,0.3411931115722656,2026-12-18,1.2621492128678986,77.67010314756064,-0.2581258482317567,0.38535429180808106,0.39595325510242163,0.3906644783111699,0.010598963294340569,-0.20966755283358807,1.0448054907759279,0.391913009356568,0.19386082678233194,0.31974248691907564,0.4282583821120832,0.37391120333895045
NKE,NKE260417C00080000,Call,2026-04-17,80.0,1.0651279111998042,5.5,5.65,13.0,69,72.8,73.04,73.0,0.370550728149414,2026-04-17,0.5913757700205339,75.10835004772778,0.06309489636239259,0.33178577654196123,0.3385360674631977,0.3351616582696076,0.006750290921236468,0.45385524349393064,0.8963669857353367,0.3351616582696076,0.06643121377027016,0.37916675286791346,0.3432572165347685,0.37391120333895045
NKE,NKE251010P00076000,Put,2025-10-10,76.0,1.0383929648072932,5.2,5.35,1.0,89,72.8,73.04,73.0,0.4367732104492187,2025-10-10,0.07392197125256673,73.19001820674336,0.03767429191324052,0.45060091812282005,0.47011281928830373,0.4603658334963911,0.01951190116548368,-0.5942179399888561,1.2312170092402113,0.46036583349639093,0.015666778692874254,0.20456417862278442,0.22623095855263128,0.37391120333895045
NKE,NKE251003C00080000,Call,2025-10-03,80.0,1.094093136267981,1.19,1.24,187.0,684,72.8,73.04,73.0,0.5004932763671875,2025-10-03,0.05475701574264202,73.11991762683469,0.08992583407628722,0.5108422964312619,0.5201308462071026,0.5154981231294415,0.009288549775840704,0.2466187229845226,1.3786645559858837,0.5168138249867072,0.014625408881445087,0.0,0.0,0.37391120333895045
NKE,NKE260220P00055000,Put,2026-02-20,55.0,0.737910621440601,1.07,1.11,1.0,341,72.8,73.04,73.0,0.3859924682617187,2026-02-20,0.4380561259411362,74.53477210102373,-0.3039325708750481,0.40491381133527593,0.40952297376991004,0.4072265667842111,0.0046091624346341065,-0.10339918463462605,1.0890996663051582,0.4072265667842111,0.07264437035229811,,0.2809417290680212,0.37391120333895045
NKE,NKE260618P00055000,Put,2026-06-18,55.0,0.7260866704343225,1.97,2.08,1.0,5905,72.8,73.04,73.0,0.3656069299316406,2026-06-18,0.7611225188227242,75.74853283988908,-0.3200858905191276,0.39133794092815527,0.39928005437435404,0.3953255861025253,0.007942113446198773,-0.1355520908312755,1.0572713055194622,0.39577995656657916,0.11922358159484307,0.0,0.2934060229542832,0.37391120333895045
NKE,NKE251003P00068000,Put,2025-10-03,68.0,0.929979165827784,1.39,1.44,46.0,283,72.8,73.04,73.0,0.4877980908203125,2025-10-03,0.05475701574264202,73.11991762683469,-0.07259309542148769,0.5090418314025131,0.5181990573887532,0.5136278160657823,0.009157225986240025,-0.2533192212201336,1.3736625473620239,0.5137711806496696,0.01445370710834527,,0.0,0.37391120333895045
NKE,NKE260618C00045000,Call,2026-06-18,45.0,0.5940709121735366,29.45,30.35,3.0,125,72.8,73.04,73.0,0.5200243310546875,2026-06-18,0.7611225188227242,75.74853283988908,-0.5207565859812788,,0.42530524643752265,0.348360696491979,,0.9689398582048786,0.9316669128423789,0.30873970384025423,0.07255035431679199,0.0,0.5898636161231213,0.37391120333895045
NKE,NKE251003P00073000,Put,2025-10-03,73.0,0.9983599868445328,3.3,3.4,57.0,122,72.8,73.04,73.0,0.4758353198242187,2025-10-03,0.05475701574264202,73.11991762683469,-0.0016413594492032699,0.49418625574784153,0.5089151485624441,0.5015505265472243,0.014728892814602601,-0.4710354869541855,1.3413626606223106,0.5027742996255782,0.013841587754359517,0.0,0.0,0.37391120333895045
NKE,NKE271217P00100000,Put,2027-12-17,100.0,1.224914310831514,29.5,30.3,1.0,74,72.8,73.04,73.0,0.2424392163085937,2027-12-17,2.2587268993839835,81.6383636926542,0.20287089120842977,0.42491731524820214,0.4432178736993779,0.4340666644305905,0.01830055845117573,-0.49393572880531145,1.1608816760622953,0.4306726703671008,0.41894629137832107,0.13042543848217816,0.3852243850215587,0.37391120333895045
NKE,NKE251121P00057500,Put,2025-11-21,57.5,0.7811222688091235,0.5,0.52,2.0,581,72.8,73.04,73.0,0.41211525390625,2025-11-21,0.188911704312115,73.61203526774732,-0.24702358722276332,0.42522869580541667,0.429580098383998,0.42741414106584896,0.004351402578581354,-0.07742530481661525,1.1430899562493133,0.4283428204459144,0.034661060796993014,,0.4320027002181121,0.37391120333895045
NKE,NKE260918P00062500,Put,2026-09-18,62.5,0.8147722663091428,4.55,4.75,10.0,1110,72.8,73.04,73.0,0.3338689660644531,2026-09-18,1.0130047912388775,76.70855106927033,-0.20484663263005035,0.37492524869761795,0.3838248415895792,0.37938160563601026,0.008899592891961239,-0.23349294112479924,1.0146302176779145,0.379381605636011,0.14580218753493324,0.23355139549878737,0.3417057541763456,0.37391120333895045
NKE,NKE270115P00050000,Put,2027-01-15,50.0,0.6412855816215557,2.52,2.64,1.0,2160,72.8,73.04,73.0,0.3693300372314453,2027-01-15,1.3388090349075976,77.96838324911333,-0.44428039612769604,0.4078745091662795,0.4149538952556992,0.41142660334702386,0.007079386089419715,-0.1207410029649596,1.100332377508533,0.41184695785717185,0.22708599935508628,0.0,0.4615439066268662,0.37391120333895045
NKE,NKE251003C00078000,Call,2025-10-03,78.0,1.0667408078612814,1.66,1.72,711.0,351,72.8,73.04,73.0,0.500005,2025-10-03,0.05475701574264202,73.11991762683469,0.06460802609199721,0.5093041497619717,0.5191790668156813,0.5142483559215076,0.009874917053709575,0.3167762302555831,1.3753221388644554,0.5144896587628931,0.014494160655658216,0.0,0.0,0.37391120333895045
NKE,NKE251024P00074000,Put,2025-10-24,74.0,1.0091309846810321,4.35,4.45,13.0,43,72.8,73.04,73.0,0.3908752319335937,2025-10-24,0.11225188227241616,73.33042104875022,0.009089549280086673,0.40970451083728915,0.41996458012267146,0.41483452798255727,0.010260069285382312,-0.49836666457747014,1.1094466394110953,0.41483452798255727,0.019317166625234646,,0.50592652012236,0.37391120333895045
NKE,NKE251010P00075000,Put,2025-10-10,75.0,1.0247298994808813,4.6,4.75,17.0,211,72.8,73.04,73.0,0.4406794213867187,2025-10-10,0.07392197125256673,73.19001820674336,0.024429065163219816,0.45330636582151584,0.47243520926996724,0.46287412131211264,0.019128843448451394,-0.5521873609985355,1.2379252538537,0.4628741213121125,0.01583796361087591,0.206668079532805,0.24459106949266507,0.37391120333895045
NKE,NKE261218C00057500,Call,2026-12-18,57.5,0.7403105914609035,20.7,21.3,10.0,120,72.8,73.04,73.0,0.4144345666503906,2026-12-18,1.2621492128678986,77.67010314756064,-0.30068546265055257,0.2794291939409093,0.3120419305260144,0.2960916937688484,0.03261273658510511,0.8577453684568097,0.7918770315647412,0.2983594851050649,0.11235448121655167,0.25046388437881956,0.43429801969508464,0.37391120333895045
NKE,NKE250926P00079000,Put,2025-09-26,79.0,1.0814527754235934,6.05,6.2,1.0,60,72.8,73.04,73.0,0.295905478515625,2025-09-26,0.03559206023271732,73.04988418847651,0.07830529964492337,,0.3396639057159139,0.30989054613213174,,-0.9049284352405589,0.828781120664138,0.3098905461321315,0.0034179820877944414,0.24876120228828982,0.23925061879495066,0.37391120333895045
NKE,NKE251003C00073000,Call,2025-10-03,73.0,0.9983599868445328,3.55,3.65,108.0,106,72.8,73.04,73.0,0.5039112109375,2025-10-03,0.05475701574264202,73.11991762683469,-0.0016413594492032699,0.5133945216175876,0.5281252899640931,0.5207597218770786,0.014730768346505552,0.5296534666217635,1.3927363428182975,0.520610889657704,0.01484110600575967,0.0,0.0,0.37391120333895045
NKE,NKE251010P00071000,Put,2025-10-10,71.0,0.9700776381752344,2.61,2.67,10.0,45,72.8,73.04,73.0,0.4426325268554688,2025-10-10,0.07392197125256673,73.19001820674336,-0.030379171331775128,0.46190982131107233,0.4698524999934104,0.4658820664623815,0.007942678682338056,-0.38088064082209483,1.2459697979149864,0.4658820664623815,0.016044475553686488,,0.2243469264103663,0.37391120333895045
NKE,NKE270115C00065000,Call,2027-01-15,65.0,0.8336712561080224,16.55,17.25,8.0,1093,72.8,73.04,73.0,0.4067442138671875,2027-01-15,1.3388090349075976,77.96838324911333,-0.181916131660205,0.30202119334998756,0.3282538571107483,0.3151964881662878,0.02623266376076072,0.7521138455363479,0.8429715005906422,0.30520073241277373,0.12470669726195355,0.20599181114943338,0.3648787638955769,0.37391120333895045
NKE,NKE261218C00097500,Call,2026-12-18,97.5,1.255309263781532,4.0,4.15,1.0,524,72.8,73.04,73.0,0.3398503515625,2026-12-18,1.2621492128678986,77.67010314756064,0.22738196754994408,0.2974368222003938,0.3026533887246746,0.3000499421423918,0.005216566524280819,0.30643081184843324,0.8024630967540081,0.3006597698222799,0.11409361534400901,0.301213133497135,0.438031767170899,0.37391120333895045
NKE,NKE260618P00057500,Put,2026-06-18,57.5,0.759090609999519,2.47,2.58,1.0,1739,72.8,73.04,73.0,0.3571841625976562,2026-06-18,0.7611225188227242,75.74853283988908,-0.2756341279482937,0.3861189987752164,0.3931307330440654,0.38963478195448603,0.00701173426884899,-0.16333898657749857,1.0420516381299283,0.3903852029994052,0.11599553365751276,0.0,0.31029990925602985,0.37391120333895045
NKE,NKE260116P00092500,Put,2026-01-16,92.5,1.2469918453829447,19.95,20.7,1.0,567,72.8,73.04,73.0,0.364264169921875,2026-01-16,0.34223134839151265,74.1785123475236,0.22073412728834166,0.41468080461440293,0.47191981694813,0.44395514520760426,0.05723901233372708,-0.764252012351752,1.1873277431731806,0.4207858850189002,0.060595742994914124,0.24653754495232674,0.20477710959801929,0.37391120333895045
NKE,NKE261218C00090000,Call,2026-12-18,90.0,1.1587470127214141,5.65,5.9,7.0,1705,72.8,73.04,73.0,0.3480289807128905,2026-12-18,1.2621492128678986,77.67010314756064,0.14733925987640767,0.29764090465243037,0.3055646876969728,0.30160697035777784,0.007923783044542443,0.3953462535074895,0.8066272624743238,0.30192893721242325,0.11505888931194796,0.3022905166617394,0.0,0.37391120333895045
NKE,NKE250919P00075000,Put,2025-09-19,75.0,1.0276799732416417,2.38,2.52,166.0,19085,72.8,73.04,73.0,0.2924875439453124,2025-09-19,0.01642710472279261,72.97991782736142,0.027303808489708474,0.28705431142663046,0.33398371135379823,0.3109373913446604,0.04692939992716777,-0.7470383159819078,0.8315808367549654,0.31093739134466036,0.0015882063463855847,0.0,0.0,0.37391120333895045
NKE,NKE251219C00082500,Call,2025-12-19,82.5,1.1164530799779628,2.45,2.56,33.0,2017,72.8,73.04,73.0,0.383795224609375,2025-12-19,0.2655715263518138,73.89473098289848,0.11015676721258243,0.36151562339902765,0.36979066351716144,0.3656609362822807,0.008275040118133792,0.31194029498696196,0.9779352237028562,0.3674511075062304,0.03585755151685931,0.3478709815188447,0.2052194238067174,0.37391120333895045
NKE,NKE251003C00077000,Call,2025-10-03,77.0,1.0530646436579318,1.95,2.01,80.0,198,72.8,73.04,73.0,0.4997608618164063,2025-10-03,0.05475701574264202,73.11991762683469,0.05170462125608948,0.5091074983727342,0.5185457203846843,0.5138305387173016,0.009438222011950104,0.3557276926579236,1.3742047152610035,0.5138334367069531,0.014457210167177463,0.0,0.0,0.37391120333895045
NKE,NKE260220C00080000,Call,2026-02-20,80.0,1.073324540277238,4.35,4.5,1.0,376,72.8,73.04,73.0,0.3692690026855468,2026-02-20,0.4380561259411362,74.53477210102373,0.07076087856636269,0.33580110568112226,0.3437526559730127,0.3397788900057634,0.00795155029189043,0.41987614265848305,0.9087154569630637,0.33889644146552655,0.05031109564977284,0.2752236650386743,0.2706924420865631,0.37391120333895045
NKE,NKE260220P00065000,Put,2026-02-20,65.0,0.8720761889752559,3.1,3.2,61.0,261,72.8,73.04,73.0,0.351446915283203,2026-02-20,0.4380561259411362,74.53477210102373,-0.13687848621188184,0.3769627974112168,0.38346242833894273,0.3802165023451403,0.00649963092772593,-0.2515085545948784,1.0168630919584245,0.3802165023451403,0.06332740365473384,,0.3077485518539693,0.37391120333895045
NKE,NKE251010C00074000,Call,2025-10-10,74.0,1.0110668341544695,3.35,3.45,36.0,173,72.8,73.04,73.0,0.4758353198242187,2025-10-10,0.07392197125256673,73.19001820674336,0.011006044831079063,0.4705341096377864,0.4831798498006678,0.47685710569586587,0.012645740162881391,0.49199593167312733,1.2753217914778419,0.476857105695866,0.016809316577197083,0.8140006476135997,0.22600125201372287,0.37391120333895045
NKE,NKE260320P00075000,Put,2026-03-20,75.0,1.0023922231373974,7.8,8.1,4.0,770,72.8,73.04,73.0,0.3321599987792969,2026-03-20,0.5147159479808351,74.82101144525718,0.0023893663268063376,0.3701762639803847,0.3846659693045303,0.377419847493208,0.014489705324145563,-0.4496430157113779,1.0093836293829286,0.377419847493208,0.0733190947596926,0.3282411116209932,0.3301063095955789,0.37391120333895045
NKE,NKE260116C00052500,Call,2026-01-16,52.5,0.7077521284605903,20.85,21.8,4.0,2621,72.8,73.04,73.0,0.5124560473632812,2026-01-16,0.34223134839151265,74.1785123475236,-0.3456613476324597,,0.4098670994251925,0.23181042147006034,,0.9955612452050353,0.6199611549481288,0.23181042147006034,0.018390168207435664,0.0,0.3980710071932746,0.37391120333895045
NKE,NKE250919P00073000,Put,2025-09-19,73.0,1.000275173955198,1.12,1.17,2195.0,2262,72.8,73.04,73.0,0.27149166015625,2025-09-19,0.01642710472279261,72.97991782736142,0.0002751361017892618,0.2976652839263876,0.3110764473949676,0.30437084123407027,0.013411163468580012,-0.4950322989180266,0.8140190465439414,0.3043708412340702,0.0015218334126248143,0.0,0.0,0.37391120333895045
NKE,NKE260116C00095000,Call,2026-01-16,95.0,1.280694327690592,1.02,1.07,13.0,4751,72.8,73.04,73.0,0.3772034936523437,2026-01-16,0.34223134839151265,74.1785123475236,0.24740237437050308,0.3597058282784706,0.3648661115348374,0.3622983861319934,0.005160283256366804,0.14427372030721308,0.9689423127650175,0.36294583428979343,0.04508202554014859,0.25398493884190565,0.14643511549738647,0.37391120333895045
NKE,NKE271217C00057500,Call,2027-12-17,57.5,0.7043257287281205,23.7,24.5,5.0,356,72.8,73.04,73.0,0.40430283203125,2027-12-17,2.2587268993839835,81.6383636926542,-0.35051434697635686,0.24956094600809092,0.2822738265614182,0.2662847762955626,0.03271288055332727,0.8590243425419266,0.712160464617519,0.23668469527414693,0.12653307900352642,0.043256227512419684,0.5668315560812565,0.37391120333895045
NKE,NKE251121P00060000,Put,2025-11-21,60.0,0.8150841065834332,0.73,0.76,13.0,1257,72.8,73.04,73.0,0.3967345483398438,2025-11-21,0.188911704312115,73.61203526774732,-0.2044639728039674,0.40991165103960586,0.41496846846028473,0.41245007962733876,0.005056817420678872,-0.10931337339283886,1.1030695949847025,0.41319973230549106,0.03225365447128195,0.3378899261798859,0.3810045160684369,0.37391120333895045
NKE,NKE261218P00067500,Put,2026-12-18,67.5,0.8690602595410607,7.35,7.65,3.0,1199,72.8,73.04,73.0,0.324103438720703,2026-12-18,1.2621492128678986,77.67010314756064,-0.14034281257537312,0.37996892554521583,0.39059292753475866,0.3852830617051862,0.01062400198954283,-0.29437262980128254,1.030413259256977,0.3851953975775708,0.18727201335849047,0.3874584801566149,0.2730693468329315,0.37391120333895045
NKE,NKE271217C00075000,Call,2027-12-17,75.0,0.9186857331236354,14.9,15.45,15.0,647,72.8,73.04,73.0,0.3745179736328125,2027-12-17,2.2587268993839835,81.6383636926542,-0.08481118124335116,0.28111817669195716,0.2948145118936914,0.28796566015951564,0.013696335201734244,0.6599616985487706,0.7701445091455974,0.28826914328034714,0.18769817015265677,0.08749741992653678,,0.37391120333895045
NKE,NKE260320C00052500,Call,2026-03-20,52.5,0.7016745561961781,25.65,26.5,1.0,343,72.8,73.04,73.0,0.7580590600585939,2026-03-20,0.5147159479808351,74.82101144525718,-0.3542855776119261,0.6717502361270831,0.7359809815603646,0.7041800135325722,0.06423074543328156,0.8299261763997136,1.883281397413046,0.35382874272561,0.06443974944726011,0.5259477286490019,0.5772192336865437,0.37391120333895045
NKE,NKE260417C00077500,Call,2026-04-17,77.5,1.0318426639748102,6.45,6.6,2.0,61,72.8,73.04,73.0,0.3748231463623046,2026-04-17,0.5913757700205339,75.10835004772778,0.03134619804781213,0.33332397214044257,0.3400292760274739,0.33667658905146464,0.006705303887031333,0.5033441933874017,0.9004185647421411,0.33667658905146464,0.06703310919345933,0.2797817676188605,0.29279158566448377,0.37391120333895045
NKE,NKE270115C00110000,Call,2027-01-15,110.0,1.4108282795674225,2.57,2.68,14.0,1910,72.8,73.04,73.0,0.3393620751953125,2027-01-15,1.3388090349075976,77.96838324911333,0.3441769642365741,0.3020080490027151,0.3065143278813968,0.3042689035626875,0.004506278878681713,0.2113984695021281,0.8137464211974087,0.30537086677303615,0.12484577168472781,0.3441050092719716,,0.37391120333895045
NKE,NKE260220P00072500,Put,2026-02-20,72.5,0.9727003646262469,6.0,6.15,2.0,85,72.8,73.04,73.0,0.3315496533203125,2026-02-20,0.4380561259411362,74.53477210102373,-0.027679194246889895,0.3668824581269011,0.37489209174275906,0.3708872241525601,0.008009633615857936,-0.4069122099958671,0.9919125740031675,0.3708872241525601,0.060257832406118046,0.2815153379920795,0.31452523206544725,0.37391120333895045
NKE,NKE261218C00082500,Call,2026-12-18,82.5,1.0621847616612963,8.0,8.25,2.0,257,72.8,73.04,73.0,0.3584658880615234,2026-12-18,1.2621492128678986,77.67010314756064,0.0603278828867779,0.3014134047312524,0.3090629152666109,0.3052381972664762,0.007649510535358506,0.49821955033904103,0.8163387310697343,0.30451943065423337,0.11704172638137182,0.3399210519343892,0.1605414570475567,0.37391120333895045
NKE,NKE250919P00077000,Put,2025-09-19,77.0,1.0550847725280856,4.05,4.2,16.0,773,72.8,73.04,73.0,0.30664755859375,2025-09-19,0.01642710472279261,72.97991782736142,0.053621116807082,,0.3461997726761362,0.3009323499386368,,-0.9148038558287508,0.8048230361951516,0.30093234993863655,0.0014876431907940863,0.0,0.0,0.37391120333895045
NKE,NKE251121P00062500,Put,2025-11-21,62.5,0.8490459443577429,1.07,1.11,18.0,831,72.8,73.04,73.0,0.383795224609375,2025-11-21,0.188911704312115,73.61203526774732,-0.16364197828371227,0.3980421341739229,0.4034007333169431,0.4007292729595691,0.005358599143020171,-0.1522987385596818,1.071723097305293,0.40125707131212496,0.030416151600769003,0.3235465828717042,0.3565702526613248,0.37391120333895045
NKE,NKE260320C00057500,Call,2026-03-20,57.5,0.7685007044053379,18.1,18.75,1.0,723,72.8,73.04,73.0,0.4807180834960937,2026-03-20,0.5147159479808351,74.82101144525718,-0.2633137994061995,0.3506879147636268,0.4080512603391386,0.3803652660100706,0.05736334557551176,0.86462974507407,1.017260950229591,0.3689904922773205,0.07008062663249598,0.0,0.7727965954129267,0.37391120333895045
NKE,NKE251003P00069000,Put,2025-10-03,69.0,0.9436553300311337,1.68,1.73,57.0,238,72.8,73.04,73.0,0.483403603515625,2025-10-03,0.05475701574264202,73.11991762683469,-0.05799429600033505,0.5053082586101284,0.5138339160340815,0.5095752419465936,0.00852565742395306,-0.292539846109215,1.3628242144022193,0.5103992672764182,0.01426460846194686,,0.0,0.37391120333895045
NKE,NKE251017C00082500,Call,2025-10-17,82.5,1.1261232671230903,1.07,1.12,452.0,5697,72.8,73.04,73.0,0.442388388671875,2025-10-17,0.09308692676249145,73.2601859925716,0.11878099719204843,0.439813883954172,0.4476327125594313,0.44373647719324194,0.007818828605259343,0.20906580084924736,1.1867429304892876,0.44457542761894375,0.018398380749205388,0.22857106264200566,0.13780381806446698,0.37391120333895045
NKE,NKE270115P00057500,Put,2027-01-15,57.5,0.737478418864789,4.25,4.4,100.0,759,72.8,73.04,73.0,0.347113462524414,2027-01-15,1.3388090349075976,77.96838324911333,-0.30451845375253733,0.39430864569212126,0.4009419087254922,0.39763060521813254,0.0066332630333709175,-0.18621903405981732,1.0634359218642626,0.39727532300768686,0.21130112698275563,0.22252276365280496,0.5664391066211685,0.37391120333895045
NKE,NKE260918C00082500,Call,2026-09-18,82.5,1.0754993915280684,6.65,6.8,3.0,71,72.8,73.04,73.0,0.3501651898193358,2026-09-18,1.0130047912388775,76.70855106927033,0.07278510396822907,0.30210438565675357,0.30724556900997035,0.3046753333851536,0.005141183353216783,0.46651606637787046,0.8148333900253999,0.3045253172635643,0.09394167686832462,0.26830080809847245,0.473667798242954,0.37391120333895045
NKE,NKE261218C00060000,Call,2026-12-18,60.0,0.7724980084809427,19.05,19.6,2.0,235,72.8,73.04,73.0,0.4061338684082031,2026-12-18,1.2621492128678986,77.67010314756064,-0.2581258482317567,0.28689735411482936,0.31295289639980256,0.30008330299374014,0.0260555422849732,0.8249053091829379,0.8025523180746063,0.30096998983089646,0.11432917983033912,0.31974248691907564,0.4282583821120832,0.37391120333895045
NKE,NKE260116C00092500,Call,2026-01-16,92.5,1.2469918453829447,1.26,1.31,11.0,1823,72.8,73.04,73.0,0.3742738354492187,2026-01-16,0.34223134839151265,74.1785123475236,0.22073412728834166,0.35650221861605547,0.36110117937371244,0.3588097664672351,0.004598960757656978,0.17191253553960606,0.9596122375129106,0.35954780799639613,0.04424182964921743,0.24653754495232674,0.20477710959801929,0.37391120333895045
NKE,NKE250919C00070000,Call,2025-09-19,70.0,0.9591679750255323,3.3,3.45,404.0,5650,72.8,73.04,73.0,0.3540103662109374,2025-09-19,0.01642710472279261,72.97991782736142,-0.041689062997242954,0.3574284041299777,0.4160452053991947,0.38752344691000146,0.058616801269217034,0.806256906223934,1.0364050166175724,0.38752344691000146,0.002466930955318418,0.0,0.0,0.37391120333895045
NKE,NKE260618P00062500,Put,2026-06-18,62.5,0.825098489129912,3.75,3.9,4.0,2069,72.8,73.04,73.0,0.3437565625,2026-06-18,0.7611225188227242,75.74853283988908,-0.19225251900924262,0.37747688925560907,0.3852728815879272,0.3813809856144192,0.007795992332318147,-0.22838569172347523,1.019977423005155,0.3818414394196784,0.11097385897481056,0.15195473734199938,0.34781758822851444,0.37391120333895045
NKE,NKE260320C00087500,Call,2026-03-20,87.5,1.169457593660297,2.85,2.93,18.0,224,72.8,73.04,73.0,0.3580386462402344,2026-03-20,0.5147159479808351,74.82101144525718,0.15654004615406458,0.3307656034510578,0.33519046615514936,0.3329810860956617,0.004424862704091537,0.2960393295052822,0.8905351942445393,0.33413055317691565,0.057464549197718255,0.31263575046347203,,0.37391120333895045
NKE,NKE250919P00076000,Put,2025-09-19,76.0,1.0413823728848637,3.2,3.3,90.0,478,72.8,73.04,73.0,0.2900461621093749,2025-09-19,0.01642710472279261,72.97991782736142,0.04054903523972917,0.2847982253513622,0.3295568223461488,0.3080420415494732,0.044758596994786626,-0.8431060510746424,0.8238374212880514,0.30804204154947323,0.00155876631395429,0.0,0.0,0.37391120333895045
NKE,NKE270115C00095000,Call,2027-01-15,95.0,1.2184426050809558,4.9,5.05,19.0,429,72.8,73.04,73.0,0.3449162188720703,2027-01-15,1.3388090349075976,77.96838324911333,0.1975734900446987,0.2995488254951581,0.3043588119116297,0.30195658934652425,0.004809986416471623,0.34797343959053184,0.8075622946039428,0.3028540526394482,0.12279633744248411,0.3282579385421976,0.49783277104885615,0.37391120333895045
NKE,NKE270115C00092500,Call,2027-01-15,92.5,1.186378325999878,5.5,5.65,1.0,224,72.8,73.04,73.0,0.3477238079833984,2027-01-15,1.3388090349075976,77.96838324911333,0.1709052429625373,0.3007302584626139,0.3054089026995746,0.30307144757731197,0.004678644236960683,0.37751114431027727,0.8105439068713267,0.30306269827443005,0.12296559220465424,0.29475496002363993,0.41366185031425257,0.37391120333895045
NKE,NKE260320C00085000,Call,2026-03-20,85.0,1.136044519555717,3.4,3.55,17.0,6009,72.8,73.04,73.0,0.3618227880859375,2026-03-20,0.5147159479808351,74.82101144525718,0.12755250928081227,0.3293724446258418,0.3372023420254162,0.33329360835500066,0.007829897399574404,0.33948379573078746,0.8913710137026037,0.3341911605796609,0.05748539789240568,0.29635366549077347,0.6231437062292854,0.37391120333895045
NKE,NKE250926P00073000,Put,2025-09-26,73.0,0.9993171215939535,1.58,1.64,232.0,1901,72.8,73.04,73.0,0.2778392529296875,2025-09-26,0.03559206023271732,73.04988418847651,-0.0006831116737069274,0.2925393192472813,0.3034806458071848,0.2980099502624227,0.010941326559903486,-0.4839424059045311,0.7970072776671437,0.2980099502624227,0.003160928394032448,0.20070242477633268,0.18972361542392827,0.37391120333895045
NKE,NKE251121C00072500,Call,2025-11-21,72.5,0.9848932954549818,5.25,5.4,53.0,314,72.8,73.04,73.0,0.4024717956542969,2025-11-21,0.188911704312115,73.61203526774732,-0.015221973165438966,0.373254979365303,0.38530084053258395,0.37927799290936104,0.012045861167280958,0.5693672139061734,1.0143531125103669,0.37922453808819584,0.027167628391201036,0.26925756680460095,0.3196261786806036,0.37391120333895045
NKE,NKE251219P00095000,Put,2025-12-19,95.0,1.2856126375503814,21.9,22.35,1.0,64,72.8,73.04,73.0,0.3232489550781249,2025-12-19,0.2655715263518138,73.89473098289848,0.25123536547248787,0.4188201506433578,0.4676654323150212,0.44404764952608083,0.04884528167166341,-0.8373136689956702,1.187575139661038,0.44404764952608083,0.05236494609121095,0.3470286053168383,0.0,0.37391120333895045
NKE,NKE260220C00090000,Call,2026-02-20,90.0,1.2074901078118927,1.92,1.98,29.0,575,72.8,73.04,73.0,0.3557193334960937,2026-02-20,0.4380561259411362,74.53477210102373,0.1885439142227461,0.3332678088985579,0.337361296882315,0.33531898456990245,0.0040934879837570826,0.23007973279769262,0.896787744190526,0.33533898064228373,0.0492603890762846,0.23551346144271113,,0.37391120333895045
NKE,NKE260918C00052500,Call,2026-09-18,52.5,0.6844087036996799,23.65,24.1,6.0,49,72.8,73.04,73.0,0.4395807995605468,2026-09-18,1.0130047912388775,76.70855106927033,-0.3792000197748282,0.27367965285044754,0.31623397353999416,0.2961878885956925,0.04255432068954662,0.9223529284563972,0.7921342980654106,0.28513098533130216,0.082356964146529,0.0,,0.37391120333895045
NKE,NKE250926C00073000,Call,2025-09-26,73.0,0.9993171215939535,1.74,1.78,302.0,115,72.8,73.04,73.0,0.3015206567382812,2025-09-26,0.03559206023271732,73.04988418847651,-0.0006831116737069274,0.3126359153137901,0.31993043658974063,0.31628315998972395,0.0072945212759505385,0.5164648633190875,0.8458777302348262,0.31628315998972395,0.0035604530727176157,0.20070242477633268,0.18972361542392827,0.37391120333895045
NKE,NKE270115P00055000,Put,2027-01-15,55.0,0.7054141397837113,3.6,3.75,40.0,5322,72.8,73.04,73.0,0.3546207116699218,2027-01-15,1.3388090349075976,77.96838324911333,-0.3489702163233712,0.39827358102999744,0.4054978690968408,0.4018939901481879,0.007224288066843387,-0.1628154667318824,1.0748380539533366,0.4017222672229961,0.21605804630138675,0.04091667648218966,0.505137368843837,0.37391120333895045
NKE,NKE251003P00071000,Put,2025-10-03,71.0,0.9710076584378332,2.41,2.47,47.0,177,72.8,73.04,73.0,0.4790091162109374,2025-10-03,0.05475701574264202,73.11991762683469,-0.029420923556278993,0.5014402938962489,0.5106815138016163,0.5060621320661649,0.009241219905367415,-0.37917199758129316,1.3534286417393588,0.5057258893871232,0.014004581804046363,,0.0,0.37391120333895045
NKE,NKE251003P00080000,Put,2025-10-03,80.0,1.094093136267981,7.9,8.05,3.0,52,72.8,73.04,73.0,0.4663139306640625,2025-10-03,0.05475701574264202,73.11991762683469,0.08992583407628722,0.48212304859351024,0.5106048683612734,0.4964857734637728,0.02848181976776315,-0.7629859870498508,1.3278173240872608,0.4986261088719996,0.013614127115610193,0.0,0.0,0.37391120333895045
NKE,NKE251003P00074000,Put,2025-10-03,74.0,1.0120361510478826,3.85,3.95,86.0,233,72.8,73.04,73.0,0.4763235961914062,2025-10-03,0.05475701574264202,73.11991762683469,0.011964292606575418,0.49575197219669537,0.5104554821581938,0.5031040959478029,0.01470350996149844,-0.5170548971267689,1.3455175759784312,0.5015096812424205,0.013772044373983527,0.0,0.0,0.37391120333895045
NKE,NKE260116P00067500,Put,2026-01-16,67.5,0.9099670223064732,3.55,3.7,22.0,6866,72.8,73.04,73.0,0.3673158972167969,2026-01-16,0.34223134839151265,74.1785123475236,-0.09434691935155369,0.3884844711691926,0.39860056029648894,0.3935475445972838,0.010116089127296335,-0.2998220207592144,1.052516054835974,0.3922020101856837,0.05264285311214618,0.27069656199889075,0.29058090925753643,0.37391120333895045
NKE,NKE260220P00067500,Put,2026-02-20,67.5,0.9056175808589195,3.95,4.05,18.0,233,72.8,73.04,73.0,0.3453434606933593,2026-02-20,0.4380561259411362,74.53477210102373,-0.09913815822903482,0.3745444516310255,0.38049533744883807,0.37752155751757455,0.005950885817812557,-0.30094008920496607,1.0096556459030497,0.37752155751757455,0.062432865769963736,0.2852749506277472,0.4726205070227646,0.37391120333895045
NKE,NKE260116C00045000,Call,2026-01-16,45.0,0.6066446815376488,28.65,29.35,4.0,197,72.8,73.04,73.0,0.637698935546875,2026-01-16,0.34223134839151265,74.1785123475236,-0.49981202745971803,,0.5959187930087921,0.5069243393688404,,0.9666491982412713,1.3557345563388041,0.5069243393688404,0.08794397188382454,0.0,,0.37391120333895045
NKE,NKE251010C00076000,Call,2025-10-10,76.0,1.0383929648072932,2.53,2.59,39.0,171,72.8,73.04,73.0,0.46680220703125,2025-10-10,0.07392197125256673,73.19001820674336,0.03767429191324052,0.46746529063215553,0.4752543588371002,0.471361149162942,0.0077890682049446824,0.4090875357437715,1.2606232307397678,0.47136114916294236,0.016424082106463133,0.20456417862278442,0.22623095855263128,0.37391120333895045
NKE,NKE261218C00100000,Call,2026-12-18,100.0,1.2874966808015713,3.55,3.7,13.0,9733,72.8,73.04,73.0,0.338324487915039,2026-12-18,1.2621492128678986,77.67010314756064,0.252699775534234,0.2971165352673778,0.302552539085371,0.2998411210622958,0.005436003817993196,0.280371335733885,0.8019046190239181,0.300810784681464,0.1142082576079195,0.32053152364037507,0.4165909688907368,0.37391120333895045
NKE,NKE260918P00065000,Put,2026-09-18,65.0,0.8473631569615084,5.45,5.6,3.0,437,72.8,73.04,73.0,0.3273382696533203,2026-09-18,1.0130047912388775,76.70855106927033,-0.16562591947676913,0.37465578228294144,0.38088665902692653,0.37777319413539473,0.006230876743985092,-0.26575114354141083,1.0103286308673223,0.37763448060131644,0.14446238561927346,0.23128910083737944,0.400504575757379,0.37391120333895045
NKE,NKE250919P00072500,Put,2025-09-19,72.5,0.9934239741335871,0.9,0.94,521.0,18507,72.8,73.04,73.0,0.2729564892578124,2025-09-19,0.01642710472279261,72.97991782736142,-0.006597743185972805,0.3023434080111117,0.31326071075204104,0.30780339477032326,0.010917302740929336,-0.42584371369661234,0.8231991767609582,0.3078033947703232,0.0015563520300966808,0.0,0.0,0.37391120333895045
NKE,NKE270115C00097500,Call,2027-01-15,97.5,1.2505068841620335,4.4,4.55,20.0,2025,72.8,73.04,73.0,0.3437565625,2027-01-15,1.3388090349075976,77.96838324911333,0.2235489764479593,0.29982964522648436,0.3047929332072692,0.30231513801969,0.004963287980784825,0.32126023265189474,0.8085212085652362,0.3027564244889778,0.12271718085260018,0.33443926127548274,,0.37391120333895045
NKE,NKE250919C00067500,Call,2025-09-19,67.5,0.9249119759174776,5.6,5.75,6.0,406,72.8,73.04,73.0,0.437505625,2025-09-19,0.01642710472279261,72.97991782736142,-0.07805670716811773,0.4205998136167829,0.5181056612501258,0.47358026220406807,0.09750584763334291,0.9059691226706921,1.2665580971500543,0.4912099640076838,0.003963650574791458,0.0,0.7380681415628323,0.37391120333895045
NKE,NKE251010P00070000,Put,2025-10-10,70.0,0.9564145728488226,2.23,2.28,25.0,157,72.8,73.04,73.0,0.4458063232421875,2025-10-10,0.07392197125256673,73.19001820674336,-0.04456380632373163,0.46542311523895696,0.4723084298149183,0.4688672658087258,0.00688531457596131,-0.3396866678873226,1.2539535098757062,0.46886726580872584,0.01625074839032898,,0.24635715148174936,0.37391120333895045
NKE,NKE251017P00065000,Put,2025-10-17,65.0,0.8872486347030409,1.0,1.04,167.0,8051,72.8,73.04,73.0,0.4360407958984374,2025-10-17,0.09308692676249145,73.2601859925716,-0.11963002625294965,0.4506177139601157,0.457580526289664,0.454109006198998,0.006962812329548318,-0.17548182010379998,1.2144835515595618,0.45410900619899797,0.01919591962594227,0.5080598601075239,0.23379660947750405,0.37391120333895045
NKE,NKE251121P00070000,Put,2025-11-21,70.0,0.9509314576806721,3.05,3.15,48.0,1706,72.8,73.04,73.0,0.35742830078125,2025-11-21,0.188911704312115,73.61203526774732,-0.05031329297670907,0.37509516770667395,0.3836209999701864,0.3793601515011267,0.008525832263512445,-0.3491618721294263,1.0145728400580625,0.38018086740477347,0.02730482393950601,0.2900365104344557,0.3112893686987148,0.37391120333895045
NKE,NKE260320P00082500,Put,2026-03-20,82.5,1.102631445451137,12.5,12.7,2.0,38,72.8,73.04,73.0,0.3112861840820312,2026-03-20,0.5147159479808351,74.82101144525718,0.09769954613113108,0.376146311498684,0.3859653537589193,0.38105928154144986,0.009819042260235333,-0.5873274092607286,1.0191170474130449,0.38105928154144914,0.07473993455767407,0.31725683305377206,0.4568310347948632,0.37391120333895045
NKE,NKE260918P00055000,Put,2026-09-18,55.0,0.7169995943520456,2.67,2.74,7.0,406,72.8,73.04,73.0,0.354376573486328,2026-09-18,1.0130047912388775,76.70855106927033,-0.33268000413993526,0.3913869173568969,0.3954847931614295,0.39343941187152204,0.00409787580453258,-0.14960753020497264,1.0522268612392158,0.39343941187152204,0.15680764189215438,0.12053914198574875,0.0,0.37391120333895045
NKE,NKE250919P00074000,Put,2025-09-19,74.0,1.01397757359842,1.69,1.75,396.0,3641,72.8,73.04,73.0,0.2724682128906249,2025-09-19,0.01642710472279261,72.97991782736142,0.013880788157567946,0.29472702500388026,0.3117642864874118,0.30326088278147184,0.01703726148353152,-0.6322009512300013,0.811050538398995,0.3032608827814718,0.001510754218076346,0.0,0.0,0.37391120333895045
NKE,NKE251003P00076000,Put,2025-10-03,76.0,1.039388479454582,5.05,5.15,14.0,100,72.8,73.04,73.0,0.4724173852539062,2025-10-03,0.05475701574264202,73.11991762683469,0.03863253968873665,0.4935987051563861,0.5088373419294643,0.5012241090307715,0.015238636773078185,-0.606704271210414,1.3404896792472194,0.499510854716465,0.013662482901003335,0.0,0.0,0.37391120333895045
NKE,NKE251219P00067500,Put,2025-12-19,67.5,0.9134616108910605,3.1,3.2,62.0,1775,72.8,73.04,73.0,0.3790345300292969,2025-12-19,0.2655715263518138,73.89473098289848,-0.09051392824956876,0.3990061038469094,0.4067227000693606,0.4028677149837205,0.007716596222451244,-0.29467376239867027,1.077442214585159,0.4027378519900799,0.04307511132178398,0.386657783145693,0.5113253566635492,0.37391120333895045
NKE,NKE261218C00085000,Call,2026-12-18,85.0,1.0943721786813356,7.15,7.35,10.0,682,72.8,73.04,73.0,0.3533389862060546,2026-12-18,1.2621492128678986,77.67010314756064,0.09018084603645912,0.3003680946022357,0.306514792054719,0.30344208039605464,0.006146697452483307,0.4625214640964087,0.8115351390554202,0.30369713085680583,0.11641047967417478,0.3292015786989567,0.0,0.37391120333895045
NKE,NKE251121C00085000,Call,2025-11-21,85.0,1.1547024843265303,1.25,1.29,93.0,2150,72.8,73.04,73.0,0.3784241845703124,2025-11-21,0.188911704312115,73.61203526774732,0.1438427214642483,0.3671325009279954,0.3715450760268286,0.36934403706265545,0.004412575098833249,0.20731466381850633,0.9877854254285212,0.36997011270796987,0.025857834405210695,0.2899471042787738,,0.37391120333895045
NKE,NKE270115C00085000,Call,2027-01-15,85.0,1.0901854887566447,7.6,7.8,23.0,561,72.8,73.04,73.0,0.3566348516845703,2027-01-15,1.3388090349075976,77.96838324911333,0.08634785493447433,0.30201903687894766,0.30797464661595475,0.304997259510165,0.005955609737007095,0.47280234180471503,0.8156943594805449,0.3049048752189926,0.12446503669787633,0.33903324907208193,0.0,0.37391120333895045
NKE,NKE260116P00057500,Put,2026-01-16,57.5,0.7751570930758845,1.17,1.21,3.0,3631,72.8,73.04,73.0,0.3967345483398438,2026-01-16,0.34223134839151265,74.1785123475236,-0.2546895694267331,0.4142848961514136,0.4189281005169759,0.41661346659057497,0.004643204365562259,-0.12163252912649725,1.114204289334746,0.4171931879462614,0.05956541959916653,0.14256335548567917,0.31787152611228614,0.37391120333895045
NKE,NKE270115P00060000,Put,2027-01-15,60.0,0.7695426979458668,4.95,5.15,8.0,15877,72.8,73.04,73.0,0.3407658697509765,2027-01-15,1.3388090349075976,77.96838324911333,-0.2619588393337414,0.3896947175855313,0.3978953806864467,0.3938009975056624,0.008200663100915384,-0.21106436122500694,1.053193897345413,0.3927478427733694,0.2065124557249368,0.720390133075038,0.30320725857960895,0.37391120333895045
NKE,NKE251003P00083000,Put,2025-10-03,83.0,1.1351216288780304,10.45,10.6,25.0,32,72.8,73.04,73.0,0.4702201416015625,2025-10-03,0.05475701574264202,73.11991762683469,0.1267398071990035,0.48814986000166133,0.5248657650650721,0.5068870133460766,0.03671590506341077,-0.8435635224836011,1.3556347304378136,0.5050572085565253,0.013967572014505651,0.0,0.0,0.37391120333895045
NKE,NKE261218C00067500,Call,2026-12-18,67.5,0.8690602595410607,14.75,15.05,2.0,140,72.8,73.04,73.0,0.3864807446289062,2026-12-18,1.2621492128678986,77.67010314756064,-0.14034281257537312,0.30311577421101155,0.3139653834138418,0.30854696600026765,0.010849609202830235,0.7184311539237354,0.8251878072788578,0.3069961259604216,0.11895329895830237,0.3874584801566149,0.2730693468329315,0.37391120333895045
NKE,NKE260220C00060000,Call,2026-02-20,60.0,0.8049934052079285,15.7,15.95,1.0,48,72.8,73.04,73.0,0.4432428723144531,2026-02-20,0.4380561259411362,74.53477210102373,-0.21692119388541822,0.3556414941611332,0.37739192553894946,0.36664338562512283,0.021750431377816237,0.8450047164608863,0.9805627174341729,0.3666218710031135,0.05887982315578857,0.4879307373481728,0.3012482833279751,0.37391120333895045
NKE,NKE260618P00067500,Put,2026-06-18,67.5,0.891106368260305,5.45,5.6,20.0,804,72.8,73.04,73.0,0.3294744787597655,2026-06-18,0.7611225188227242,75.74853283988908,-0.11529147787311429,0.3712223296771449,0.3779748759737951,0.3746000902978719,0.006752546296650175,-0.30286316827313553,1.0018423811663566,0.37491356517661006,0.1069835192779063,0.20665687446983488,0.30814233632302696,0.37391120333895045
NKE,NKE250919C00072500,Call,2025-09-19,72.5,0.9934239741335871,1.5,1.56,530.0,16162,72.8,73.04,73.0,0.3012765185546875,2025-09-19,0.01642710472279261,72.97991782736142,-0.006597743185972805,0.33519565792990924,0.35152750397760446,0.3433637176586238,0.01633184604769522,0.5682515508298086,0.9183028339147266,0.343332848825732,0.0019363851348302744,0.0,0.0,0.37391120333895045
NKE,NKE260918P00072500,Put,2026-09-18,72.5,0.9451358289186056,8.6,8.8,43.0,304,72.8,73.04,73.0,0.3101875622558593,2026-09-18,1.0130047912388775,76.70855106927033,-0.05642662751177711,0.3702207617217044,0.3774532917148831,0.3738368010767587,0.007232529993178749,-0.36764500972450576,0.9998010162265069,0.37397810787158836,0.14167847039526063,0.3005440878391573,0.4510834042970068,0.37391120333895045
NKE,NKE260116C00082500,Call,2026-01-16,82.5,1.112181916152356,3.05,3.15,4.0,3193,72.8,73.04,73.0,0.3773255627441406,2026-01-16,0.34223134839151265,74.1785123475236,0.10632377611059741,0.35232756801633247,0.35871164734664346,0.3555231980028488,0.006384079330310988,0.34192236856972813,0.9508225344095055,0.35571425423895947,0.04330343280930154,0.261191762712565,0.28960068317878457,0.37391120333895045
NKE,NKE251121P00065000,Put,2025-11-21,65.0,0.8830077821320527,1.55,1.6,20.0,2829,72.8,73.04,73.0,0.3729310754394531,2025-11-21,0.188911704312115,73.61203526774732,-0.12442126513043096,0.3885788385778215,0.3940979593265073,0.3913435349471088,0.005519120748685824,-0.20709727656098265,1.0466215814142266,0.39189799029487693,0.029013821768663323,0.32840595495155117,0.3320080552675882,0.37391120333895045
NKE,NKE260417P00072500,Put,2026-04-17,72.5,0.9652721695248224,7.05,7.2,100.0,195,72.8,73.04,73.0,0.333014482421875,2026-04-17,0.5913757700205339,75.10835004772778,-0.03534517645086009,0.3768501949982681,0.3837987313375401,0.38032435558805316,0.0069485363392720045,-0.39470152235517597,1.0171515380973732,0.38032435558805316,0.08554050359465865,,0.25083458961498983,0.37391120333895045
NKE,NKE251003P00070000,Put,2025-10-03,70.0,0.9573314942344835,2.02,2.07,397.0,466,72.8,73.04,73.0,0.4799856689453124,2025-10-03,0.05475701574264202,73.11991762683469,-0.043605558548235376,0.502945598071744,0.5109913456606242,0.5069705723035134,0.008045747588880214,-0.33473140175757754,1.3558582031679447,0.5077704180056458,0.014118045032258907,,0.0,0.37391120333895045
NKE,NKE260320P00080000,Put,2026-03-20,80.0,1.069218371346557,10.75,11.0,3.0,323,72.8,73.04,73.0,0.3165351550292968,2026-03-20,0.5147159479808351,74.82101144525718,0.06692788746437736,0.3704796759086627,0.38253452469299204,0.3765091828022795,0.01205484878432933,-0.5448692139070671,1.0069481188050255,0.3765091828022795,0.07296570286125882,0.33021622610868473,0.25163775588583615,0.37391120333895045
NKE,NKE260220C00077500,Call,2026-02-20,77.5,1.0397831483935742,5.25,5.4,7.0,1221,72.8,73.04,73.0,0.3726869372558594,2026-02-20,0.4380561259411362,74.53477210102373,0.039012180251782304,0.3368014137057226,0.3446061645409119,0.3407041740180194,0.0078047508351893335,0.47597595673345333,0.9111900659183274,0.34124970517344105,0.05101223218330916,0.2893525636133527,0.27226294369352433,0.37391120333895045
NKE,NKE260618C00087500,Call,2026-06-18,87.5,1.1551378847818767,3.9,4.0,5.0,595,72.8,73.04,73.0,0.3427189752197265,2026-06-18,0.7611225188227242,75.74853283988908,0.14421971761197022,0.3074274544840721,0.3116940854260914,0.3095627322187018,0.004266630942019289,0.34495608790069476,0.8279044047206128,0.3107632971543215,0.07350451435068195,0.22112927261412474,0.38813362100784365,0.37391120333895045
NKE,NKE250919C00076000,Call,2025-09-19,76.0,1.0413823728848637,0.32,0.33,489.0,2361,72.8,73.04,73.0,0.3007882421875,2025-09-19,0.01642710472279261,72.97991782736142,0.04054903523972917,0.34490872932897965,0.3488932847248152,0.3469057625545577,0.003984555395835532,0.1867985843004742,0.9277757913022137,0.3514723912228308,0.0020292869288196244,0.0,0.0,0.37391120333895045
NKE,NKE251003P00082000,Put,2025-10-03,82.0,1.1214454646746805,9.55,9.7,20.0,52,72.8,73.04,73.0,0.46289599609375,2025-10-03,0.05475701574264202,73.11991762683469,0.11461844666665863,0.47999214997224865,0.5138840238548952,0.4972178620964407,0.03389187388264653,-0.8230217252250758,1.329775245182244,0.5030527195419571,0.013856922033596654,0.0,0.0,0.37391120333895045
NKE,NKE251003C00076000,Call,2025-10-03,76.0,1.039388479454582,2.29,2.33,196.0,84,72.8,73.04,73.0,0.4985401708984375,2025-10-03,0.05475701574264202,73.11991762683469,0.03863253968873665,0.5106943971688193,0.5167744214932268,0.5137353057696267,0.0060800243244075736,0.39694832004239167,1.3739500212405396,0.5155373341286329,0.014553250807964827,0.0,0.0,0.37391120333895045
NKE,NKE260220C00082500,Call,2026-02-20,82.5,1.1068659321609016,3.55,3.65,10.0,1280,72.8,73.04,73.0,0.3621889953613281,2026-02-20,0.4380561259411362,74.53477210102373,0.10153253723311627,0.33336022473539934,0.33887278564433293,0.33611871961806644,0.005512560908933595,0.36498302963595486,0.898926581007991,0.33684594934326495,0.04970412313274323,0.25689239494525823,,0.37391120333895045
NKE,NKE251121C00067500,Call,2025-11-21,67.5,0.9169696199063624,8.3,8.45,1.0,100,72.8,73.04,73.0,0.4252987158203125,2025-11-21,0.188911704312115,73.61203526774732,-0.08668093714758393,0.3852407301937212,0.3993900993441,0.39233143951965727,0.014149369150378843,0.7236054532348339,1.0492636647851625,0.3923314395196572,0.029078037322530004,0.24532293371361202,0.3090623716732607,0.37391120333895045
NKE,NKE261218P00065000,Put,2026-12-18,65.0,0.8368728425210213,6.4,6.6,10.0,3045,72.8,73.04,73.0,0.3281317187499999,2026-12-18,1.2621492128678986,77.67010314756064,-0.17808314055822025,0.38277136327894673,0.3902213015471443,0.3864985059398903,0.0074499382681975646,-0.2652526419058876,1.0336638819284842,0.38725066146368614,0.18927577682319724,0.3792142223317299,0.5333556621378489,0.37391120333895045
NKE,NKE260320P00067500,Put,2026-03-20,67.5,0.9021530008236576,4.5,4.65,5.0,5675,72.8,73.04,73.0,0.350470362548828,2026-03-20,0.5147159479808351,74.82101144525718,-0.10297114933102006,0.3811835509586813,0.38937190674254,0.3852803325210051,0.008188355783858736,-0.30476945125202126,1.0304059602401068,0.3853420454571941,0.07642939492254959,0.30941701295218743,0.5182436477057646,0.37391120333895045
NKE,NKE251121C00082500,Call,2025-11-21,82.5,1.1207406465522207,1.7,1.74,82.0,463,72.8,73.04,73.0,0.377813839111328,2025-11-21,0.188911704312115,73.61203526774732,0.11398975831456726,0.36572482848744947,0.3695912052211964,0.3676605706314589,0.0038663767337469013,0.26322703716322915,0.9832831093273625,0.36835087881281814,0.02563198774710501,0.29075710296165297,0.21666750022497677,0.37391120333895045
NKE,NKE261218C00045000,Call,2026-12-18,45.0,0.5793735063607071,30.45,30.95,5.0,75,72.8,73.04,73.0,0.4724173852539062,2026-12-18,1.2621492128678986,77.67010314756064,-0.5458079206835377,,0.277710082349867,0.1976083947224586,,0.9949084983959134,0.5284901681411419,0.29399982347144005,0.10909499835392382,0.0,0.7636348526396305,0.37391120333895045
NKE,NKE261218C00055000,Call,2026-12-18,55.0,0.7081231744408643,22.65,23.1,2.0,188,72.8,73.04,73.0,0.4244442321777344,2026-12-18,1.2621492128678986,77.67010314756064,-0.3451372252213864,0.2830150482743017,0.311348650758329,0.29753331359049723,0.02833360248402733,0.8848639391100193,0.7957325454107438,0.29662695613740253,0.11105341837230384,0.20032869722093558,0.40614187644107835,0.37391120333895045
NKE,NKE260618P00065000,Put,2026-06-18,65.0,0.8581024286951084,4.55,4.7,102.0,5715,72.8,73.04,73.0,0.3366765551757812,2026-06-18,0.7611225188227242,75.74853283988908,-0.15303180585596138,0.3743078446067624,0.3815110502870472,0.37791267883916557,0.007203205680284763,-0.2646729434891494,1.0107016731900054,0.37792334619820833,0.10870812719304293,0.2044765142494715,0.30220119885182584,0.37391120333895045
NKE,NKE260618P00087500,Put,2026-06-18,87.5,1.1551378847818767,16.85,17.15,4.0,110,72.8,73.04,73.0,0.282111671142578,2026-06-18,0.7611225188227242,75.74853283988908,0.14421971761197022,0.3757420882129522,0.3879896528855411,0.3818737119542093,0.012247564672588918,-0.6050006361866408,1.021295185980402,0.38190449363610046,0.11101051265742937,0.22112927261412474,0.38813362100784365,0.37391120333895045
NKE,NKE251121P00067500,Put,2025-11-21,67.5,0.9169696199063624,2.21,2.26,64.0,394,72.8,73.04,73.0,0.3632876171875,2025-11-21,0.188911704312115,73.61203526774732,-0.08668093714758393,0.3818798178136045,0.3866213306528409,0.3842524933956346,0.00474151283923635,-0.273414763310311,1.0276570746325293,0.38479700694800223,0.02797191737816214,0.24532293371361202,0.3090623716732607,0.37391120333895045
NKE,NKE260417P00100000,Put,2026-04-17,100.0,1.3314098889997552,27.1,27.45,1.0,30,72.8,73.04,73.0,0.2631909619140625,2026-04-17,0.5913757700205339,75.10835004772778,0.2862384476766023,0.42904652514670666,0.44875469756132963,0.43897703722468506,0.01970817241462297,-0.7514723438697581,1.174014133047392,0.43897703722468506,0.1139586071717495,0.23647720313966583,0.0,0.37391120333895045
NKE,NKE251010C00075000,Call,2025-10-10,75.0,1.0247298994808813,2.91,2.98,375.0,599,72.8,73.04,73.0,0.4687553125,2025-10-10,0.07392197125256673,73.19001820674336,0.024429065163219816,0.4677579973136404,0.47667886250775865,0.4722191058325527,0.008920865194118277,0.4498351511321157,1.2629177773111178,0.4722191058325527,0.016483925710223085,0.206668079532805,0.24459106949266507,0.37391120333895045
NKE,NKE251010P00074000,Put,2025-10-10,74.0,1.0110668341544695,4.05,4.15,289.0,718,72.8,73.04,73.0,0.4392145922851562,2025-10-10,0.07392197125256673,73.19001820674336,0.011006044831079063,0.4570027296946502,0.46964968455348866,0.4633263653836405,0.012646954858838433,-0.509726470058795,1.239134749764733,0.4633263653836405,0.01586892720933497,0.8140006476135997,0.22600125201372287,0.37391120333895045
NKE,NKE260918P00077500,Put,2026-09-18,77.5,1.010317610223337,11.2,11.4,4.0,122,72.8,73.04,73.0,0.2973703076171874,2026-09-18,1.0130047912388775,76.70855106927033,0.010264746986895201,0.3697605943435131,0.37667987684577603,0.37321968191828275,0.0069192825022629245,-0.43624628377537067,0.998150573145462,0.37342399632885603,0.14125894040426829,0.27368975966462405,0.5357787038133455,0.37391120333895045
NKE,NKE260116C00077500,Call,2026-01-16,77.5,1.0447769515370617,4.65,4.8,13.0,5615,72.8,73.04,73.0,0.3857483300781249,2026-01-16,0.34223134839151265,74.1785123475236,0.04380341912926341,0.3538630414426986,0.3627250669122926,0.35829495003098966,0.008862025469594026,0.4585136269066241,0.9582353960819819,0.358694519778592,0.0440320871044472,0.28095977325336197,0.29254663018479676,0.37391120333895045
NKE,NKE260618C00047500,Call,2026-06-18,47.5,0.6270748517387331,27.25,27.7,2.0,85,72.8,73.04,73.0,0.5003712072753908,2026-06-18,0.7611225188227242,75.74853283988908,-0.4666893647110029,0.241263540140757,0.35417935600220374,0.31326116082716193,0.11291581586144675,0.9674287777845226,0.8377955996766182,0.3128447922125878,0.07449247966061973,0.0,0.4426240152985128,0.37391120333895045
NKE,NKE261218C00065000,Call,2026-12-18,65.0,0.8368728425210213,16.15,16.5,1.0,342,72.8,73.04,73.0,0.3931335101318359,2026-12-18,1.2621492128678986,77.67010314756064,-0.17808314055822025,0.30126983919047184,0.31483582990047604,0.3080703792051171,0.013565990710004194,0.7541443518512434,0.8239132084144891,0.3056094968861657,0.11788115776759493,0.3792142223317299,0.5333556621378489,0.37391120333895045
NKE,NKE261218C00070000,Call,2026-12-18,70.0,0.9012476765610999,13.35,13.7,4.0,1183,72.8,73.04,73.0,0.3807434973144531,2026-12-18,1.2621492128678986,77.67010314756064,-0.10397516840449833,0.3013543203527091,0.3133356382919039,0.30734853511065374,0.011981317939194824,0.6821674795501538,0.8219826856379115,0.3074379843132224,0.11929596343749234,0.4210008947694685,0.5507892071853637,0.37391120333895045
NKE,NKE260618C00090000,Call,2026-06-18,90.0,1.1881418243470732,3.35,3.45,21.0,3115,72.8,73.04,73.0,0.34180345703125,2026-06-18,0.7611225188227242,75.74853283988908,0.1723905945786665,0.3080662750486105,0.3125343563801063,0.3103034296914242,0.004468081331495788,0.3080317641366893,0.8298853495709092,0.31039073633716147,0.07332837716274122,0.2077311894008422,0.2531342098551849,0.37391120333895045
NKE,NKE251003C00075000,Call,2025-10-03,75.0,1.0257123152512322,2.67,2.74,756.0,1201,72.8,73.04,73.0,0.5043994873046875,2025-10-03,0.05475701574264202,73.11991762683469,0.02538731293871595,0.5120906821329722,0.5224888480755143,0.5172908187638828,0.01039816594254217,0.44069508965296317,1.3834589981380119,0.5172549021345008,0.014650383779995727,0.0,0.0,0.37391120333895045
NKE,NKE260918P00067500,Put,2026-09-18,67.5,0.8799540476138742,6.4,6.55,2.0,573,72.8,73.04,73.0,0.3209906768798828,2026-09-18,1.0130047912388775,76.70855106927033,-0.12788559149392204,0.37270542879535096,0.37859257199922197,0.37564990780952145,0.005887143203871015,-0.29899671581800824,1.004650046468372,0.37610257656638296,0.1432927167609928,0.0,0.4109796759689919,0.37391120333895045
NKE,NKE260220C00085000,Call,2026-02-20,85.0,1.1404073240445654,2.91,2.97,23.0,270,72.8,73.04,73.0,0.3581607153320312,2026-02-20,0.4380561259411362,74.53477210102373,0.1313855003827975,0.3333699654018667,0.3368691435898433,0.33512110089311004,0.003499178187976626,0.31509765772039144,0.8962585177992722,0.3356538143431918,0.049352928934432355,0.25529257453420595,,0.37391120333895045
NKE,NKE251219C00080000,Call,2025-12-19,80.0,1.082621168463479,3.15,3.25,103.0,5425,72.8,73.04,73.0,0.3862366064453124,2025-12-19,0.2655715263518138,73.89473098289848,0.07938510854582863,0.363257403126594,0.3702907481113595,0.36677689923677786,0.007033344984765488,0.37240497670500206,0.9809197904784218,0.3670603162734841,0.03578132170001546,0.3159571730860686,0.3502768729305271,0.37391120333895045
NKE,NKE260618C00077500,Call,2026-06-18,77.5,1.0231221265210908,7.2,7.4,1.0,1900,72.8,73.04,73.0,0.3620669262695312,2026-06-18,0.7611225188227242,75.74853283988908,0.02285886060770278,0.31317414598173837,0.32106675016300285,0.3171201458602774,0.007892604181264473,0.5222128010679424,0.8481161918350119,0.315972382060256,0.07598936577824342,0.2226566845831519,0.31475925548217226,0.37391120333895045
NKE,NKE261218C00072500,Call,2026-12-18,72.5,0.9334350935811392,12.15,12.4,17.0,285,72.8,73.04,73.0,0.3742738354492187,2026-12-18,1.2621492128678986,77.67010314756064,-0.06888384859322827,0.3031145772638258,0.31131250661409904,0.30721381701874073,0.008197929350273248,0.6451102668594699,0.8216223912933988,0.30685289784361136,0.11884233024455863,0.29190346045746246,0.47375287538063654,0.37391120333895045
NKE,NKE261218C00052500,Call,2026-12-18,52.5,0.6759357574208249,24.55,24.9,39.0,50,72.8,73.04,73.0,0.4319514813232422,2026-12-18,1.2621492128678986,77.67010314756064,-0.39165724085627934,0.27698566784809614,0.3041229970081687,0.2910016062945688,0.027137329160072554,0.9133157590436581,0.7782639399300798,0.29606188891055796,0.11063071318849435,0.09215738278146582,0.4622054225690526,0.37391120333895045
NKE,NKE261218C00095000,Call,2026-12-18,95.0,1.2231218467614928,4.55,4.65,15.0,421,72.8,73.04,73.0,0.3415593188476562,2026-12-18,1.2621492128678986,77.67010314756064,0.20140648114668355,0.2994064209424964,0.30275726453452884,0.30108336216393744,0.0033508435920324153,0.33494310714771763,0.8052269080876012,0.3007427281841561,0.11415658569241416,0.2830577382854925,0.37668586099524776,0.37391120333895045
NKE,NKE250919P00072000,Put,2025-09-19,72.0,0.9865727743119761,0.73,0.75,6317.0,1855,72.8,73.04,73.0,0.2763744238281249,2025-09-19,0.01642710472279261,72.97991782736142,-0.013518186030546617,0.3116439886533061,0.3173579936587459,0.31450244548442324,0.005714005005439782,-0.36110129117492196,0.841115330795068,0.3145024454844233,0.0016248343033377027,0.0,0.0,0.37391120333895045
NKE,NKE251219P00062500,Put,2025-12-19,62.5,0.845797787862093,1.74,1.79,28.0,2711,72.8,73.04,73.0,0.3939269592285156,2025-12-19,0.2655715263518138,73.89473098289848,-0.1674749693856971,0.4120107819991122,0.4169705148098836,0.4144951242418737,0.0049597328107714445,-0.1865061876092846,1.1085389272653965,0.41568195300274513,0.04588849869147464,0.45010775018654825,0.5579718628786328,0.37391120333895045
NKE,NKE260220C00070000,Call,2026-02-20,70.0,0.9391589727425832,8.9,9.05,33.0,109,72.8,73.04,73.0,0.3933166137695312,2026-02-20,0.4380561259411362,74.53477210102373,-0.06277051405815999,0.34583860382425763,0.35423430563087666,0.35003796506756707,0.008395701806619027,0.6505402009886674,0.9361526532016151,0.34975619049482987,0.05358713989408053,0.2945349813704735,0.28274205404418024,0.37391120333895045
NKE,NKE260918C00050000,Call,2026-09-18,50.0,0.6518178130473142,25.75,26.1,1.0,44,72.8,73.04,73.0,0.4519097778320313,2026-09-18,1.0130047912388775,76.70855106927033,-0.4279901839442601,0.2653016742385271,0.3100059862009144,0.289517604755303,0.04470431196238733,0.9467866589897163,0.7742950790721704,0.28951760475530286,0.08491051083203745,0.336075173871822,0.4307208869257851,0.37391120333895045
NKE,NKE260918C00067500,Call,2026-09-18,67.5,0.8799540476138742,13.5,13.75,2.0,177,72.8,73.04,73.0,0.3833679827880859,2026-09-18,1.0130047912388775,76.70855106927033,-0.12788559149392204,0.3071409626459115,0.31715238429250225,0.3121523351257932,0.010011421646590746,0.7136702931057562,0.8348301209975438,0.31212731484519,0.09869043244028282,0.0,0.4109796759689919,0.37391120333895045
NKE,NKE260618C00067500,Call,2026-06-18,67.5,0.891106368260305,12.2,12.5,17.0,957,72.8,73.04,73.0,0.3889221264648437,2026-06-18,0.7611225188227242,75.74853283988908,-0.11529147787311429,0.31709682314829446,0.33084220648186513,0.32398019349539453,0.013745383333570671,0.7085733894754916,0.8664629211489727,0.3223437988925001,0.07908483466742422,0.20665687446983488,0.30814233632302696,0.37391120333895045
NKE,NKE260417P00065000,Put,2026-04-17,65.0,0.8654164278498409,4.05,4.15,2.0,996,72.8,73.04,73.0,0.3531558825683593,2026-04-17,0.5913757700205339,75.10835004772778,-0.144544468415852,0.3864376818487479,0.39189800389030516,0.3891698624886299,0.005460322041557275,-0.2634911733530325,1.040808242741653,0.3891698624886299,0.08956574205008769,0.26308655532844477,0.2591651297603138,0.37391120333895045
NKE,NKE250919C00065000,Call,2025-09-19,65.0,0.8906559768094229,8.05,8.2,1.0,186,72.8,73.04,73.0,0.5537154003906251,2025-09-19,0.01642710472279261,72.97991782736142,-0.1157970351509648,0.5201900632648483,0.658743229048415,0.5988100918652779,0.1385531657835667,0.9390877642495993,1.601476731689306,0.5988100918652779,0.0058903248643893645,0.3884455610102545,,0.37391120333895045
NKE,NKE260320P00065000,Put,2026-03-20,65.0,0.8687399267190777,3.65,3.75,7.0,2132,72.8,73.04,73.0,0.3558414025878905,2026-03-20,0.5147159479808351,74.82101144525718,-0.140711477313867,0.3855265051057878,0.3914228759432218,0.38847732497455845,0.005896370837433995,-0.25971491225110543,1.0389560984146384,0.3884773249745587,0.07767816788403864,0.29651085324771304,0.36623938812947254,0.37391120333895045
NKE,NKE260918C00045000,Call,2026-09-18,45.0,0.5866360317425827,34.85,35.4,76.0,86,72.8,73.04,73.0,0.7795432202148438,2026-09-18,1.0130047912388775,76.70855106927033,-0.5333506996020866,0.6865478312119928,0.7212221209193,0.7039792448279945,0.03467428970730724,0.8658562651522367,1.8827444552118364,0.29899034362337407,0.09055779182644387,0.0,,0.37391120333895045
NKE,NKE260618P00060000,Put,2026-06-18,60.0,0.7920945495647155,3.1,3.2,8.0,9391,72.8,73.04,73.0,0.3508365698242187,2026-06-18,0.7611225188227242,75.74853283988908,-0.23307451352949782,0.38375050966597724,0.38945220644551104,0.38660607882249864,0.005701696779533805,-0.1949840703481336,1.0339515782629287,0.38589754174558916,0.11334401570877554,0.1075071035243072,0.32697287729526053,0.37391120333895045
NKE,NKE270115C00047500,Call,2027-01-15,47.5,0.6092213025404779,28.55,28.95,2.0,55,72.8,73.04,73.0,0.4484918432617187,2027-01-15,1.3388090349075976,77.96838324911333,-0.4955736905152466,0.1911149457195221,0.27418056697395826,0.2439758395558205,0.08306562125443617,0.971063163812189,0.6524967355274895,0.26892275945028965,0.096821933796373,0.0,0.4747494523443214,0.37391120333895045
NKE,NKE260116C00087500,Call,2026-01-16,87.5,1.1795868807676504,1.96,2.01,101.0,1463,72.8,73.04,73.0,0.3721986608886719,2026-01-16,0.34223134839151265,74.1785123475236,0.16516427613353088,0.352963389655413,0.3566959479765299,0.35483272323421156,0.0037325583211169078,0.2445064433650747,0.9489759067544059,0.3554958429938693,0.043250271863765156,0.23454799056498962,0.34738616583805,0.37391120333895045
NKE,NKE260320P00077500,Put,2026-03-20,77.5,1.0358052972419773,9.3,9.45,5.0,103,72.8,73.04,73.0,0.3227606787109374,2026-03-20,0.5147159479808351,74.82101144525718,0.03517918914979724,0.37425348538566466,0.3814406632823779,0.37784704821191356,0.007187177896713248,-0.49769921249633575,1.0105261485556378,0.37784704821191356,0.07348516814888913,0.3194252271736697,0.0,0.37391120333895045
NKE,NKE270115P00085000,Put,2027-01-15,85.0,1.0901854887566447,17.1,17.35,2.0,68,72.8,73.04,73.0,0.2825389129638671,2027-01-15,1.3388090349075976,77.96838324911333,0.08634785493447433,0.38893069561314414,0.39636300681101866,0.3926465790658177,0.007432311197874519,-0.48520273268094016,1.050106483998244,0.40309864077890317,0.21754109087672505,0.33903324907208193,0.0,0.37391120333895045
NKE,NKE251003P00072000,Put,2025-10-03,72.0,0.9846838226411829,2.84,2.91,325.0,1226,72.8,73.04,73.0,0.4773001489257812,2025-10-03,0.05475701574264202,73.11991762683469,-0.015434681581539152,0.499021575723841,0.5094915283482857,0.5042569224424849,0.010469952624444723,-0.42473132875010955,1.3486007317768867,0.5041621126119191,0.013918107367190331,,0.0,0.37391120333895045
NKE,NKE260320C00090000,Call,2026-03-20,90.0,1.2028706677648768,2.36,2.43,66.0,5104,72.8,73.04,73.0,0.3562076098632812,2026-03-20,0.5147159479808351,74.82101144525718,0.18471092312076093,0.3307740590268557,0.33492806083473425,0.33285484475874755,0.00415400180787856,0.2565277691869229,0.890197570402871,0.3348110920820693,0.05769886890530683,0.33953351155468864,0.22920745544875734,0.37391120333895045
NKE,NKE260918C00090000,Call,2026-09-18,90.0,1.1732720634851654,4.5,4.6,6.0,618,72.8,73.04,73.0,0.3406438006591796,2026-09-18,1.0130047912388775,76.70855106927033,0.15979648095785876,0.3007600844083245,0.30442072381522356,0.30259179978327055,0.0036606394068990356,0.3547918215742464,0.8092611215742876,0.30258181289093117,0.09274641695324878,0.2700514929592907,0.0,0.37391120333895045
NKE,NKE251003P00078000,Put,2025-10-03,78.0,1.0667408078612814,6.4,6.5,1.0,93,72.8,73.04,73.0,0.4653373779296875,2025-10-03,0.05475701574264202,73.11991762683469,0.06460802609199721,0.4882561485998835,0.504885496659112,0.4965921125924945,0.0166293480592285,-0.6907184768848071,1.3281017208311188,0.4975039176638535,0.013552917075476102,0.0,0.0,0.37391120333895045
NKE,NKE261218C00080000,Call,2026-12-18,80.0,1.0299973446412571,8.9,9.15,8.0,3362,72.8,73.04,73.0,0.3615176153564453,2026-12-18,1.2621492128678986,77.67010314756064,0.029556224220024355,0.3015709313561723,0.30924830696117406,0.3054090881795315,0.007677375605001757,0.5340343485837705,0.8167957671561882,0.3051490982030806,0.11752625093455081,0.30884267575138835,0.26426742582370955,0.37391120333895045
NKE,NKE260116C00090000,Call,2026-01-16,90.0,1.2132893630752977,1.57,1.62,134.0,10764,72.8,73.04,73.0,0.3728090063476562,2026-01-16,0.34223134839151265,74.1785123475236,0.1933351531002273,0.3544123679269489,0.3585340600595325,0.35647826941372973,0.004121692132583565,0.20530786897543096,0.9533768077298883,0.35694058675609003,0.043602526513956824,0.23452696373001297,0.37775901623745467,0.37391120333895045
NKE,NKE270115C00072500,Call,2027-01-15,72.5,0.9298640933512557,12.55,12.8,4.0,352,72.8,73.04,73.0,0.3756165954589844,2027-01-15,1.3388090349075976,77.96838324911333,-0.07271683969521302,0.30280977799829617,0.31080018230114087,0.30680525226565825,0.0079904043028447,0.6488941305473825,0.8205297127391482,0.30734400903321696,0.1264643564833138,0.3071013329056294,1.1251129608462562,0.37391120333895045
NKE,NKE251219P00080000,Put,2025-12-19,80.0,1.082621168463479,9.45,9.7,30.0,2401,72.8,73.04,73.0,0.3472965661621093,2025-12-19,0.2655715263518138,73.89473098289848,0.07938510854582863,0.38256585919447,0.39997336220258434,0.39128363883577866,0.017407503008114333,-0.6151894969171915,1.046461393351405,0.3922992959898729,0.04087112265711852,0.3159571730860686,0.3502768729305271,0.37391120333895045
NKE,NKE251017P00072500,Put,2025-10-17,72.5,0.9896234771687764,3.4,3.5,296.0,5834,72.8,73.04,73.0,0.411138701171875,2025-10-17,0.09308692676249145,73.2601859925716,-0.010430734287957691,0.4268511805079789,0.43823705075643876,0.43254418659594573,0.011385870248459884,-0.4423460840414156,1.1568099129777731,0.43254418659594573,0.017416049539138244,0.22479367002807996,0.14420910246267252,0.37391120333895045
NKE,NKE251219C00072500,Call,2025-12-19,72.5,0.9811254339200279,6.2,6.35,8.0,1278,72.8,73.04,73.0,0.4040586938476562,2025-12-19,0.2655715263518138,73.89473098289848,-0.0190549642674238,0.36988570213206545,0.38008383379966615,0.37498478145957864,0.010198131667600696,0.5773926643657912,1.0028712114294553,0.3750812064930492,0.037362172243765354,0.385939355406421,0.524827346842753,0.37391120333895045
NKE,NKE261218P00100000,Put,2026-12-18,100.0,1.2874966808015713,28.15,28.55,2.0,70,72.8,73.04,73.0,0.2489088781738281,2026-12-18,1.2621492128678986,77.67010314756064,0.252699775534234,0.41961273937872884,0.4323731131700791,0.4260035136272236,0.012760373791350255,-0.6135965138669692,1.1393173294169832,0.4208052304989507,0.22349764919655518,0.32053152364037507,0.4165909688907368,0.37391120333895045
NKE,NKE270115C00082500,Call,2027-01-15,82.5,1.0581212096755668,8.45,8.65,83.0,1173,72.8,73.04,73.0,0.3599917517089843,2027-01-15,1.3388090349075976,77.96838324911333,0.05649489178479308,0.30280199406884856,0.3087446294367981,0.30577322811127117,0.005942635367949534,0.5068696177694894,0.8177696345570256,0.3052995110668399,0.12478743332728702,0.2977400249905147,0.33752398959464486,0.37391120333895045
NKE,NKE260417P00075000,Put,2026-04-17,75.0,0.9985574167498164,8.35,8.5,2.0,216,72.8,73.04,73.0,0.3278875805664062,2026-04-17,0.5913757700205339,75.10835004772778,-0.0014436247751786863,0.377184090938999,0.38396630514282754,0.38057487489173714,0.006782214203828518,-0.4398831252983464,1.017821534881227,0.38057487489173714,0.08565323161164697,0.3810886988487687,0.0,0.37391120333895045
NKE,NKE270115C00052500,Call,2027-01-15,52.5,0.6733498607026335,24.75,25.05,4.0,38,72.8,73.04,73.0,0.4262142340087891,2027-01-15,1.3388090349075976,77.96838324911333,-0.39549023195826405,0.2719238790071676,0.29472879143580355,0.2836538806057193,0.02280491242863597,0.9145168396274934,0.7586129489374702,0.28351138085863026,0.10761173389279564,0.0,0.4573551063392606,0.37391120333895045
NKE,NKE260417P00085000,Put,2026-04-17,85.0,1.1316984056497918,14.65,14.85,3.0,61,72.8,73.04,73.0,0.3029244512939453,2026-04-17,0.5913757700205339,75.10835004772778,0.12371951817882731,0.38135615674751605,0.39062420805780684,0.385994402778332,0.009268051310290792,-0.6057970181703392,1.0323156924197003,0.385994402778332,0.08811006888120318,0.2335678645210091,0.28211411477261283,0.37391120333895045
NKE,NKE260116C00062500,Call,2026-01-16,62.5,0.8425620576911789,13.15,13.45,6.0,967,72.8,73.04,73.0,0.4397028686523437,2026-01-16,0.34223134839151265,74.1785123475236,-0.17130796048768204,0.36181379453062845,0.3880325981974384,0.37506033567847014,0.026218803666809953,0.8133916827701555,1.0030732760325398,0.3782184069494216,0.048955908061382024,0.2611130876501307,0.2921288958916561,0.37391120333895045
NKE,NKE260220C00067500,Call,2026-02-20,67.5,0.9056175808589195,10.4,10.55,1.0,79,72.8,73.04,73.0,0.4019835192871094,2026-02-20,0.4380561259411362,74.53477210102373,-0.09913815822903482,0.3486459113644098,0.35766438807332335,0.3531599360834064,0.009018476708913536,0.7057483781765933,0.9445021516599678,0.3532658598092334,0.05466798859159785,0.2852749506277472,0.4726205070227646,0.37391120333895045
NKE,NKE260417P00077500,Put,2026-04-17,77.5,1.0318426639748102,9.7,9.9,1.0,520,72.8,73.04,73.0,0.3214789532470703,2026-04-17,0.5913757700205339,75.10835004772778,0.03134619804781213,0.3748179768492086,0.38376465435811047,0.37929105924960377,0.008946677508901879,-0.48469598017287596,1.0143880575457818,0.37929105924960377,0.0850763281242006,0.2797817676188605,0.29279158566448377,0.37391120333895045
NKE,NKE260618C00080000,Call,2026-06-18,80.0,1.0561260660862872,6.2,6.35,58.0,1549,72.8,73.04,73.0,0.3547427807617186,2026-06-18,0.7611225188227242,75.74853283988908,0.05460755892228303,0.31077843213517203,0.31670032338896076,0.3137396722442267,0.005921891253788725,0.47502295460775534,0.8390753458109725,0.3143190668145041,0.07519622248364988,0.2311074718161578,0.30944486808096927,0.37391120333895045
NKE,NKE260320P00070000,Put,2026-03-20,70.0,0.9355660749282375,5.5,5.65,1.0,3948,72.8,73.04,73.0,0.3435124243164062,2026-03-20,0.5147159479808351,74.82101144525718,-0.06660350516014518,0.37854920188312613,0.3862742015594964,0.3824124843493871,0.007724999676370248,-0.35199470687792533,1.0227360959888925,0.3824512844949632,0.07528697928056752,0.3426103339142494,0.5362604093407447,0.37391120333895045
NKE,NKE270115P00095000,Put,2027-01-15,95.0,1.2184426050809558,24.3,24.6,1.0,43,72.8,73.04,73.0,0.2592847509765625,2027-01-15,1.3388090349075976,77.96838324911333,0.1975734900446987,0.4070604272861326,0.41611345418099766,0.4115898139269361,0.009053026894865035,-0.570145296961379,1.100768873068053,0.4190517031098501,0.2351006634112555,0.3282579385421976,0.49783277104885615,0.37391120333895045
NKE,NKE251121C00075000,Call,2025-11-21,75.0,1.0188551332292914,4.05,4.15,195.0,1853,72.8,73.04,73.0,0.3912414392089843,2025-11-21,0.188911704312115,73.61203526774732,0.018679578510242278,0.3690836923907512,0.3769971684433177,0.3730405710543325,0.007913476052566537,0.4863833184727443,0.9976715533612169,0.3745031043866773,0.026495353014299346,0.29058173035220297,0.3087623530457379,0.37391120333895045
NKE,NKE251003P00075000,Put,2025-10-03,75.0,1.0257123152512322,4.4,4.5,126.0,1066,72.8,73.04,73.0,0.4704642797851562,2025-10-03,0.05475701574264202,73.11991762683469,0.02538731293871595,0.49053176074558824,0.5054101952274023,0.49797342750896245,0.014878434481814029,-0.5634031637512456,1.3317959533230397,0.5007345286812752,0.013729504077407738,0.0,0.0,0.37391120333895045
NKE,NKE251219C00055000,Call,2025-12-19,55.0,0.7443020533186419,19.0,19.35,26.0,301,72.8,73.04,73.0,0.5026905200195313,2025-12-19,0.2655715263518138,73.89473098289848,-0.295308340895582,0.38029537967433463,0.450893202720486,0.4184065983067292,0.07059782304615136,0.9302140350130844,1.11899989775766,0.4339954913284248,0.05002095110160132,0.0,0.6103282475670068,0.37391120333895045
NKE,NKE261218C00075000,Call,2026-12-18,75.0,0.9656225106011785,10.95,11.2,12.0,1168,72.8,73.04,73.0,0.3686586572265625,2026-12-18,1.2621492128678986,77.67010314756064,-0.03498229691754685,0.30173833648888626,0.30967944883967813,0.30570839983584713,0.007941112350791868,0.6077964684982395,0.8175962557578744,0.3063184192803528,0.11842868996462931,0.29774785153485284,0.4938384267877168,0.37391120333895045
NKE,NKE260417C00065000,Call,2026-04-17,65.0,0.8654164278498409,13.05,13.2,5.0,35,72.8,73.04,73.0,0.4069883520507812,2026-04-17,0.5913757700205339,75.10835004772778,-0.144544468415852,0.3412892701052383,0.34972063852779656,0.34551211300965345,0.00843136842255826,0.7507527679070691,0.9240485706881769,0.34551211300965345,0.0705976234662873,0.26308655532844477,0.2591651297603138,0.37391120333895045
NKE,NKE260918P00075000,Put,2026-09-18,75.0,0.9777267195709712,9.85,10.05,2.0,551,72.8,73.04,73.0,0.3038399694824218,2026-09-18,1.0130047912388775,76.70855106927033,-0.022525075836095827,0.36970684933461323,0.37675054074031383,0.3732281686006662,0.007043691405700603,-0.4021496137629825,0.9981732701984191,0.3733932793183512,0.14123570208033273,0.2835314925032488,0.509818397624914,0.37391120333895045
NKE,NKE251017P00082500,Put,2025-10-17,82.5,1.1261232671230903,10.1,10.35,2.0,2266,72.8,73.04,73.0,0.3996642065429688,2025-10-17,0.09308692676249145,73.2601859925716,0.11878099719204843,0.4128608659478608,0.45275118717041585,0.43317610265099,0.039890321222555036,-0.7974837371137786,1.1584999293490437,0.43317610265098994,0.017466973910660186,0.22857106264200566,0.13780381806446698,0.37391120333895045
NKE,NKE270115C00090000,Call,2027-01-15,90.0,1.1543140469188002,6.15,6.3,23.0,2078,72.8,73.04,73.0,0.3504093280029295,2027-01-15,1.3388090349075976,77.96838324911333,0.14350626877442296,0.301607153977401,0.30618536383040473,0.3038974284638328,0.004578209853003723,0.408151852526657,0.8127529363926275,0.3036948924351945,0.12347914409584862,0.3250339100286095,0.924610489932511,0.37391120333895045
NKE,NKE251121P00072500,Put,2025-11-21,72.5,0.9848932954549818,4.15,4.25,96.0,1926,72.8,73.04,73.0,0.3515689843749999,2025-11-21,0.188911704312115,73.61203526774732,-0.015221973165438966,0.3733819381433196,0.3814125784660585,0.37739729859054594,0.008030640322738924,-0.43061257487027726,1.009323323881353,0.37726528623264133,0.026887632135626498,0.26925756680460095,0.3196261786806036,0.37391120333895045
NKE,NKE260918C00080000,Call,2026-09-18,80.0,1.0429085008757026,7.55,7.7,19.0,520,72.8,73.04,73.0,0.3539493316650389,2026-09-18,1.0130047912388775,76.70855106927033,0.04201344530147533,0.30308838109731645,0.3082121999222553,0.30565023675767744,0.005123818824938842,0.5068793592689527,0.8174407025739894,0.30571669052617145,0.0946781577016337,0.2981019933637676,0.15891278092429703,0.37391120333895045
NKE,NKE270115P00067500,Put,2027-01-15,67.5,0.8657355351891002,7.7,7.9,1.0,3595,72.8,73.04,73.0,0.3227606787109374,2027-01-15,1.3388090349075976,77.96838324911333,-0.14417580367735797,0.3848046004589078,0.3916997756369704,0.3882529925020727,0.006895175178062596,-0.29268639762911,1.0383561365240008,0.3881732816764236,0.20172973262434,0.0,0.3148956488201859,0.37391120333895045
NKE,NKE261218P00095000,Put,2026-12-18,95.0,1.2231218467614928,24.05,24.5,1.0,372,72.8,73.04,73.0,0.2630688928222656,2026-12-18,1.2621492128678986,77.67010314756064,0.20140648114668355,0.4034847165797076,0.4175496465691437,0.4105254690305365,0.014064929989436092,-0.5816402789468669,1.0979223552667803,0.415664207254809,0.2180700178011401,0.2830577382854925,0.37668586099524776,0.37391120333895045
NKE,NKE260116P00060000,Put,2026-01-16,60.0,0.8088595753835317,1.57,1.62,7.0,23576,72.8,73.04,73.0,0.3862366064453124,2026-01-16,0.34223134839151265,74.1785123475236,-0.21212995500793716,0.4052804485087065,0.4101665671133785,0.40772919305912175,0.0048861186046720295,-0.15658158475695227,1.0904439059813762,0.40836833748320084,0.05707210782299569,0.1906557572457062,0.3009946692195979,0.37391120333895045
NKE,NKE261218P00077500,Put,2026-12-18,77.5,0.9978099276212178,12.2,12.45,1.0,738,72.8,73.04,73.0,0.2985909985351562,2026-12-18,1.2621492128678986,77.67010314756064,-0.0021924740945560143,0.3789846755260889,0.38682178231533737,0.3829023018416231,0.007837106789248482,-0.41286419597225743,1.0240460794498372,0.3863944032352339,0.18843967875851408,,0.0,0.37391120333895045
NKE,NKE251017P00077500,Put,2025-10-17,77.5,1.0578733721459335,6.35,6.5,99.0,2040,72.8,73.04,73.0,0.4074766284179688,2025-10-17,0.09308692676249145,73.2601859925716,0.056260640210714585,0.4253020741255487,0.4433234106932926,0.43432918823566646,0.018021336567743906,-0.6399424387420526,1.1615837780660108,0.43432918823566646,0.017560089493819035,0.16362977347088575,0.20802227943324816,0.37391120333895045
NKE,NKE260220C00047500,Call,2026-02-20,47.5,0.63728644578961,26.55,26.85,5.0,39,72.8,73.04,73.0,0.541264353027344,2026-02-20,0.4380561259411362,74.53477210102373,-0.45053604506692346,0.335446254183981,0.4307338278960188,0.39199295447274973,0.09528757371203778,0.9689980807774791,1.048358409623282,0.3919983878079549,0.0673129028529657,0.0,,0.37391120333895045
NKE,NKE251121P00082500,Put,2025-11-21,82.5,1.1207406465522207,10.6,10.75,3.0,100,72.8,73.04,73.0,0.3288641333007812,2025-11-21,0.188911704312115,73.61203526774732,0.11398975831456726,0.37493165798551875,0.3891649959946928,0.38207911172633485,0.014233338009174035,-0.7268706514117722,1.0218445136557734,0.38193951699077233,0.027558022806573493,0.29075710296165297,0.21666750022497677,0.37391120333895045
NKE,NKE251219C00077500,Call,2025-12-19,77.5,1.0487892569489954,4.0,4.1,160.0,3519,72.8,73.04,73.0,0.3901428173828125,2025-12-19,0.2655715263518138,73.89473098289848,0.04763641023124843,0.3652515147210679,0.37200337044797993,0.36862827525031555,0.006751855726912004,0.43810439287275627,0.9858711693004665,0.3691569482085871,0.036191251701124465,0.3761599998167119,0.5056416272491032,0.37391120333895045
NKE,NKE260918C00072500,Call,2026-09-18,72.5,0.9451358289186056,10.85,11.0,12.0,94,72.8,73.04,73.0,0.3688417608642578,2026-09-18,1.0130047912388775,76.70855106927033,-0.05642662751177711,0.3069461227039428,0.3123682951187737,0.30965730976206435,0.005422172414830895,0.631896893834332,0.828157345906964,0.309594038578516,0.09709495804966896,0.3005440878391573,0.4510834042970068,0.37391120333895045
NKE,NKE251003P00077000,Put,2025-10-03,77.0,1.0530646436579318,5.7,5.8,2.0,325,72.8,73.04,73.0,0.4682670361328125,2025-10-03,0.05475701574264202,73.11991762683469,0.05170462125608948,0.4902150101487141,0.5060373185781667,0.49813831453533386,0.015822308429452592,-0.6499867088071869,1.3322369324242247,0.4983113011764566,0.013596941978380465,0.0,0.0,0.37391120333895045
NKE,NKE260220P00077500,Put,2026-02-20,77.5,1.0397831483935742,8.7,8.85,1.0,307,72.8,73.04,73.0,0.3182441223144531,2026-02-20,0.4380561259411362,74.53477210102373,0.039012180251782304,0.36535451337478386,0.3731505641253499,0.3692527558612304,0.007796050750566053,-0.5149299071217837,0.9875413000837604,0.3692527558612304,0.05972790043471088,0.2893525636133527,0.27226294369352433,0.37391120333895045
NKE,NKE251003P00086000,Put,2025-10-03,86.0,1.1761501214880796,13.15,13.3,,44,72.8,73.04,73.0,0.46289599609375,2025-10-03,0.05475701574264202,73.11991762683469,0.1622464956559133,0.4839639549552559,0.5353603644896261,0.5108560149245984,0.05139640953437019,-0.9027652672118189,1.3662495543400648,0.5114053573480576,0.014320900179290594,0.4993563503683248,0.45903252869974387,0.37391120333895045
NKE,NKE251121C00062500,Call,2025-11-21,62.5,0.8490459443577429,12.15,12.3,1.0,62,72.8,73.04,73.0,0.4660697924804688,2025-11-21,0.188911704312115,73.61203526774732,-0.16364197828371227,0.4077004650715622,0.4271211572642071,0.4175017882930069,0.01942069219264486,0.8395291615903054,1.1165800451144587,0.41750178829300677,0.03292877284797329,0.3235465828717042,0.3565702526613248,0.37391120333895045
NKE,NKE260918C00077500,Call,2026-09-18,77.5,1.010317610223337,8.55,8.7,17.0,372,72.8,73.04,73.0,0.3583438189697265,2026-09-18,1.0130047912388775,76.70855106927033,0.010264746986895201,0.3043137012086705,0.30947452709410905,0.30689386737781066,0.005160825885438536,0.5482375099160918,0.8207667078100663,0.3068926036637646,0.09540790134949778,0.27368975966462405,0.5357787038133455,0.37391120333895045
NKE,NKE270115C00087500,Call,2027-01-15,87.5,1.1222497678377223,6.85,7.0,1.0,1745,72.8,73.04,73.0,0.3529117443847656,2027-01-15,1.3388090349075976,77.96838324911333,0.11533539180772653,0.302074062304533,0.30658180246758904,0.3043285690961783,0.004507740163056051,0.4398014851438688,0.8139059925955321,0.3043927033873399,0.12404724118027809,0.3599796745084649,0.0,0.37391120333895045
NKE,NKE260220P00070000,Put,2026-02-20,70.0,0.9391589727425832,4.9,5.0,1.0,1086,72.8,73.04,73.0,0.3370427624511719,2026-02-20,0.4380561259411362,74.53477210102373,-0.06277051405815999,0.37024051734575913,0.37581821524391595,0.37302988132875503,0.005577697898156819,-0.352831059384799,0.997642964419559,0.37302988132875503,0.06095607605273979,0.2945349813704735,0.28274205404418024,0.37391120333895045
NKE,NKE251219C00052500,Call,2025-12-19,52.5,0.7104701418041581,21.4,21.7,1.0,124,72.8,73.04,73.0,0.5434615966796876,2025-12-19,0.2655715263518138,73.89473098289848,-0.3418283565304749,0.4097952187455354,0.4821673681091399,0.44917872225415,0.07237214936360453,0.9443592019994698,1.2012978435603856,0.4474815294367457,0.0531779678607632,0.0,0.0,0.37391120333895045
NKE,NKE251219C00075000,Call,2025-12-19,75.0,1.0149573454345115,5.0,5.15,112.0,28345,72.8,73.04,73.0,0.3973448937988281,2025-12-19,0.2655715263518138,73.89473098289848,0.014846587408257443,0.36656928771662195,0.37657656955261365,0.3715728223756652,0.0100072818359917,0.5072637511399066,0.9937461596699858,0.3718315296832807,0.036717570396334075,0.39695336512180923,0.6240095550323667,0.37391120333895045
NKE,NKE260618C00085000,Call,2026-06-18,85.0,1.1221339452166803,4.6,4.7,118.0,1820,72.8,73.04,73.0,0.3468082897949218,2026-06-18,0.7611225188227242,75.74853283988908,0.11523218073871798,0.3096538165358811,0.3137605824237593,0.3117082888868362,0.004106765887878228,0.3867621985466705,0.8336425496303536,0.3114497017860539,0.07382958207925774,0.21188995826316442,0.3106792480105064,0.37391120333895045
NKE,NKE251219P00082500,Put,2025-12-19,82.5,1.1164530799779628,11.3,11.5,1.0,459,72.8,73.04,73.0,0.3409489733886719,2025-12-19,0.2655715263518138,73.89473098289848,0.11015676721258243,0.3882527743421546,0.40293996789345193,0.39561556906400486,0.014687193551297328,-0.6694436725636032,1.0580468451633405,0.39561556906400464,0.041565045347367865,0.3478709815188447,0.2052194238067174,0.37391120333895045
NKE,NKE260618P00085000,Put,2026-06-18,85.0,1.1221339452166803,15.05,15.25,4.0,101,72.8,73.04,73.0,0.2851633984374999,2026-06-18,0.7611225188227242,75.74853283988908,0.11523218073871798,0.37228747009051366,0.38030667597100054,0.376299129659273,0.00801920588048688,-0.5741143704689258,1.0063863460067493,0.3770093140287046,0.10818292773799218,0.21188995826316442,0.3106792480105064,0.37391120333895045
NKE,NKE260320C00060000,Call,2026-03-20,60.0,0.8019137785099179,16.15,16.45,8.0,643,72.8,73.04,73.0,0.4419001123046875,2026-03-20,0.5147159479808351,74.82101144525718,-0.2207541849874035,0.3502424095060285,0.37348618648976795,0.3619961455884153,0.023243776983739473,0.8364221757472885,0.9681339910541965,0.3610004528719437,0.06707846535541331,0.2616208088515187,0.4028155108992785,0.37391120333895045
NKE,NKE261218C00037500,Call,2026-12-18,37.5,0.48281125530058927,41.8,42.5,1.0,342,72.8,73.04,73.0,0.8431412170410155,2026-12-18,1.2621492128678986,77.67010314756064,-0.7281294774774921,0.7322752148291265,0.7809840305608973,0.7568465664366535,0.04870881573177077,0.8999873701416788,2.0241344995233326,0.2917243588507491,0.10741281263001225,0.0,,0.37391120333895045
NKE,NKE270115C00067500,Call,2027-01-15,67.5,0.8657355351891002,15.15,15.4,3.0,323,72.8,73.04,73.0,0.3864807446289062,2027-01-15,1.3388090349075976,77.96838324911333,-0.14417580367735797,0.30332822229419276,0.3121310870001105,0.30773381871058225,0.008802864705917735,0.7200345122513946,0.8230131003366101,0.3080385390265511,0.12703656565646623,0.0,0.3148956488201859,0.37391120333895045
NKE,NKE260918P00082500,Put,2026-09-18,82.5,1.0754993915280684,14.2,14.4,8.0,139,72.8,73.04,73.0,0.2841868457031249,2026-09-18,1.0130047912388775,76.70855106927033,0.07278510396822907,0.3720260259361063,0.3788568223340857,0.37544144599318713,0.0068307963979793995,-0.5014679263001409,1.0040925295646985,0.3824924115325673,0.1482030516238181,0.26830080809847245,0.473667798242954,0.37391120333895045
NKE,NKE270115C00100000,Call,2027-01-15,100.0,1.2825711632431114,4.0,4.1,1292.0,6468,72.8,73.04,73.0,0.3428410443115234,2027-01-15,1.3388090349075976,77.96838324911333,0.24886678443224924,0.30187149705115607,0.3052955563047132,0.30358580092339116,0.0034240592535571546,0.2970712079342165,0.811919509799204,0.30274724612459863,0.12270974037677712,0.3107152744446135,1.05698762606557,0.37391120333895045
NKE,NKE261218P00080000,Put,2026-12-18,80.0,1.0299973446412571,13.65,13.95,2.0,2289,72.8,73.04,73.0,0.2945627185058593,2026-12-18,1.2621492128678986,77.67010314756064,0.029556224220024355,0.3805047571101383,0.38978519952317964,0.3851438004184164,0.009280442413041323,-0.44115645359989275,1.0300408144478186,0.38515611241435255,0.18723381645117954,0.30884267575138835,0.26426742582370955,0.37391120333895045
NKE,NKE260918C00055000,Call,2026-09-18,55.0,0.7169995943520456,21.85,22.1,2.0,57,72.8,73.04,73.0,0.4246883703613281,2026-09-18,1.0130047912388775,76.70855106927033,-0.33268000413993526,0.2960989013520128,0.3144418644917676,0.3054286432406076,0.01834296313975481,0.8917545911863308,0.8168480658327227,0.2689475098460439,0.07327343553561537,0.12053914198574875,0.0,0.37391120333895045
NKE,NKE250919P00077500,Put,2025-09-19,77.5,1.0619359723496966,4.55,4.65,27.0,2394,72.8,73.04,73.0,0.30664755859375,2025-09-19,0.01642710472279261,72.97991782736142,0.06009363131269949,,0.34525804668935367,0.3088500268604377,,-0.9329732864275314,0.8259983228704308,0.308850026860438,0.0015669542355924973,0.0,0.2646523379270321,0.37391120333895045
NKE,NKE260116P00062500,Put,2026-01-16,62.5,0.8425620576911789,2.09,2.14,19.0,4783,72.8,73.04,73.0,0.3767152172851562,2026-01-16,0.34223134839151265,74.1785123475236,-0.17130796048768204,0.39826963298015294,0.4024807077923514,0.4003780561239004,0.0042110748121984565,-0.1980800881825775,1.0707837918431071,0.40145295177298335,0.05515553473211544,0.2611130876501307,0.2921288958916561,0.37391120333895045
NKE,NKE270115C00057500,Call,2027-01-15,57.5,0.737478418864789,21.2,21.5,21.0,154,72.8,73.04,73.0,0.4102842175292969,2027-01-15,1.3388090349075976,77.96838324911333,-0.30451845375253733,0.2896535453617278,0.3052365409994463,0.29752193121629844,0.015582995637718478,0.8546764349690206,0.7957021040276101,0.2965523704513603,0.11773929587279093,0.22252276365280496,0.5664391066211685,0.37391120333895045
NKE,NKE270115P00072500,Put,2027-01-15,72.5,0.9298640933512557,9.95,10.15,128.0,1272,72.8,73.04,73.0,0.3107368731689452,2027-01-15,1.3388090349075976,77.96838324911333,-0.07271683969521302,0.38317609895036947,0.3895778665718172,0.3863766710693096,0.006401767621447729,-0.34967935796467287,1.0333380428803554,0.38966798237486655,0.20328628540090501,0.3071013329056294,1.1251129608462562,0.37391120333895045
NKE,NKE260618C00062500,Call,2026-06-18,62.5,0.825098489129912,15.4,15.7,1.0,1026,72.8,73.04,73.0,0.4060117993164062,2026-06-18,0.7611225188227242,75.74853283988908,-0.19225251900924262,0.3181998155384311,0.33471139787929083,0.32650107607075846,0.016511582340859754,0.7931374263105151,0.8732048495877383,0.32434760689424325,0.08007113179260854,0.15195473734199938,0.34781758822851444,0.37391120333895045
NKE,NKE251017P00067500,Put,2025-10-17,67.5,0.9213735821916194,1.58,1.62,132.0,8924,72.8,73.04,73.0,0.4260311303710938,2025-10-17,0.09308692676249145,73.2601859925716,-0.08188969827010271,0.4431988822499294,0.4488389513552451,0.4460221040331114,0.00564006910531567,-0.2514900171917167,1.192855683515833,0.4460221040331114,0.018518314545457094,,0.2098396886985241,0.37391120333895045
NKE,NKE260116C00080000,Call,2026-01-16,80.0,1.078479433844709,3.8,3.9,80.0,13402,72.8,73.04,73.0,0.3808655664062499,2026-01-16,0.34223134839151265,74.1785123475236,0.07555211744384382,0.35412175176242094,0.36019529397146527,0.3571600701232611,0.006073542209044325,0.3985407916229457,0.955200237205772,0.35689101755408953,0.04359041697836873,0.2708197517184122,0.2810322917854305,0.37391120333895045
NKE,NKE260320C00075000,Call,2026-03-20,75.0,1.0023922231373974,6.95,7.1,111.0,2510,72.8,73.04,73.0,0.3795228063964844,2026-03-20,0.5147159479808351,74.82101144525718,0.0023893663268063376,0.3375832214333572,0.34481600800482964,0.34119932944255865,0.0072327865714724715,0.5448394785248174,0.9125143253149907,0.3412741985737057,0.05994797749234641,0.3282411116209932,0.3301063095955789,0.37391120333895045
NKE,NKE270115P00100000,Put,2027-01-15,100.0,1.2825711632431114,28.3,28.65,1.0,90,72.8,73.04,73.0,0.2464674963378906,2027-01-15,1.3388090349075976,77.96838324911333,0.24886678443224924,0.4206976326854067,0.4314486523169339,0.42607972441201475,0.010751019631527192,-0.6019104275759644,1.1395211499607663,0.424702029625872,0.2414834141834794,0.3107152744446135,1.05698762606557,0.37391120333895045
NKE,NKE260116P00100000,Put,2026-01-16,100.0,1.3480992923058863,26.9,27.2,5.0,58,72.8,73.04,73.0,0.2939523730468749,2026-01-16,0.34223134839151265,74.1785123475236,0.29869566875805365,0.45932281177188483,0.4867771354160572,0.4732781771279925,0.027454323644172385,-0.8264921732235501,1.2657501912264606,0.4732781771279925,0.07665716391019695,0.25962436423235513,0.17870459981153397,0.37391120333895045
NKE,NKE260320C00070000,Call,2026-03-20,70.0,0.9355660749282375,9.5,9.7,2.0,2169,72.8,73.04,73.0,0.395513857421875,2026-03-20,0.5147159479808351,74.82101144525718,-0.06660350516014518,0.34247707293890084,0.35282414331652007,0.3476527550274828,0.010347070377619227,0.6523763579206479,0.9297735717010213,0.34600674367319534,0.061622136436571454,0.3426103339142494,0.5362604093407447,0.37391120333895045
NKE,NKE260220C00075000,Call,2026-02-20,75.0,1.0062417565099107,6.35,6.45,32.0,320,72.8,73.04,73.0,0.3775697009277343,2026-02-20,0.4380561259411362,74.53477210102373,0.006222357428791551,0.34115247016930195,0.3463656159943316,0.3437589225845448,0.00521314582502963,0.5344302075708998,0.9193597825228238,0.3435294942092282,0.05169610442892184,0.2561563590397137,0.3131383878370138,0.37391120333895045
NKE,NKE251017C00072500,Call,2025-10-17,72.5,0.9896234771687764,4.25,4.35,421.0,5377,72.8,73.04,73.0,0.4497125341796875,2025-10-17,0.09308692676249145,73.2601859925716,-0.010430734287957691,0.4374792189511356,0.44886463635541984,0.4431719781628563,0.011385417404284226,0.5575456816888414,1.1852332163503563,0.44404760860617687,0.018354719989326192,0.22479367002807996,0.14420910246267252,0.37391120333895045
NKE,NKE251219P00072500,Put,2025-12-19,72.5,0.9811254339200279,5.15,5.25,69.0,1279,72.8,73.04,73.0,0.364264169921875,2025-12-19,0.2655715263518138,73.89473098289848,-0.0190549642674238,0.39207236842406784,0.3988713444918834,0.39547183247813333,0.006798976067815543,-0.42254053694102656,1.0576624314721006,0.3956671661650119,0.041575888073817825,0.385939355406421,0.524827346842753,0.37391120333895045
NKE,NKE260618C00037500,Call,2026-06-18,37.5,0.4950590934779472,41.4,41.8,10.0,35,72.8,73.04,73.0,1.041020419921875,2026-06-18,0.7611225188227242,75.74853283988908,-0.7030781427752334,0.9608303806787208,0.9952847767078206,0.9781329859523109,0.03445439602909972,0.8944562043407505,2.615949929335585,0.29489682297387454,0.06619036239185092,0.0,,0.37391120333895045
NKE,NKE251219C00062500,Call,2025-12-19,62.5,0.845797787862093,12.75,13.0,5.0,1396,72.8,73.04,73.0,0.4588677160644532,2025-12-19,0.2655715263518138,73.89473098289848,-0.1674749693856971,0.38823251859168095,0.413559560165693,0.4010253956744491,0.025327041574012055,0.819565058875542,1.0725150573007027,0.40105193344370843,0.04271522894438566,0.45010775018654825,0.5579718628786328,0.37391120333895045
NKE,NKE260320P00085000,Put,2026-03-20,85.0,1.136044519555717,14.35,14.5,5.0,48,72.8,73.04,73.0,0.3049996258544921,2026-03-20,0.5147159479808351,74.82101144525718,0.12755250928081227,0.3822753805012833,0.38984500937147665,0.3860637740782874,0.007569628870193357,-0.6262847409579497,1.0325012212279734,0.386080811140784,0.07672273191910099,0.29635366549077347,0.6231437062292854,0.37391120333895045
NKE,NKE260417P00067500,Put,2026-04-17,67.5,0.8987016750748347,4.95,5.05,2.0,1846,72.8,73.04,73.0,0.3466862207031249,2026-04-17,0.5913757700205339,75.10835004772778,-0.10680414043300504,0.3838021380456845,0.38888793178272485,0.38634593175210635,0.005085793737040323,-0.30571397438995385,1.0332558326739512,0.38634593175210635,0.0882706274058401,,0.49626748373116475,0.37391120333895045
NKE,NKE261218P00070000,Put,2026-12-18,70.0,0.9012476765610999,8.45,8.65,2.0,6690,72.8,73.04,73.0,0.3155586022949218,2026-12-18,1.2621492128678986,77.67010314756064,-0.10397516840449833,0.37977282149775277,0.3865652523477917,0.3831692178075328,0.006792430850038944,-0.32391691898130204,1.0247599279880095,0.38561102092952393,0.1876763619770699,0.4210008947694685,0.5507892071853637,0.37391120333895045
NKE,NKE260320P00090000,Put,2026-03-20,90.0,1.2028706677648768,18.2,18.45,10.0,170,72.8,73.04,73.0,0.2933420275878905,2026-03-20,0.5147159479808351,74.82101144525718,0.18471092312076093,0.39036120768525384,0.40397469978595907,0.3971912846559411,0.013613492100705227,-0.6934734460134908,1.0622609889971317,0.39714976389497747,0.0811850835669411,0.33953351155468864,0.22920745544875734,0.37391120333895045
NKE,NKE251121C00055000,Call,2025-11-21,55.0,0.7471604310348138,18.85,19.05,3.0,53,72.8,73.04,73.0,0.5556685058593751,2025-11-21,0.188911704312115,73.61203526774732,-0.2914753497935972,0.4621460636250913,0.5098634936719029,0.487110558141648,0.04771743004681156,0.9309065013060763,1.3027439504134952,0.46364435422966604,0.04060960990396725,0.17936155630360967,0.3541516687104443,0.37391120333895045
NKE,NKE261218P00085000,Put,2026-12-18,85.0,1.0943721786813356,16.75,17.0,2.0,272,72.8,73.04,73.0,0.2797313238525389,2026-12-18,1.2621492128678986,77.67010314756064,0.09018084603645912,0.3836615996658334,0.39131145338115497,0.3874864423676953,0.007649853715321564,-0.49580987670288323,1.03630605049413,0.3954885413771679,0.19741425574881577,0.3292015786989567,0.0,0.37391120333895045
NKE,NKE260116C00072500,Call,2026-01-16,72.5,0.9773719869217675,6.9,7.05,56.0,3530,72.8,73.04,73.0,0.3978331701660156,2026-01-16,0.34223134839151265,74.1785123475236,-0.022887955369408717,0.3595998028394492,0.3686179113781828,0.36410886283004174,0.009018108538733582,0.5847089893580504,0.9737843091584959,0.363510599397095,0.04522243527516608,0.29332770733171687,0.299205262744973,0.37391120333895045
NKE,NKE260320C00072500,Call,2026-03-20,72.5,0.9689791490328175,8.15,8.3,6.0,1023,72.8,73.04,73.0,0.3855041918945311,2026-03-20,0.5147159479808351,74.82101144525718,-0.03151218534887504,0.3396267667810164,0.347043997244874,0.34333540604262613,0.007417230463857616,0.5991284589027863,0.9182271164295461,0.3437925601265726,0.06083598901272009,0.3686276586826738,0.5195565984425962,0.37391120333895045
NKE,NKE260417C00075000,Call,2026-04-17,75.0,0.9985574167498164,7.55,7.65,9.0,151,72.8,73.04,73.0,0.378790391845703,2026-04-17,0.5913757700205339,75.10835004772778,-0.0014436247751786863,0.3363086475867486,0.34082005092113865,0.3385642221411188,0.004511403334390041,0.5539803867546593,0.9054669106403062,0.33856422214111875,0.0677868808296468,0.3810886988487687,0.0,0.37391120333895045
NKE,NKE260220P00080000,Put,2026-02-20,80.0,1.073324540277238,10.3,10.45,1.0,251,72.8,73.04,73.0,0.3129951513671875,2026-02-20,0.4380561259411362,74.53477210102373,0.07076087856636269,0.3676872266293982,0.3755842208619359,0.37163714261991276,0.007896994232537702,-0.5654076514759039,0.9939181797744203,0.37163714261991276,0.06050175639685404,0.2752236650386743,0.2706924420865631,0.37391120333895045
NKE,NKE260918P00080000,Put,2026-09-18,80.0,1.0429085008757026,12.65,12.85,103.0,413,72.8,73.04,73.0,0.2908396112060546,2026-09-18,1.0130047912388775,76.70855106927033,0.04201344530147533,0.37048741047387684,0.3773381863395138,0.3739124384323436,0.006850775865636982,-0.46949880141947653,1.0000033031730051,0.37391243843234356,0.14162871813096733,0.2981019933637676,0.15891278092429703,0.37391120333895045
NKE,NKE251121C00070000,Call,2025-11-21,70.0,0.9509314576806721,6.7,6.8,10.0,301,72.8,73.04,73.0,0.4108945629882812,2025-11-21,0.188911704312115,73.61203526774732,-0.05031329297670907,0.38122876844101833,0.38974302985984344,0.3854878541719891,0.008514261418825109,0.6495350027279561,1.0309609627357017,0.385598977285446,0.02808863358950623,0.2900365104344557,0.3112893686987148,0.37391120333895045
NKE,NKE251017C00057500,Call,2025-10-17,57.5,0.7848737922373055,16.0,16.25,1.0,432,72.8,73.04,73.0,0.6084023535156251,2025-10-17,0.09308692676249145,73.2601859925716,-0.24223234834528198,0.5324068682050959,0.6156253152460013,0.5768740399466702,0.08321844704090542,0.9284416204901785,1.5428102576101042,0.5771014678806341,0.031002238312989476,0.0,,0.37391120333895045
NKE,NKE260220P00075000,Put,2026-02-20,75.0,1.0062417565099107,7.3,7.4,8.0,210,72.8,73.04,73.0,0.3236151623535155,2026-02-20,0.4380561259411362,74.53477210102373,0.006222357428791551,0.3669594649648853,0.3721776057845991,0.36956840358025794,0.005218140819713779,-0.46141791425255674,0.9883854783705003,0.36956840358025794,0.059830058283306405,0.2561563590397137,0.3131383878370138,0.37391120333895045
NKE,NKE261218P00082500,Put,2026-12-18,82.5,1.0621847616612963,15.15,15.4,2.0,689,72.8,73.04,73.0,0.2862009857177734,2026-12-18,1.2621492128678986,77.67010314756064,0.0603278828867779,0.3815094495522145,0.389181646404808,0.3853450241585397,0.007672196852593516,-0.469269289758932,1.030578973610546,0.38631526363067176,0.188362495888762,0.3399210519343892,0.1605414570475567,0.37391120333895045
NKE,NKE260220C00072500,Call,2026-02-20,72.5,0.9727003646262469,7.55,7.65,20.0,192,72.8,73.04,73.0,0.3835510864257812,2026-02-20,0.4380561259411362,74.53477210102373,-0.027679194246889895,0.3433516765795289,0.3486912716566143,0.3460214895263728,0.005339595077085368,0.5930389705821545,0.9254108634255186,0.3465084592500789,0.05259657213716132,0.2815153379920795,0.31452523206544725,0.37391120333895045
NKE,NKE260417P00080000,Put,2026-04-17,80.0,1.0651279111998042,11.25,11.4,1.0,200,72.8,73.04,73.0,0.3139717041015625,2026-04-17,0.5913757700205339,75.10835004772778,0.06309489636239259,0.37673458492432177,0.3834559721412003,0.3800956535161555,0.006721387216878538,-0.5277877985870464,1.0165398900112625,0.3800956535161555,0.0854376576523604,0.37916675286791346,0.3432572165347685,0.37391120333895045
NKE,NKE251219P00100000,Put,2025-12-19,100.0,1.3532764605793488,26.85,27.15,11.0,86,72.8,73.04,73.0,0.3169013623046874,2025-12-19,0.2655715263518138,73.89473098289848,0.3025286598600384,0.4765879799034814,0.5117256915422841,0.4945923377968496,0.03513771163880269,-0.8553135393311658,1.3227534595921207,0.49459233779684963,0.064964526540488,0.41884743186683693,0.0,0.37391120333895045
NKE,NKE251017P00075000,Put,2025-10-17,75.0,1.023748424657355,4.75,4.85,147.0,4357,72.8,73.04,73.0,0.4065000756835937,2025-10-17,0.09308692676249145,73.2601859925716,0.023470817387723688,0.42586552627011554,0.4372037560900579,0.4315356633736677,0.01133822981994237,-0.5447604930764071,1.1541126864350215,0.4315356633736677,0.017334929439983437,0.1485030972672609,0.163355656287129,0.37391120333895045
NKE,NKE261218P00097500,Put,2026-12-18,97.5,1.255309263781532,26.05,26.35,1.0,106,72.8,73.04,73.0,0.2498243963623047,2026-12-18,1.2621492128678986,77.67010314756064,0.22738196754994408,0.4104975915078285,0.41997837687794065,0.4152429412592252,0.009480785370112155,-0.6003145112538055,1.1105389128520107,0.4182727934296379,0.2208156928199929,0.301213133497135,0.438031767170899,0.37391120333895045
NKE,NKE261218C00050000,Call,2026-12-18,50.0,0.6437483404007857,26.45,26.85,3.0,477,72.8,73.04,73.0,0.4439752868652343,2026-12-18,1.2621492128678986,77.67010314756064,-0.4404474050257113,0.2580605793950627,0.2996338154303501,0.28035043715963087,0.0415732360352874,0.9401340535728465,0.7497781148469447,0.29531477563624675,0.11007306366294044,0.0,0.5141244522448851,0.37391120333895045
NKE,NKE260618C00082500,Call,2026-06-18,82.5,1.0891300056514839,5.35,5.45,3.0,2165,72.8,73.04,73.0,0.3495548443603515,2026-06-18,0.7611225188227242,75.74853283988908,0.08537921758903688,0.31016901155540233,0.31417163634402945,0.31217083550297897,0.004002624788627118,0.4296270146915816,0.8348795989939787,0.31266855032504626,0.07440857225663997,0.21319315103026812,0.2895168910341716,0.37391120333895045
NKE,NKE251017C00055000,Call,2025-10-17,55.0,0.7507488447487269,18.4,18.65,5.0,284,72.8,73.04,73.0,0.6626010302734376,2025-10-17,0.09308692676249145,73.2601859925716,-0.28668411091611584,0.5688093600275488,0.6718455007290379,0.6251640485799342,0.10303614070148914,0.945022012820665,1.671958590695725,0.6205955289698144,0.0358513882536044,0.0,,0.37391120333895045
NKE,NKE270115P00077500,Put,2027-01-15,77.5,0.9939926515134113,12.55,12.75,50.0,754,72.8,73.04,73.0,0.2988961712646484,2027-01-15,1.3388090349075976,77.96838324911333,-0.006025465196540805,0.38358518211324427,0.3896963883249985,0.3866401832803339,0.006111206211754205,-0.4062689041093269,1.034042788308337,0.3904209529596219,0.20407268043625126,0.31239973800750076,0.3845989426172829,0.37391120333895045
NKE,NKE251219C00057500,Call,2025-12-19,57.5,0.7781339648331256,16.9,17.15,2.0,513,72.8,73.04,73.0,0.5014698291015626,2025-12-19,0.2655715263518138,73.89473098289848,-0.25085657832474817,0.40091074448118846,0.43821256241246154,0.42011450315302523,0.037301817931273074,0.8974115587267374,1.1235675727324796,0.42142802784173156,0.04716592338701003,0.3309049223054211,0.5404262311147813,0.37391120333895045
NKE,NKE251219P00065000,Put,2025-12-19,65.0,0.8796296993765768,2.35,2.4,10.0,8059,72.8,73.04,73.0,0.3847717773437499,2025-12-19,0.2655715263518138,73.89473098289848,-0.1282542562324158,0.40548385991092595,0.4097922097873771,0.40764009372672927,0.0043083498764511785,-0.23713097211039047,1.0902056158964661,0.4081862009719099,0.04424845870608185,0.3910808840896053,0.4928257131420796,0.37391120333895045
NKE,NKE260320C00080000,Call,2026-03-20,80.0,1.069218371346557,4.95,5.05,124.0,5186,72.8,73.04,73.0,0.3678041735839844,2026-03-20,0.5147159479808351,74.82101144525718,0.06692788746437736,0.3340691393784514,0.33891957341567436,0.3364949008067253,0.0048504340372229615,0.43780922370771314,0.8999326519288396,0.337020915831998,0.05846303181149589,0.33021622610868473,0.25163775588583615,0.37391120333895045
NKE,NKE260618P00082500,Put,2026-06-18,82.5,1.0891300056514839,13.35,13.5,1.0,122,72.8,73.04,73.0,0.2904123693847655,2026-06-18,0.7611225188227242,75.74853283988908,0.08537921758903688,0.36989552810216086,0.37583532871452285,0.37286593035461874,0.0059398006123619895,-0.5397551943621532,0.9972044887262066,0.37341360292044656,0.10612918778698438,0.21319315103026812,0.2895168910341716,0.37391120333895045
NKE,NKE251121C00077500,Call,2025-11-21,77.5,1.0528169710036013,3.1,3.15,176.0,999,72.8,73.04,73.0,0.3847717773437499,2025-11-21,0.188911704312115,73.61203526774732,0.05146940133323326,0.36886293601124787,0.37293162225747534,0.3708978116211153,0.004068686246227471,0.405680002797314,0.9919408894653966,0.37079377859935597,0.025973097361016256,0.2923162367731116,0.3504653146878708,0.37391120333895045
NKE,NKE260618C00052500,Call,2026-06-18,52.5,0.6930827308691261,23.0,23.25,4.0,108,72.8,73.04,73.0,0.4519097778320313,2026-06-18,0.7611225188227242,75.74853283988908,-0.3666059061540204,0.30518687116495896,0.33359779385419136,0.3199321973060644,0.0284109226892324,0.9268895406497155,0.8556368315502062,0.3193680610688637,0.0776314207906534,0.0,0.33728882896757933,0.37391120333895045
NKE,NKE251121C00080000,Call,2025-11-21,80.0,1.0867788087779109,2.31,2.35,119.0,1732,72.8,73.04,73.0,0.379889013671875,2025-11-21,0.188911704312115,73.61203526774732,0.08321809964781346,0.3666109926666506,0.3700956817274359,0.3683544241332345,0.0034846890607853065,0.3300653427166242,0.9851387731736972,0.36886005556566176,0.02570289966007204,0.3007935558662863,0.3173437581260269,0.37391120333895045
NKE,NKE251017C00052500,Call,2025-10-17,52.5,0.7166238972601484,20.8,21.05,2.0,184,72.8,73.04,73.0,0.710940390625,2025-10-17,0.09308692676249145,73.2601859925716,-0.33320412655100873,0.5879767641235323,0.7223036182278525,0.6644450810205698,0.13432685410432021,0.9595077810666356,1.7770130316695818,0.6632892367241199,0.04095383653070015,0.0,,0.37391120333895045
NKE,NKE251121P00075000,Put,2025-11-21,75.0,1.0188551332292914,5.45,5.55,72.0,2900,72.8,73.04,73.0,0.3444889770507812,2025-11-21,0.188911704312115,73.61203526774732,0.018679578510242278,0.37106879080074845,0.37898198975056296,0.37502552576972276,0.007913198949814515,-0.5132015584211544,1.0029801793068023,0.3750427247221705,0.026571762163792065,0.29058173035220297,0.3087623530457379,0.37391120333895045
NKE,NKE260116P00077500,Put,2026-01-16,77.5,1.0447769515370617,8.35,8.5,72.0,2505,72.8,73.04,73.0,0.3386296606445312,2026-01-16,0.34223134839151265,74.1785123475236,0.04380341912926341,0.3795368201192052,0.3883810723760815,0.38395959361553855,0.008844252256876295,-0.5329562861845043,1.0268737341562864,0.3848477313504136,0.050687123999165,0.28095977325336197,0.29254663018479676,0.37391120333895045
NKE,NKE260618P00077500,Put,2026-06-18,77.5,1.0231221265210908,10.25,10.4,2.0,631,72.8,73.04,73.0,0.3034127276611328,2026-06-18,0.7611225188227242,75.74853283988908,0.02285886060770278,0.3670547175640088,0.37298929423099364,0.37002175559423683,0.0059345766669848254,-0.4639064378283051,0.9895979373980195,0.37039886330312016,0.10442244595831811,0.2226566845831519,0.31475925548217226,0.37391120333895045
NKE,NKE260116P00072500,Put,2026-01-16,72.5,0.9773719869217675,5.65,5.75,11.0,2420,72.8,73.04,73.0,0.3509586389160155,2026-01-16,0.34223134839151265,74.1785123475236,-0.022887955369408717,0.3836504703149433,0.3896629620819948,0.3866566863749681,0.006012491767051487,-0.4151626420678448,1.0340869247088695,0.3869890026932951,0.05125273381435701,0.29332770733171687,0.299205262744973,0.37391120333895045
NKE,NKE260918P00070000,Put,2026-09-18,70.0,0.9125449382662398,7.5,7.6,31.0,364,72.8,73.04,73.0,0.3147651531982421,2026-09-18,1.0130047912388775,76.70855106927033,-0.09151794732304726,0.3731056967181694,0.3768538021531872,0.37497985804859724,0.003748105435017801,-0.33316350359870406,1.002858044102728,0.374850683692541,0.14234037775212377,0.21015772168808233,0.4064040390826876,0.37391120333895045
NKE,NKE260618P00080000,Put,2026-06-18,80.0,1.0561260660862872,11.75,11.9,2.0,295,72.8,73.04,73.0,0.2972482385253905,2026-06-18,0.7611225188227242,75.74853283988908,0.05460755892228303,0.3682444678666251,0.3741548765547154,0.371199698290886,0.005910408688090285,-0.5026735970669223,0.9927482647648659,0.371352490455014,0.10496082919223895,0.2311074718161578,0.30944486808096927,0.37391120333895045
NKE,NKE251219C00065000,Call,2025-12-19,65.0,0.8796296993765768,10.85,11.1,60.0,28017,72.8,73.04,73.0,0.4415339050292969,2025-12-19,0.2655715263518138,73.89473098289848,-0.1282542562324158,0.3812548637496875,0.40311559639417144,0.3922450447006956,0.02186073264448396,0.7689999165834116,1.0490326077368843,0.39225282539722867,0.0408614402905258,0.3910808840896053,0.4928257131420796,0.37391120333895045
NKE,NKE260618C00050000,Call,2026-06-18,50.0,0.6600787913039295,25.1,25.4,1.0,222,72.8,73.04,73.0,0.4713187634277344,2026-06-18,0.7611225188227242,75.74853283988908,-0.4153960703234525,0.2898879731664882,0.3365869319106857,0.31521449077658503,0.04669895874419755,0.9503266134180876,0.8430196473434981,0.3164222027915343,0.07620587788256326,0.0,0.35292651979318157,0.37391120333895045
NKE,NKE260116P00070000,Put,2026-01-16,70.0,0.9436695046141204,4.5,4.6,41.0,22291,72.8,73.04,73.0,0.3562076098632812,2026-01-16,0.34223134839151265,74.1785123475236,-0.05797927518067883,0.38445292492612454,0.3907431064945146,0.38759868604105335,0.006290181568390063,-0.35603643798630713,1.0366062385397294,0.38937236577548295,0.051885981940313644,0.3002489889287736,0.3145934168106616,0.37391120333895045
NKE,NKE260320C00055000,Call,2026-03-20,55.0,0.7350876303007581,20.15,20.45,19.0,847,72.8,73.04,73.0,0.4731497998046875,2026-03-20,0.5147159479808351,74.82101144525718,-0.3077655619770332,0.3501969636829589,0.38371480591093293,0.3674718988750921,0.03351784222797405,0.9030620949365066,0.982778519588724,0.36199438151269875,0.06744834294973615,0.35954000918524864,0.0,0.37391120333895045
NKE,NKE260116P00082500,Put,2026-01-16,82.5,1.112181916152356,11.65,11.85,190.0,2511,72.8,73.04,73.0,0.325079991455078,2026-01-16,0.34223134839151265,74.1785123475236,0.10632377611059741,0.3789429828115398,0.39147825076966525,0.3852213226714325,0.012535267958125429,-0.640248893970784,1.030248142423883,0.38927133661661373,0.05185906006546372,0.261191762712565,0.28960068317878457,0.37391120333895045
NKE,NKE260918C00070000,Call,2026-09-18,70.0,0.9125449382662398,12.1,12.25,42.0,303,72.8,73.04,73.0,0.3731141790771484,2026-09-18,1.0130047912388775,76.70855106927033,-0.09151794732304726,0.30625142815049344,0.31191969269490033,0.30908637068340306,0.005668264544406887,0.6735474083134778,0.8266304082983476,0.31023474941531526,0.09749725367712492,0.21015772168808233,0.4064040390826876,0.37391120333895045
NKE,NKE260320P00072500,Put,2026-03-20,72.5,0.9689791490328175,6.65,6.75,5.0,1029,72.8,73.04,73.0,0.3350896569824219,2026-03-20,0.5147159479808351,74.82101144525718,-0.03151218534887504,0.37730958410315085,0.38225539140103343,0.3797824460188328,0.004945807297882576,-0.4005635161281813,1.015702237930967,0.37978244601883276,0.0742399035870252,0.3686276586826738,0.5195565984425962,0.37391120333895045
NKE,NKE260320C00067500,Call,2026-03-20,67.5,0.9021530008236576,10.95,11.1,8.0,580,72.8,73.04,73.0,0.3997862756347656,2026-03-20,0.5147159479808351,74.82101144525718,-0.10297114933102006,0.3434832743671649,0.35178764958242303,0.347639303721225,0.00830437521525812,0.7045612060745413,0.9297375971002666,0.3482766487598788,0.0624333068457918,0.30941701295218743,0.5182436477057646,0.37391120333895045
NKE,NKE270115C00077500,Call,2027-01-15,77.5,0.9939926515134113,10.35,10.55,18.0,8187,72.8,73.04,73.0,0.3667055517578125,2027-01-15,1.3388090349075976,77.96838324911333,-0.006025465196540805,0.3033916311721394,0.3094465648716706,0.3064186323364455,0.006054933699531195,0.5770172051295662,0.8194957241189617,0.3063402035509103,0.12563962390795025,0.31239973800750076,0.3845989426172829,0.37391120333895045
NKE,NKE260116C00042500,Call,2026-01-16,42.5,0.5729421992300017,36.15,36.45,1.0,48,72.8,73.04,73.0,1.2998081884765622,2026-01-16,0.34223134839151265,74.1785123475236,-0.5569704412996667,1.2519393242275025,1.2850062598963383,1.268518666675683,0.033066935668835784,0.8689811350695276,3.392566618352355,0.5977016242984177,0.12226120181005025,0.0,,0.37391120333895045
NKE,NKE251017C00065000,Call,2025-10-17,65.0,0.8872486347030409,9.3,9.45,6.0,1895,72.8,73.04,73.0,0.5009815527343751,2025-10-17,0.09308692676249145,73.2601859925716,-0.11963002625294965,0.46415350135070743,0.489386271082337,0.4768819393651892,0.02523276973162958,0.814596541126314,1.275388207431955,0.4777164676132563,0.02124364899817158,0.5080598601075239,0.23379660947750405,0.37391120333895045
NKE,NKE260918C00085000,Call,2026-09-18,85.0,1.1080902821804341,5.85,5.95,51.0,2978,72.8,73.04,73.0,0.3454655297851562,2026-09-18,1.0130047912388775,76.70855106927033,0.10263806711791026,0.30153775577130104,0.30501120409722776,0.3032749263714861,0.00347344832592672,0.42715078574389703,0.8110880970222426,0.30371975637152393,0.09344532635685095,0.2854200532658463,0.49213982191352684,0.37391120333895045
NKE,NKE251121P00077500,Put,2025-11-21,77.5,1.0528169710036013,6.95,7.05,1.0,917,72.8,73.04,73.0,0.335944140625,2025-11-21,0.188911704312115,73.61203526774732,0.05146940133323326,0.36874784983549,0.37688127845637676,0.37281665658035196,0.008133428620886729,-0.5935209497814532,0.99707270937906,0.3750687649732781,0.026575452193407338,0.2923162367731116,0.3504653146878708,0.37391120333895045
NKE,NKE260618C00057500,Call,2026-06-18,57.5,0.759090609999519,19.0,19.25,3.0,570,72.8,73.04,73.0,0.4239559558105469,2026-06-18,0.7611225188227242,75.74853283988908,-0.2756341279482937,0.3146331306771973,0.3330179991556235,0.3239471734042244,0.01838486847842624,0.8679161192181402,0.8663746111682199,0.3235793636757388,0.07969227126053197,0.0,0.31029990925602985,0.37391120333895045
NKE,NKE260618P00070000,Put,2026-06-18,70.0,0.9241103078255014,6.5,6.6,1.0,1841,72.8,73.04,73.0,0.3218451605224609,2026-06-18,0.7611225188227242,75.74853283988908,-0.0789238337022395,0.370292882763556,0.37457046033667996,0.3724318718247523,0.00427757757312397,-0.34260543056882464,0.996043628805481,0.37271069778719496,0.1057300135800546,0.22222143122346055,0.3142451498597258,0.37391120333895045
NKE,NKE270115C00050000,Call,2027-01-15,50.0,0.6412855816215557,26.65,27.05,4.0,1582,72.8,73.04,73.0,0.4409235595703125,2027-01-15,1.3388090349075976,77.96838324911333,-0.44428039612769604,0.25478005945922244,0.29475465363051256,0.27616071303148954,0.03997459417129012,0.9394479956756411,0.7385729835464435,0.2763995039932502,0.10228057319636552,0.0,0.4615439066268662,0.37391120333895045
NKE,NKE251121P00095000,Put,2025-11-21,95.0,1.2905498354237692,21.95,22.15,2.0,92,72.8,73.04,73.0,0.3242255078124999,2025-11-21,0.188911704312115,73.61203526774732,0.25506835657447274,0.45555625105800956,0.4860085896085241,0.4711622212211277,0.030452338550514546,-0.8735106478889461,1.2600912115329672,0.4711622212211278,0.04193723441674431,0.3628431544759486,0.0,0.37391120333895045
NKE,NKE270115C00075000,Call,2027-01-15,75.0,0.9619283724323335,11.45,11.65,35.0,5839,72.8,73.04,73.0,0.3714662463378906,2027-01-15,1.3388090349075976,77.96838324911333,-0.03881528801953168,0.30447703387113867,0.31066861793680056,0.30757251794766133,0.006191584065661893,0.6129472816993161,0.8225817124523196,0.3068311462589748,0.12604264827334055,0.30123404199790826,0.34323970334683196,0.37391120333895045
NKE,NKE260618C00072500,Call,2026-06-18,72.5,0.9571142473906978,9.5,9.65,39.0,2692,72.8,73.04,73.0,0.3712221081542969,2026-06-18,0.7611225188227242,75.74853283988908,-0.043832513890969454,0.31662453037716903,0.3228005976687843,0.3197126422895533,0.006176067291615239,0.6166180695163848,0.8550496466395896,0.3194231999587253,0.07765822923143154,0.23213374315275515,0.32825061876961525,0.37391120333895045
NKE,NKE270115C00060000,Call,2027-01-15,60.0,0.7695426979458668,19.55,19.85,7.0,2191,72.8,73.04,73.0,0.4035093829345704,2027-01-15,1.3388090349075976,77.96838324911333,-0.2619588393337414,0.29453320858884735,0.3082132620580084,0.3014146925510964,0.013680053469161069,0.8226467501129664,0.8061130286001728,0.3012126678210611,0.12146890032614856,0.720390133075038,0.30320725857960895,0.37391120333895045
NKE,NKE251017C00070000,Call,2025-10-17,70.0,0.9554985296801979,5.7,5.8,67.0,7018,72.8,73.04,73.0,0.4611870288085938,2025-10-17,0.09308692676249145,73.2601859925716,-0.04552205409922783,0.4455054537246205,0.45770717297020325,0.4516106165932801,0.01220171924558272,0.6551540602375414,1.2078017790333369,0.452182554522773,0.019033396656813632,1.1907772175241356,0.18344213522388228,0.37391120333895045
NKE,NKE260116C00070000,Call,2026-01-16,70.0,0.9436695046141204,8.25,8.4,70.0,9998,72.8,73.04,73.0,0.4047911083984374,2026-01-16,0.34223134839151265,74.1785123475236,-0.05797927518067883,0.3619098795515267,0.37137512477314016,0.3666443830992372,0.00946524522161346,0.6471205330082715,0.9805653851106304,0.36637072836320694,0.04593686194434865,0.3002489889287736,0.3145934168106616,0.37391120333895045
NKE,NKE260320C00077500,Call,2026-03-20,77.5,1.0358052972419773,5.9,6.0,33.0,5474,72.8,73.04,73.0,0.3728700408935547,2026-03-20,0.5147159479808351,74.82101144525718,0.03517918914979724,0.3364424697799117,0.3412351259626412,0.3388388501464926,0.0047926561827295044,0.49075907075959846,0.9062013845018044,0.3389623564179917,0.05913853542742308,0.3194252271736697,0.0,0.37391120333895045
NKE,NKE260116C00085000,Call,2026-01-16,85.0,1.1458843984600033,2.44,2.48,78.0,4222,72.8,73.04,73.0,0.3713441772460937,2026-01-16,0.34223134839151265,74.1785123475236,0.13617673926027868,0.3517446297504605,0.35448781109658095,0.35311734959963237,0.002743181346120449,0.28913191424672513,0.9443882570149458,0.3552313807521651,0.0431859458833298,0.2502633165181736,0.27521032556566444,0.37391120333895045
NKE,NKE251219P00075000,Put,2025-12-19,75.0,1.0149573454345115,6.45,6.55,43.0,3121,72.8,73.04,73.0,0.3577945080566406,2025-12-19,0.2655715263518138,73.89473098289848,0.014846587408257443,0.3905423780783695,0.3972154705832277,0.3938788543786073,0.006673092504858202,-0.48869271161857075,1.0534021202396446,0.39369376462079086,0.04116220038117781,0.39695336512180923,0.6240095550323667,0.37391120333895045
NKE,NKE251121P00090000,Put,2025-11-21,90.0,1.2226261598751498,17.2,17.35,1.0,94,72.8,73.04,73.0,0.3208075732421874,2025-11-21,0.188911704312115,73.61203526774732,0.20100113530419694,0.41482683027078626,0.4343301435780672,0.42471038444522524,0.019503313307280945,-0.8405139477353631,1.135858943654666,0.4370218466220982,0.03607988642114777,0.27473808615756107,0.3493015594261486,0.37391120333895045
NKE,NKE260618P00090000,Put,2026-06-18,90.0,1.1881418243470732,18.8,19.0,12.0,260,72.8,73.04,73.0,0.271918901977539,2026-06-18,0.7611225188227242,75.74853283988908,0.1723905945786665,0.38272512656054297,0.3910800688278262,0.38690783840398296,0.008354942267283227,-0.6338025211658316,1.0347586136734477,0.3867823378895443,0.11386436790997358,0.2077311894008422,0.2531342098551849,0.37391120333895045
NKE,NKE260116C00047500,Call,2026-01-16,47.5,0.640347163845296,26.3,26.55,13.0,149,72.8,73.04,73.0,0.5681195532226562,2026-01-16,0.34223134839151265,74.1785123475236,-0.44574480618944223,0.35896473101939214,0.4620771215729702,0.4210563941115488,0.10311239055357807,0.9733680331483217,1.1260865958323834,0.4210563941115488,0.06067367796790552,0.0,,0.37391120333895045
NKE,NKE260618C00060000,Call,2026-06-18,60.0,0.7920945495647155,17.15,17.4,6.0,2422,72.8,73.04,73.0,0.4132138757324218,2026-06-18,0.7611225188227242,75.74853283988908,-0.23307451352949782,0.3170882225604169,0.3327663768900791,0.3249893419934539,0.015678154329662186,0.8324305141147916,0.8691618199491368,0.32464792775012735,0.08021947981903253,0.1075071035243072,0.32697287729526053,0.37391120333895045
NKE,NKE270115C00080000,Call,2027-01-15,80.0,1.026056930594489,9.35,9.5,32.0,5441,72.8,73.04,73.0,0.3613955462646484,2027-01-15,1.3388090349075976,77.96838324911333,0.025723233118039496,0.30280386941621223,0.30728415809438436,0.30504380126749037,0.0044802886781721285,0.5412562545896886,0.8158188322347972,0.3058412687227373,0.12523069987343885,0.31800339711225745,0.2743001236670051,0.37391120333895045
NKE,NKE251017C00075000,Call,2025-10-17,75.0,1.023748424657355,3.1,3.15,833.0,5956,72.8,73.04,73.0,0.43945873046875,2025-10-17,0.09308692676249145,73.2601859925716,0.023470817387723688,0.43513344690394123,0.44080029241563345,0.4379671115304501,0.00566684551169222,0.4566665035077734,1.1713131556890874,0.43957061361286925,0.01798647235583247,0.1485030972672609,0.163355656287129,0.37391120333895045
NKE,NKE260116C00075000,Call,2026-01-16,75.0,1.0110744692294147,5.7,5.8,223.0,13035,72.8,73.04,73.0,0.3885559191894531,2026-01-16,0.34223134839151265,74.1785123475236,0.011013596306272638,0.35683714056506954,0.3627213935470602,0.3597791667723555,0.005884252981990634,0.5210975898354441,0.962204832483224,0.3609668614020759,0.04459174367914629,0.2943524862526422,0.3313129837892662,0.37391120333895045
NKE,NKE251219P00077500,Put,2025-12-19,77.5,1.0487892569489954,7.9,8.0,4.0,1035,72.8,73.04,73.0,0.3497379479980468,2025-12-19,0.2655715263518138,73.89473098289848,0.04763641023124843,0.3883364092068327,0.39506795010624113,0.3917028377274678,0.006731540899408417,-0.5537175994673595,1.047582512183753,0.3922019330526012,0.040850837947020165,0.3761599998167119,0.5056416272491032,0.37391120333895045
NKE,NKE260116C00067500,Call,2026-01-16,67.5,0.9099670223064732,9.75,9.9,6.0,4710,72.8,73.04,73.0,0.4123593920898437,2026-01-16,0.34223134839151265,74.1785123475236,-0.09434691935155369,0.36366970829947454,0.373896158857919,0.36878930150046324,0.010226450558444455,0.7071858179106596,0.986301823019076,0.3693184473732282,0.04667902654694454,0.27069656199889075,0.29058090925753643,0.37391120333895045
NKE,NKE251121P00080000,Put,2025-11-21,80.0,1.0867788087779109,8.7,8.8,2.0,651,72.8,73.04,73.0,0.3313055151367187,2025-11-21,0.188911704312115,73.61203526774732,0.08321809964781346,0.37201635455018994,0.38068007954473493,0.3763545034412747,0.008663724994544986,-0.665290397231807,1.006534439408357,0.37686120940408974,0.026830066008466557,0.3007935558662863,0.3173437581260269,0.37391120333895045
NKE,NKE270115P00080000,Put,2027-01-15,80.0,1.026056930594489,14.0,14.2,2.0,3625,72.8,73.04,73.0,0.2935251312255859,2027-01-15,1.3388090349075976,77.96838324911333,0.025723233118039496,0.3852521349607873,0.39127768683834496,0.38826435944413185,0.0060255518775576555,-0.43354102876749634,1.03838653663493,0.3922244373971207,0.20596239436971273,0.31800339711225745,0.2743001236670051,0.37391120333895045
NKE,NKE251219C00067500,Call,2025-12-19,67.5,0.9134616108910605,9.15,9.25,17.0,553,72.8,73.04,73.0,0.4195614685058594,2025-12-19,0.2655715263518138,73.89473098289848,-0.09051392824956876,0.37877978926161643,0.38657212894389953,0.3826799449447817,0.0077923396822831,0.7114341727401541,1.02345140110146,0.38504383450834706,0.03937330372569599,0.386657783145693,0.5113253566635492,0.37391120333895045
NKE,NKE260618P00072500,Put,2026-06-18,72.5,0.9571142473906978,7.65,7.75,1.0,1938,72.8,73.04,73.0,0.3157417059326171,2026-06-18,0.7611225188227242,75.74853283988908,-0.043832513890969454,0.36920931951363856,0.3733275090366096,0.3712683690826492,0.00411818952297105,-0.3831273033271565,0.9929319201117771,0.37125586756015805,0.10490621639151564,0.23213374315275515,0.32825061876961525,0.37391120333895045
NKE,NKE251017P00080000,Put,2025-10-17,80.0,1.091998319634512,8.2,8.3,7.0,1282,72.8,73.04,73.0,0.399420068359375,2025-10-17,0.09308692676249145,73.2601859925716,0.08800933852529491,0.4290563996537265,0.4425091619611173,0.43580530016459523,0.013452762307390786,-0.7242175659336227,1.165531538699411,0.43580530016459534,0.017679651822458054,0.19257445831251374,0.21163332251850897,0.37391120333895045
NKE,NKE251121C00060000,Call,2025-11-21,60.0,0.8150841065834332,14.3,14.4,10.0,62,72.8,73.04,73.0,0.4882863671875,2025-11-21,0.188911704312115,73.61203526774732,-0.2044639728039674,0.42419344071012405,0.4401079241248577,0.4322368418362918,0.01591448341473367,0.8814519239428688,1.1559879403893367,0.4322368418362919,0.03529412575880137,0.3378899261798859,0.3810045160684369,0.37391120333895045
NKE,NKE270115C00070000,Call,2027-01-15,70.0,0.897799814270178,13.85,14.05,52.0,5271,72.8,73.04,73.0,0.3806214282226562,2027-01-15,1.3388090349075976,77.96838324911333,-0.10780815950648312,0.30462662623627706,0.31129617602599513,0.3079624808970297,0.0066695497897180656,0.6846404998858897,0.8236246417518059,0.3076190749145948,0.12669082321120087,0.26706434416248076,0.5764698275560999,0.37391120333895045
NKE,NKE251017C00062500,Call,2025-10-17,62.5,0.8531236872144624,11.4,11.55,24.0,2657,72.8,73.04,73.0,0.5141650146484374,2025-10-17,0.09308692676249145,73.2601859925716,-0.15885073940623098,0.4785459366886129,0.5104965166954204,0.4948057731306003,0.031950580006807505,0.8702791474759553,1.3233242778287628,0.4947835459903862,0.022788681043164685,0.2764069244513674,0.30966204373673634,0.37391120333895045
NKE,NKE260918C00065000,Call,2026-09-18,65.0,0.8473631569615084,15.0,15.15,6.0,406,72.8,73.04,73.0,0.3869690209960937,2026-09-18,1.0130047912388775,76.70855106927033,-0.16562591947676913,0.30773965319262386,0.31422036749918125,0.31098432448092717,0.006480714306557389,0.7535350867807566,0.8317063562254912,0.303579778197366,0.09335921215669792,0.23128910083737944,0.400504575757379,0.37391120333895045
NKE,NKE260116P00080000,Put,2026-01-16,80.0,1.078479433844709,9.95,10.1,6.0,8933,72.8,73.04,73.0,0.3317937915039062,2026-01-16,0.34223134839151265,74.1785123475236,0.07555211744384382,0.37999244519977604,0.38902926893588774,0.3845135165740506,0.009036823736111699,-0.5883885926775843,1.0283551633126358,0.38586631651254066,0.050955788575960365,0.2708197517184122,0.2810322917854305,0.37391120333895045
NKE,NKE251017C00077500,Call,2025-10-17,77.5,1.0578733721459335,2.22,2.25,772.0,3636,72.8,73.04,73.0,0.4367732104492187,2025-10-17,0.09308692676249145,73.2601859925716,0.056260640210714585,0.4361457509490754,0.4397446605236222,0.4379458446555028,0.003598909574546838,0.3615768602157964,1.1712562788831575,0.4380575101907853,0.017862858305201096,0.16362977347088575,0.20802227943324816,0.37391120333895045
NKE,NKE251017C00067500,Call,2025-10-17,67.5,0.9213735821916194,7.4,7.5,13.0,3827,72.8,73.04,73.0,0.476567734375,2025-10-17,0.09308692676249145,73.2601859925716,-0.08188969827010271,0.45537292923043377,0.46929996607460917,0.46235386323646194,0.0139270368441754,0.7424907652053525,1.236533859129485,0.4633507081120811,0.019985193363643745,,0.2098396886985241,0.37391120333895045
NKE,NKE260618C00070000,Call,2026-06-18,70.0,0.9241103078255014,10.8,10.95,33.0,4981,72.8,73.04,73.0,0.3768372863769531,2026-06-18,0.7611225188227242,75.74853283988908,-0.0789238337022395,0.3173335868488906,0.32379439501389207,0.32056496907584475,0.0064608081650014415,0.6635018202724534,0.8573291364721497,0.3209442183286037,0.0783995706377529,0.22222143122346055,0.3142451498597258,0.37391120333895045
NKE,NKE260116C00057500,Call,2026-01-16,57.5,0.7751570930758845,17.25,17.45,60.0,1248,72.8,73.04,73.0,0.4721732470703125,2026-01-16,0.34223134839151265,74.1785123475236,-0.2546895694267331,0.37530863169522305,0.40053710912611534,0.38817849694507106,0.025228477430892293,0.8916026550407427,1.0381569032399045,0.3922516329979787,0.05265617508199212,0.14256335548567917,0.31787152611228614,0.37391120333895045
NKE,NKE251219C00070000,Call,2025-12-19,70.0,0.9472935224055442,7.6,7.7,21.0,3253,72.8,73.04,73.0,0.4101621484375,2025-12-19,0.2655715263518138,73.89473098289848,-0.05414628407869391,0.37505280269261815,0.38220929488637256,0.3786321899851331,0.007156492193754416,0.6461919986820825,1.0126259566550164,0.37922976274592257,0.03819322561636108,0.3645192667224578,0.4935743065213844,0.37391120333895045
NKE,NKE260618C00065000,Call,2026-06-18,65.0,0.8581024286951084,13.75,13.9,3.0,900,72.8,73.04,73.0,0.3905090246582031,2026-06-18,0.7611225188227242,75.74853283988908,-0.15303180585596138,0.3181491361794159,0.3256241447843572,0.32189265703675324,0.007475008604941269,0.7534373953968747,0.8608799473305901,0.3236881799526835,0.07974587958883085,0.2044765142494715,0.30220119885182584,0.37391120333895045
NKE,NKE260116P00065000,Put,2026-01-16,65.0,0.876264539998826,2.75,2.79,233.0,10816,72.8,73.04,73.0,0.3679262426757813,2026-01-16,0.34223134839151265,74.1785123475236,-0.13208724733440072,0.39309435607100146,0.39607164460246913,0.3945838824122281,0.00297728853146767,-0.24584131866321324,1.0552876696089202,0.3962478407847663,0.05373454870862064,0.27310229910905637,0.29770073257019775,0.37391120333895045
NKE,NKE251219C00060000,Call,2025-12-19,60.0,0.8119658763476093,14.75,14.9,4.0,770,72.8,73.04,73.0,0.4663139306640625,2025-12-19,0.2655715263518138,73.89473098289848,-0.20829696390595223,0.39200391312910404,0.4105475506379118,0.4013832727439449,0.018543637508807775,0.8665934728730389,1.0734721751038068,0.4103905344970113,0.04472766025478448,0.371446297292131,0.5657338888708049,0.37391120333895045
NKE,NKE260618C00075000,Call,2026-06-18,75.0,0.9901181869558944,8.3,8.4,47.0,2620,72.8,73.04,73.0,0.3636538244628906,2026-06-18,0.7611225188227242,75.74853283988908,-0.009930962215288042,0.3151786656003301,0.3191791170752047,0.31717877872837025,0.0040004514748746,0.5691639200720058,0.848273001439991,0.31773354525471154,0.07683882383812604,0.2289161483515911,0.31917414649932496,0.37391120333895045
NKE,NKE260618P00075000,Put,2026-06-18,75.0,0.9901181869558944,8.9,9.0,11.0,1637,72.8,73.04,73.0,0.3089668713378906,2026-06-18,0.7611225188227242,75.74853283988908,-0.009930962215288042,0.3680855508647327,0.37209918094406474,0.37009222924761237,0.004013630079332031,-0.4237942342880262,0.989786414375297,0.3704155509521016,0.10443185529809013,0.2289161483515911,0.31917414649932496,0.37391120333895045
NKE,NKE260116P00075000,Put,2026-01-16,75.0,1.0110744692294147,6.95,7.05,60.0,13800,72.8,73.04,73.0,0.3450993225097656,2026-01-16,0.34223134839151265,74.1785123475236,0.011013596306272638,0.3828783739419874,0.3887664650554205,0.3858223031887606,0.0058880911134330804,-0.4744618915627431,1.0318554238103765,0.38557610556805716,0.050879169467840366,0.2943524862526422,0.3313129837892662,0.37391120333895045
NKE,NKE270115C00055000,Call,2027-01-15,55.0,0.7054141397837113,23.0,23.25,2.0,1418,72.8,73.04,73.0,0.4184628466796875,2027-01-15,1.3388090349075976,77.96838324911333,-0.3489702163233712,0.28673775442337884,0.3019087983007635,0.29442308818646573,0.01517104387738466,0.8838987905939498,0.7874144597897251,0.2902323246186253,0.1127743143106823,0.04091667648218966,0.505137368843837,0.37391120333895045
NKE,NKE260320C00062500,Call,2026-03-20,62.5,0.8353268526144978,14.3,14.45,1.0,1158,72.8,73.04,73.0,0.4200497448730469,2026-03-20,0.5147159479808351,74.82101144525718,-0.17993219046714834,0.34847637411560833,0.35867145667848505,0.3535918150188459,0.010195082562876712,0.7984586432882476,0.9456571824041201,0.35542807334494564,0.06502361035038907,0.276993549100887,0.6112344756399101,0.37391120333895045
NKE,NKE260116P00095000,Put,2026-01-16,95.0,1.280694327690592,22.25,22.45,2.0,446,72.8,73.04,73.0,0.301764794921875,2026-01-16,0.34223134839151265,74.1785123475236,0.24740237437050308,0.43051949203341816,0.44717953064286103,0.43892163139570955,0.016660038609442873,-0.7981765911739197,1.1738659539383396,0.43892163139570955,0.06593162166566431,0.25398493884190565,0.14643511549738647,0.37391120333895045
NKE,NKE251219P00070000,Put,2025-12-19,70.0,0.9472935224055442,4.05,4.1,300.0,5168,72.8,73.04,73.0,0.3689027954101562,2025-12-19,0.2655715263518138,73.89473098289848,-0.05414628407869391,0.3960223357854342,0.39958939630030127,0.39780610295687846,0.0035670605148670487,-0.3569493366318347,1.0639052785916856,0.3985745324436262,0.04218913297064354,0.3645192667224578,0.4935743065213844,0.37391120333895045
NKE,NKE251121C00065000,Call,2025-11-21,65.0,0.8830077821320527,10.15,10.25,43.0,973,72.8,73.04,73.0,0.4393366613769531,2025-11-21,0.188911704312115,73.61203526774732,-0.12442126513043096,0.3961766772828557,0.4070690178967177,0.40164132806904723,0.010892340613861962,0.7881496729980233,1.0741623264627336,0.40467453161048045,0.030936459632736918,0.32840595495155117,0.3320080552675882,0.37391120333895045
NKE,NKE251017P00070000,Put,2025-10-17,70.0,0.9554985296801979,2.39,2.42,478.0,6698,72.8,73.04,73.0,0.4167538793945312,2025-10-17,0.09308692676249145,73.2601859925716,-0.04552205409922783,0.4375609847769399,0.44123227770009615,0.4393970561302586,0.0036712929231562663,-0.34215334087241833,1.1751374449509213,0.4393970561302586,0.017972271813338478,1.1907772175241356,0.18344213522388228,0.37391120333895045
NKE,NKE260116P00087500,Put,2026-01-16,87.5,1.1795868807676504,15.65,15.8,10.0,893,72.8,73.04,73.0,0.3158027404785155,2026-01-16,0.34223134839151265,74.1785123475236,0.16516427613353088,0.39599215287905803,0.406459486256273,0.40124225274913267,0.010467333377214949,-0.7211543011586781,1.073095026749992,0.4020302437159089,0.055314276818026385,0.23454799056498962,0.34738616583805,0.37391120333895045
NKE,NKE260116C00055000,Call,2026-01-16,55.0,0.7414546107682374,19.4,19.6,7.0,1517,72.8,73.04,73.0,0.4924367163085938,2026-01-16,0.34223134839151265,74.1785123475236,-0.299141331997567,0.3753818122915179,0.40763870235337113,0.39207189095525874,0.03225689006185323,0.9220362038704015,1.0485695198596272,0.404380928618597,0.05596301691664573,0.0,0.3430188710876558,0.37391120333895045
NKE,NKE260116C00060000,Call,2026-01-16,60.0,0.8088595753835317,15.2,15.4,1.0,12646,72.8,73.04,73.0,0.4552056433105469,2026-01-16,0.34223134839151265,74.1785123475236,-0.21212995500793716,0.3740392104941567,0.3945671617179538,0.38442350172967826,0.02052795122379708,0.8544488508048953,1.0281144247534044,0.38404994999762415,0.05047719510375688,0.1906557572457062,0.3009946692195979,0.37391120333895045
NKE,NKE251017C00080000,Call,2025-10-17,80.0,1.091998319634512,1.55,1.57,442.0,14629,72.8,73.04,73.0,0.43555251953125,2025-10-17,0.09308692676249145,73.2601859925716,0.08800933852529491,0.4369504067552062,0.4396341897394266,0.4382931788483513,0.0026837829842203953,0.27716635161863834,1.1721852004820477,0.43993839131485596,0.01801658260695938,0.19257445831251374,0.21163332251850897,0.37391120333895045
NKE,NKE260320C00065000,Call,2026-03-20,65.0,0.8687399267190777,12.55,12.7,476.0,7881,72.8,73.04,73.0,0.4085752502441406,2026-03-20,0.5147159479808351,74.82101144525718,-0.140711477313867,0.34529961072869697,0.3543942264640427,0.34985574264022035,0.009094615735345757,0.7536763614821016,0.9356653117533795,0.35129869628728505,0.06352149353722512,0.29651085324771304,0.36623938812947254,0.37391120333895045
NKE,NKE260116P00090000,Put,2026-01-16,90.0,1.2132893630752977,17.75,17.95,4.0,5426,72.8,73.04,73.0,0.3125068749999999,2026-01-16,0.34223134839151265,74.1785123475236,0.1933351531002273,0.40368399865161714,0.4185309127869396,0.4111498060125045,0.014846914135322464,-0.7528680502714569,1.0995921019242563,0.4108561687065868,0.057769606900840285,0.23452696373001297,0.37775901623745467,0.37391120333895045
NKE,NKE251219C00050000,Call,2025-12-19,50.0,0.6766382302896744,23.8,23.95,1.0,254,72.8,73.04,73.0,0.5734905932617188,2025-12-19,0.2655715263518138,73.89473098289848,-0.3906185206999069,0.4349845066930827,0.4829112521360654,0.46063519600257247,0.0479267454429827,0.9611523429004798,1.2319374008834036,0.46157426865767065,0.05658022760362973,0.0,,0.37391120333895045
NKE,NKE260116C00050000,Call,2026-01-16,50.0,0.6740496461529432,23.95,24.15,1.0,2033,72.8,73.04,73.0,0.5329636547851562,2026-01-16,0.34223134839151265,74.1785123475236,-0.3944515118018917,0.37286028577178515,0.431630859665445,0.40520886014109825,0.05877057389365986,0.9626686064008515,1.0837034475636624,0.40520886014109825,0.056192409423972654,0.0,0.4110429373106893,0.37391120333895045
NKE,NKE250919C00060000,Call,2025-09-19,60.0,0.8221439785933135,13.05,13.15,62.0,2595,72.8,73.04,73.0,0.7324245507812499,2025-09-19,0.01642710472279261,72.97991782736142,-0.1958397428245012,0.8138648023116765,0.9473525830937273,0.8880980558146405,0.1334877807820508,0.9622513802668046,2.3751576520952216,0.8880980558146403,0.012956355757564583,0.3947097609043921,,0.37391120333895045
NKE,NKE260116C00065000,Call,2026-01-16,65.0,0.876264539998826,11.45,11.55,28.0,11040,72.8,73.04,73.0,0.4212704357910156,2026-01-16,0.34223134839151265,74.1785123475236,-0.13208724733440072,0.3687870335055938,0.37637454537494697,0.3725876538823446,0.007587511869353192,0.7626901568094561,0.9964602572889316,0.3733074361401819,0.047692827473496235,0.27310229910905637,0.29770073257019775,0.37391120333895045
NKE,NKE251017C00060000,Call,2025-10-17,60.0,0.8189987397258839,13.65,13.75,10.0,3323,72.8,73.04,73.0,0.5429733203125001,2025-10-17,0.09308692676249145,73.2601859925716,-0.19967273392648616,0.5007517914268677,0.528780209301055,0.5150730154999295,0.028028417874187306,0.9113580648893732,1.377527634637403,0.5351294090472288,0.02665669670233001,,0.4243474005262948,0.37391120333895045
NKE,NKE260116P00120000,Put,2026-01-16,120.0,1.6177191507670634,46.8,47.05,450.0,507,72.8,73.04,73.0,0.352545537109375,2026-01-16,0.34223134839151265,74.1785123475236,0.48101722555200815,0.6550235898914925,0.6801610162633208,0.6677672426995616,0.025137426371828364,-0.8499011605460075,1.7858979263967938,0.28923480171983107,0.028629969379161527,,0.12155615455969201,0.37391120333895045
NKE,NKE260116P00085000,Put,2026-01-16,85.0,1.1458843984600033,13.65,13.75,2.0,5361,72.8,73.04,73.0,0.319220675048828,2026-01-16,0.34223134839151265,74.1785123475236,0.13617673926027868,0.3902255869731474,0.39680788222887703,0.39352136822273587,0.00658229525572962,-0.6831128076047743,1.0524460479083555,0.39447554747552793,0.05325494782892453,0.2502633165181736,0.27521032556566444,0.37391120333895045
NKE,NKE251017C00050000,Call,2025-10-17,50.0,0.6824989497715699,23.3,23.4,3.0,219,72.8,73.04,73.0,0.7617211328125001,2025-10-17,0.09308692676249145,73.2601859925716,-0.3819942907204408,0.6706376806730534,0.7373222933023175,0.7064516666810408,0.06668461262926406,0.9699487200750133,1.889356778755416,0.7073051094686315,0.046569575928637134,0.20852646660255234,,0.37391120333895045
