Ticker,Contract Name,Type,Expiry,Strike,Moneyness,Bid,Ask,Volume,Open Interest,Bid Stock,Ask Stock,Last Stock Price,Implied Volatility,Expiry_dt,Years_to_Expiry,Forward,LogMoneyness,IV_bid,IV_ask,IV_mid,IV_spread,Delta,Ivol/Rvol100d Ratio,Smoothed_IV,TotalVariance,Call Local Vol,Put Local Vol,Realised Vol 100d
CORZ,CORZ260116P00005000,Put,2026-01-16,5.0,0.3626395525273606,0.01,0.5,10,10053,13.52,13.59,13.550000190734863,1.1816447167968749,2026-01-16,0.3997262149212868,13.787795526310545,-1.014345906281033,0.6752425911663673,1.476310334606336,1.209159604532133,0.8010677434399687,-0.0437174323966059,1.37061899216436,0.660283116550434,0.174270154481114,,0.0637800807158876,0.8821996568300393
CORZ,CORZ250919C00021000,Call,2025-09-19,21.0,1.5443728088731778,0.01,0.09,4,2152,13.52,13.59,13.550000190734863,0.8398453515625,2025-09-19,0.0739219712525667,13.597753003254605,0.4346178789807284,0.6818788704747879,0.9666906411363456,0.8655898998847645,0.2848117706615578,0.0418972648789894,0.9811723380113776,0.8655898998847645,0.0553857320167774,0.0,0.0,0.8821996568300393
CORZ,CORZ260116C00027000,Call,2026-01-16,27.0,1.9582535836477477,0.01,0.78,10,13361,13.52,13.59,13.550000190734863,0.804689453125,2026-01-16,0.3997262149212868,13.787795526310545,0.6720530472891958,0.4244998681904466,0.9698066513145764,0.7964571943795696,0.5453067831241298,0.1394372817755581,0.9028083248654126,0.7316941137931975,0.2140039324279355,0.0832621973773456,,0.8821996568300393
CORZ,CORZ250919P00006000,Put,2025-09-19,6.0,0.441249373963765,0.0,0.05,10,19773,13.52,13.59,13.550000190734863,1.40625296875,2025-09-19,0.0739219712525667,13.597753003254605,-0.8181450895146397,,1.631535218378997,1.457109393906339,,-0.0118106702185679,1.651677579587927,0.9393830849031566,0.0652317472018032,,0.0,0.8821996568300393
CORZ,CORZ260116C00025000,Call,2026-01-16,25.0,1.8131977626368032,0.01,0.3,10,11203,13.52,13.59,13.550000190734863,0.59570716796875,2026-01-16,0.3997262149212868,13.787795526310545,0.5950920061530675,0.3828480782030383,0.6839763617186733,0.5876542219702912,0.3011282835156349,0.0783979769531507,0.666123838771234,0.7200821026105129,0.207265331244344,0.0736896540949294,,0.8821996568300393
CORZ,CORZ271217P00012000,Put,2027-12-17,12.0,0.8021016972148346,2.16,5.55,1,83,13.52,13.59,13.550000190734863,0.6132851171875001,2027-12-17,2.316221765913758,14.960696432469865,-0.2205198746473594,0.4602096675237878,1.0138439856562993,0.7232571729044199,0.5536343181325114,-0.2264147198484096,0.8198338860199301,0.7232571729044199,1.2116177787307574,0.0040456665136078,0.0060859588274127,0.8821996568300393
CORZ,CORZ250919C00023000,Call,2025-09-19,23.0,1.691455933527766,0.0,0.41,2,25405,13.52,13.59,13.550000190734863,1.2890660546875,2025-09-19,0.0739219712525667,13.597753003254605,0.525589657186455,,1.5929119935390594,1.3297874485071732,,0.1015205811355223,1.5073543026364655,0.9362054017120888,0.0647911703306286,0.0,,0.8821996568300393
CORZ,CORZ250905C00016500,Call,2025-09-05,16.5,1.2154187605233524,0.04,0.09,3,50,13.52,13.59,13.550000190734863,0.6640658593750002,2025-09-05,0.0355920602327173,13.575567973704135,0.195088676278245,0.6388509655587019,0.7700510324744035,0.7109417547918017,0.1312000669157016,0.0826502631876073,0.805873987013768,0.7109417547918017,0.0179895861004347,0.0334126687081885,,0.8821996568300393
CORZ,CORZ251121P00008000,Put,2025-11-21,8.0,0.5840253669274283,0.1,0.51,5,982,13.52,13.59,13.550000190734863,0.9257819921875,2025-11-21,0.2464065708418891,13.698035142014795,-0.5378108605776792,0.7104930303076897,1.1295159110309287,0.9513319639386304,0.419022880723239,-0.0845687997918971,1.0783635615513618,0.9513319639386308,0.2230059562081311,,0.0,0.8821996568300393
CORZ,CORZ260116C00021000,Call,2026-01-16,21.0,1.5230861206149149,0.01,1.14,22,25368,13.52,13.59,13.550000190734863,0.6757844921875001,2026-01-16,0.3997262149212868,13.787795526310545,0.4207386190082896,0.2852763694955,0.8664943163928943,0.6641799395388741,0.5812179468973943,0.2141838247893773,0.7528680547501415,0.6860746482830853,0.1881504990019078,0.0376274979248609,,0.8821996568300393
CORZ,CORZ260320P00010000,Put,2026-03-20,10.0,0.7199693990203223,0.62,1.47,1,77,13.52,13.59,13.550000190734863,0.6894562304687502,2026-03-20,0.5722108145106092,13.889479210654248,-0.3285465692359079,0.5666079464739995,0.8740205579222697,0.7252701786546628,0.3074126114482702,-0.1912864796919933,0.8221156889368301,0.7252701786546628,0.3009925199111984,0.0535736661535357,0.0162536030482844,0.8821996568300393
CORZ,CORZ271217C00027000,Call,2027-12-17,27.0,1.8047288187333776,1.0,3.3,1,320,13.52,13.59,13.550000190734863,0.6003457934570313,2027-12-17,2.316221765913758,14.960696432469865,0.5904103415689693,0.4075439907082012,0.7034285484796867,0.5620845861794013,0.2958845577714855,0.3964843395234259,0.6371398830499545,0.5620845861794013,0.7317849784786218,0.0078944623972788,0.0212818850016279,0.8821996568300393
CORZ,CORZ251121C00019000,Call,2025-11-21,19.0,1.3870602464526425,0.23,0.88,6,897,13.52,13.59,13.550000190734863,0.727541787109375,2025-11-21,0.2464065708418891,13.698035142014795,0.3271865769089253,0.5408669726156045,0.8697834550859668,0.7216974142787299,0.3289164824703623,0.2314199603972936,0.8180658524306919,0.7216974142787301,0.1283401620804776,0.0,,0.8821996568300393
CORZ,CORZ250912P00011000,Put,2025-09-12,11.0,0.8096179098145405,0.08,0.15,1,38,13.52,13.59,13.550000190734863,0.70117486328125,2025-09-12,0.054757015742642,13.586655960365023,-0.2111928588871218,0.6731823879106004,0.8037897633120344,0.7427609026416475,0.130607375401434,-0.0964583568430613,0.8419419537189239,0.7427609026416475,0.0302091038189204,,0.045546970329729,0.8821996568300393
CORZ,CORZ260116C00019000,Call,2026-01-16,19.0,1.3780302996039704,0.42,1.25,383,399,13.52,13.59,13.550000190734863,0.6738313867187502,2026-01-16,0.3997262149212868,13.787795526310545,0.3206551604513071,0.5064871094303885,0.796278485053438,0.6607211028417603,0.2897913756230494,0.2881696462459211,0.7489473587145726,0.6854937619102652,0.1878320269738851,0.1068564608286937,,0.8821996568300393
CORZ,CORZ270115C00017000,Call,2027-01-15,17.0,1.1817250980427243,0.69,3.3,1,3175,13.52,13.59,13.550000190734863,0.6909210595703126,2027-01-15,1.3963039014373717,14.385748452120442,0.1669753183665649,0.2358444387137851,0.6517348182681977,0.4466789689965434,0.4158903795544125,0.4790892653783025,0.506324124633613,0.4466789689965435,0.2785934885293517,0.0025561988533156,0.0,0.8821996568300393
CORZ,CORZ260116C00030000,Call,2026-01-16,30.0,2.175837315164164,0.04,0.35,15,19220,13.52,13.59,13.550000190734863,0.75586181640625,2026-01-16,0.3997262149212868,13.787795526310545,0.777413562947022,0.5715879144509918,0.852204786136649,0.7488256979285567,0.2806168716856572,0.0799592833951999,0.8488165826534912,0.7439579451027597,0.2212378368676305,0.0734890497149046,,0.8821996568300393
CORZ,CORZ250919C00020000,Call,2025-09-19,20.0,1.4708312465458837,0.01,0.12,2146,139804,13.52,13.59,13.550000190734863,0.804689453125,2025-09-19,0.0739219712525667,13.597753003254605,0.3858277148112964,0.6164458155493024,0.940469934012547,0.82771725415863,0.3240241184632445,0.054585883524762,0.9382425483283704,0.82771725415863,0.0506451143777176,0.0,0.0,0.8821996568300393
CORZ,CORZ260116P00011000,Put,2026-01-16,11.0,0.7978070155601934,0.82,1.73,10,160,13.52,13.59,13.550000190734863,0.7578149218750001,2026-01-16,0.3997262149212868,13.787795526310545,-0.2258885459167628,0.6186570406356281,0.96102041134246,0.7926406858617842,0.3423633707068318,-0.2415516597096232,0.8984821970005491,0.7926406858617843,0.2511396892675762,0.0100086786001935,0.0,0.8821996568300393
CORZ,CORZ260320C00022000,Call,2026-03-20,22.0,1.5839326778447091,0.72,1.37,10,90,13.52,13.59,13.550000190734863,0.7465845654296875,2026-03-20,0.5722108145106092,13.889479210654248,0.4599107911283622,0.6329009182420644,0.8199363167334199,0.7302129181590604,0.1870353984913555,0.2889567187227841,0.8277184336966252,0.7302129181590604,0.3051090467402915,0.0,,0.8821996568300393
CORZ,CORZ250905C00017000,Call,2025-09-05,17.0,1.252249632054363,0.03,0.07,13,379,13.52,13.59,13.550000190734863,0.6992217578125001,2025-09-05,0.0355920602327173,13.575567973704135,0.224941639427926,0.6752138382017892,0.8041519237364798,0.746857492308761,0.1289380855346906,0.0635048943887645,0.8465855620397812,0.746857492308761,0.0198531128805763,0.0479693543530913,,0.8821996568300393
CORZ,CORZ260116P00008000,Put,2026-01-16,8.0,0.580223284043777,0.26,0.64,1,648,13.52,13.59,13.550000190734863,0.8291032714843749,2026-01-16,0.3997262149212868,13.787795526310545,-0.5443422770352975,0.71888950106602,0.9746716522902756,0.856098665565283,0.2557821512242557,-0.1009201545063573,0.970413736774118,0.856098665565283,0.2929613116404329,0.0350240983707924,0.0,0.8821996568300393
CORZ,CORZ250926P00013000,Put,2025-09-26,13.0,0.9552600916168976,0.66,1.04,20,33,13.52,13.59,13.550000190734863,0.6640658593750002,2025-09-26,0.0930869267624914,13.608859109769645,-0.0457716283383602,0.5786630640035285,0.8213517403981433,0.7003850536222148,0.2426886763946147,-0.3740892299747588,0.7939076468685907,0.7003850536222148,0.0456627887569373,,0.0049592470121871,0.8821996568300393
CORZ,CORZ250829C00016000,Call,2025-08-29,16.0,1.1795505129368529,0.01,0.03,159,2787,13.52,13.59,13.550000190734863,0.6250037500000001,2025-08-29,0.0164271047227926,13.564489035881213,0.1651334446686934,0.6410934674107927,0.7788902311327877,0.7206702712467011,0.137796763721995,0.0407881536681598,0.8169015547299655,0.7206702712467011,0.0085316737553805,0.0422132920047234,,0.8821996568300393
CORZ,CORZ270115C00025000,Call,2027-01-15,25.0,1.7378310265334185,1.0,2.99,1,2779,13.52,13.59,13.550000190734863,0.7084990087890625,2027-01-15,1.3963039014373717,14.385748452120442,0.5526377991785497,0.5063409242382051,0.8372124581021217,0.6788787559849128,0.3308715338639166,0.3867484147629911,0.7695296078716368,0.6788787559849131,0.6435234669872356,0.0,0.023606710810698,0.8821996568300393
CORZ,CORZ270115C00035000,Call,2027-01-15,35.0,2.432963437146785,0.8,2.5,40,3715,13.52,13.59,13.550000190734863,0.8095722167968749,2027-01-15,1.3963039014373717,14.385748452120442,0.8891100357997627,0.6182797955937761,0.9275243890921312,0.7845248814756223,0.309244593498355,0.3100986699706164,0.8892826872032726,0.7845248814756224,0.8593961333982563,0.0,,0.8821996568300393
CORZ,CORZ250905P00011500,Put,2025-09-05,11.5,0.8471100452132455,0.06,0.1,5,54,13.52,13.59,13.550000190734863,0.64062859375,2025-09-05,0.0355920602327173,13.575567973704135,-0.1659246692590856,0.6444342265922478,0.7402673252916744,0.6950112185288715,0.0958330986994265,-0.091594028650857,0.78781624221689,0.6950112185288714,0.0171924099122596,0.0173038789335755,0.0371976819274255,0.8821996568300393
CORZ,CORZ251219P00008000,Put,2025-12-19,8.0,0.5821212213650215,0.21,0.48,3,547,13.52,13.59,13.550000190734863,0.842775009765625,2025-12-19,0.3230663928815879,13.742842051421396,-0.5410765688064882,0.7491306893355569,0.9696416833197672,0.8676270768608206,0.2205109939842101,-0.0895130586689478,0.9834815397439832,0.8676270768608207,0.2431968674914228,0.0,0.0,0.8821996568300393
CORZ,CORZ250926P00012000,Put,2025-09-26,12.0,0.8817785461079054,0.39,0.59,3,26,13.52,13.59,13.550000190734863,0.68555001953125,2025-09-26,0.0930869267624914,13.608859109769645,-0.1258143360118967,0.6409600218286087,0.7944011920859685,0.7189968685036582,0.1534411702573598,-0.2472348642532874,0.8150047020956583,0.7189968685036582,0.0481218915680062,,0.0160157049622868,0.8821996568300393
CORZ,CORZ270115C00020000,Call,2027-01-15,20.0,1.3902648212267346,1.04,2.8,47,1934,13.52,13.59,13.550000190734863,0.5749554223632812,2027-01-15,1.3963039014373717,14.385748452120442,0.3294942478643399,0.3951615776098057,0.6793054156645284,0.5407188443410097,0.2841438380547226,0.4222204849810637,0.6129211683032679,0.5407188443410101,0.4082469623517962,0.0144603080972182,0.0141366935158892,0.8821996568300393
CORZ,CORZ271217C00022000,Call,2027-12-17,22.0,1.4705197782271968,2.45,5.5,1,646,13.52,13.59,13.550000190734863,0.7399928344726561,2027-12-17,2.316221765913758,14.960696432469865,0.3856159289229561,0.5110717101065135,0.890322554024595,0.6970697630862787,0.3792508439180815,0.5662965860123049,0.7901496647493856,0.6970697630862787,1.12546664311937,0.0,0.0,0.8821996568300393
CORZ,CORZ250926C00016500,Call,2025-09-26,16.5,1.21244550089837,0.27,0.4,11,27,13.52,13.59,13.550000190734863,0.70312796875,2025-09-26,0.0930869267624914,13.608859109769645,0.1926393951066378,0.6592076566231162,0.7659719140121618,0.7141387631499256,0.1067642573890456,0.2191131904597183,0.8094978927060594,0.7141387631499256,0.0474737902344487,0.0484782253996097,,0.8821996568300393
CORZ,CORZ260320C00020000,Call,2026-03-20,20.0,1.4399387980406446,0.86,1.54,1,139,13.52,13.59,13.550000190734863,0.709963837890625,2026-03-20,0.5722108145106092,13.889479210654248,0.3646006113240373,0.597415490624463,0.7811746841891047,0.6919074972897619,0.1837591935646417,0.3318112610809551,0.784298080296195,0.6919074972897619,0.273937907801255,0.0796150472812504,,0.8821996568300393
CORZ,CORZ260618P00012000,Put,2026-06-18,12.0,0.8549417579273364,1.95,3.55,205,167,13.52,13.59,13.550000190734863,0.7661156201171876,2026-06-18,0.8186173853524983,14.036043845948052,-0.1567219317488396,0.632313095627894,1.0209873382873569,0.8245255552408953,0.3886742426594629,-0.2799179782554468,0.9346246610473856,0.8245255552408953,0.5565308007730232,0.0064197983713538,0.0,0.8821996568300393
CORZ,CORZ251219C00030000,Call,2025-12-19,30.0,2.182954580118831,0.09,0.24,81,3837,13.52,13.59,13.550000190734863,0.8125018749999999,2025-12-19,0.3230663928815879,13.742842051421396,0.7806792711758312,0.7235885519009909,0.8726716919126173,0.8080356339908538,0.1490831400116263,0.0707599699135146,0.9159328364446716,0.8027599850035284,0.2081916058472226,0.0,0.0,0.8821996568300393
CORZ,CORZ251121C00014000,Call,2025-11-21,14.0,1.0220443921229996,1.36,2.45,12,250,13.52,13.59,13.550000190734863,0.7744163183593751,2025-11-21,0.2464065708418891,13.698035142014795,0.0218049273577434,0.5562172331357651,0.966012056434288,0.7602302382912045,0.409794823298523,0.5520751358237732,0.861743974173487,0.7602302382912045,0.1424106813664808,0.0,0.0,0.8821996568300393
CORZ,CORZ250829P00012000,Put,2025-08-29,12.0,0.8846628847026397,0.04,0.07,61,288,13.52,13.59,13.550000190734863,0.632816171875,2025-08-29,0.0164271047227926,13.564489035881213,-0.1225486277830875,0.679288918417479,0.7873033237046339,0.7366593461941556,0.1080144052871548,-0.0892855002281509,0.8350256548967091,0.7366593461941556,0.0089144475126932,,0.0,0.8821996568300393
CORZ,CORZ250829C00015500,Call,2025-08-29,15.5,1.1426895594075763,0.03,0.06,193,1419,13.52,13.59,13.550000190734863,0.6289099609375001,2025-08-29,0.0164271047227926,13.564489035881213,0.1333847463541131,0.6597084234312419,0.7758987178854055,0.7226985695054073,0.1161902944541636,0.0817031604306259,0.8192006921678493,0.7226985695054073,0.0085797654597973,0.0,,0.8821996568300393
CORZ,CORZ260320P00008000,Put,2026-03-20,8.0,0.5759755192162579,0.4,0.61,10,100,13.52,13.59,13.550000190734863,0.7236355761718749,2026-03-20,0.5722108145106092,13.889479210654248,-0.5516901205501176,0.6945487739203348,0.8076286050898982,0.7529259670704944,0.1130798311695634,-0.105026527853524,0.8534643617703762,0.7529259670704944,0.3243848870220649,,0.0326774776026277,0.8821996568300393
CORZ,CORZ250912C00017000,Call,2025-09-12,17.0,1.2512276788042898,0.09,0.13,3,59,13.52,13.59,13.550000190734863,0.6953155468750001,2025-09-12,0.054757015742642,13.586655960365023,0.2241252123707236,0.6863870758411009,0.7550275128949032,0.7221419886582371,0.0686404370538023,0.1071499527432822,0.8185697909394696,0.7221419886582371,0.0285551842181121,0.0390718877833006,,0.8821996568300393
CORZ,CORZ271217P00020000,Put,2027-12-17,20.0,1.3368361620247244,8.2,11.65,5,54,13.52,13.59,13.550000190734863,0.6372106591796876,2027-12-17,2.316221765913758,14.960696432469865,0.2903057491186313,0.6102572755879364,1.0691166551964442,0.8287725139208111,0.4588593796085077,-0.3443941481135983,0.9394387171933334,0.8287725139208111,1.590929068683656,0.0052426857484645,0.0115786790063486,0.8821996568300393
CORZ,CORZ260116P00007000,Put,2026-01-16,7.0,0.5076953735383049,0.12,0.28,5,11242,13.52,13.59,13.550000190734863,0.7773459765625,2026-01-16,0.3997262149212868,13.787795526310545,-0.6778736696598201,0.707467898912663,0.877501831207142,0.8004660675799229,0.1700339322944789,-0.0556376794409299,0.9073525039175312,0.8004660675799229,0.25612294346514,0.0,0.0632224146676032,0.8821996568300393
CORZ,CORZ251121P00012000,Put,2025-11-21,12.0,0.8760380503911425,0.85,1.84,100,6157,13.52,13.59,13.550000190734863,0.7983418603515625,2025-11-21,0.2464065708418891,13.698035142014795,-0.1323457524695148,0.617760302617081,1.0432516704554138,0.8323417935420386,0.4254913678383327,-0.2991304200425779,0.9434846036245896,0.8323417935420387,0.1707087132509514,0.0,0.0,0.8821996568300393
CORZ,CORZ251219C00022000,Call,2025-12-19,22.0,1.600833358753809,0.3,0.75,8,26232,13.52,13.59,13.550000190734863,0.773439765625,2025-12-19,0.3230663928815879,13.742842051421396,0.4705243428719916,0.6491053206422662,0.8659696583099903,0.7664285882777107,0.216864337667724,0.194264954002325,0.8687699914004471,0.760393290292716,0.1867963279912869,0.0,0.0491044953651803,0.8821996568300393
CORZ,CORZ251121C00020000,Call,2025-11-21,20.0,1.460063417318571,0.25,0.57,35,12046,13.52,13.59,13.550000190734863,0.7128934960937501,2025-11-21,0.2464065708418891,13.698035142014795,0.3784798712964759,0.6107025222588911,0.7926148453902269,0.7084309355027155,0.1819123231313357,0.1839445342936426,0.8030278973903509,0.7084309355027156,0.1236651475262224,0.0578874930114686,0.025545777268917,0.8821996568300393
CORZ,CORZ260320C00014000,Call,2026-03-20,14.0,1.0079571586284513,2.14,3.25,27,143,13.52,13.59,13.550000190734863,0.7060576269531251,2026-03-20,0.5722108145106092,13.889479210654248,0.007925667385305,0.5377938767356931,0.8172520554937394,0.6765811006415118,0.2794581787580462,0.5949948095518157,0.7669251460294536,0.6765811006415118,0.2619363587153002,0.0014532599895881,0.0014646328659286,0.8821996568300393
CORZ,CORZ271217C00017000,Call,2027-12-17,17.0,1.1363107377210158,3.4,5.55,5,343,13.52,13.59,13.550000190734863,0.6831086376953126,2027-12-17,2.316221765913758,14.960696432469865,0.1277868196208564,0.4968641465920596,0.7753432360922682,0.6328245556589156,0.2784790895002086,0.6364065556373351,0.7173257785349976,0.6328245556589156,0.927570192567252,0.0,0.0071033645574001,0.8821996568300393
CORZ,CORZ251219C00019000,Call,2025-12-19,19.0,1.382537900741926,0.57,1.2,2,6503,13.52,13.59,13.550000190734863,0.7675804492187501,2025-12-19,0.3230663928815879,13.742842051421396,0.3239208686801162,0.6330372011146895,0.8721235832456653,0.7576664969004611,0.2390863821309757,0.2956878916012704,0.8588378957468011,0.6762910738246488,0.1477607522275641,0.0243066354729207,,0.8821996568300393
CORZ,CORZ250919C00019000,Call,2025-09-19,19.0,1.3972896842185891,0.04,0.09,875,15470,13.52,13.59,13.550000190734863,0.7226590234375,2025-09-19,0.0739219712525667,13.597753003254605,0.3345344204237457,0.6765257702950612,0.7938972357448063,0.741650676811933,0.117371465449745,0.0595918160830033,0.840683479153536,0.741650676811933,0.040660464375691,0.0350192827225568,0.0,0.8821996568300393
CORZ,CORZ250912P00013000,Put,2025-09-12,13.0,0.9568211661444568,0.45,0.64,67,80,13.52,13.59,13.550000190734863,0.6074258007812501,2025-09-12,0.054757015742642,13.586655960365023,-0.0441387742239557,0.5693665468824882,0.7300421686870866,0.6501004121181815,0.1606756218045983,-0.3571039314058627,0.7369084844740843,0.6501004121181815,0.0231419874516758,0.0063777971686033,0.0048810265568949,0.8821996568300393
CORZ,CORZ250829C00017000,Call,2025-08-29,17.0,1.2532724199954062,0.01,0.02,129,7244,13.52,13.59,13.550000190734863,0.7656273437500001,2025-08-29,0.0164271047227926,13.564489035881213,0.2257580664851282,0.8323422161140681,0.9278114624293649,0.8851886237959361,0.0954692463152966,0.0266086333931419,1.0033880844803735,0.8851886237959361,0.0128716041018109,0.0,,0.8821996568300393
CORZ,CORZ260320P00007000,Put,2026-03-20,7.0,0.5039785793142256,0.27,0.39,100,130,13.52,13.59,13.550000190734863,0.7500025,2026-03-20,0.5722108145106092,13.889479210654248,-0.6852215131746403,0.7323455717746428,0.8178509590792685,0.7766061719780821,0.0855053873046257,-0.0721254206659792,0.8803065904249152,0.7766061719780821,0.3451101535607944,0.0,0.0,0.8821996568300393
CORZ,CORZ250919P00010000,Put,2025-09-19,10.0,0.7354156232729419,0.05,0.11,23,25517,13.52,13.59,13.550000190734863,0.7421900781249999,2025-09-19,0.0739219712525667,13.597753003254605,-0.3073194657486489,0.7014884762764941,0.8417562512037479,0.778351245296905,0.1402677749272537,-0.05961478213424,0.8822846838251024,0.7783512452969049,0.0447841967104491,0.0435457157254532,0.0318218824587863,0.8821996568300393
CORZ,CORZ251219C00025000,Call,2025-12-19,25.0,1.8191288167656925,0.15,0.3,2500,10416,13.52,13.59,13.550000190734863,0.7187528125,2025-12-19,0.3230663928815879,13.742842051421396,0.5983577143818766,0.6518127656185911,0.7636563529896951,0.7124909528599118,0.111843587371104,0.1011472512975869,0.8076300498915034,0.7476684841851344,0.1805967505674365,0.0,,0.8821996568300393
CORZ,CORZ251121C00012000,Call,2025-11-21,12.0,0.8760380503911425,2.41,3.5,1,171,13.52,13.59,13.550000190734863,0.823243955078125,2025-11-21,0.2464065708418891,13.698035142014795,-0.1323457524695148,0.5641630336673328,1.034617344866882,0.8022161145189524,0.4704543111995493,0.7024482448979196,0.9093362350666884,0.8022161145189526,0.1585751197685138,0.0,0.0,0.8821996568300393
CORZ,CORZ260320C00018000,Call,2026-03-20,18.0,1.2959449182365803,1.35,1.98,50,196,13.52,13.59,13.550000190734863,0.7334011035156249,2026-03-20,0.5722108145106092,13.889479210654248,0.2592400956662112,0.6332527738194994,0.7910024730239433,0.7128332047805119,0.1577496992044439,0.4163816935430844,0.8080180027975722,0.7128332047805119,0.2907581551487199,0.0,,0.8821996568300393
CORZ,CORZ271217P00017000,Put,2027-12-17,17.0,1.1363107377210158,5.9,9.25,10,487,13.52,13.59,13.550000190734863,0.6394079028320312,2027-12-17,2.316221765913758,14.960696432469865,0.1277868196208564,0.578721339812457,1.0451455280768644,0.7996671180184539,0.4664241882644074,-0.307301875350876,0.9064468704191688,0.7996671180184539,1.4811485412604768,0.0,0.0071033645574001,0.8821996568300393
CORZ,CORZ250905P00012000,Put,2025-09-05,12.0,0.8839409167442562,0.13,0.17,7,41,13.52,13.59,13.550000190734863,0.632816171875,2025-09-05,0.0355920602327173,13.575567973704135,-0.1233650548402897,0.6524768906137809,0.7183972230385147,0.6861552848335793,0.0659203324247338,-0.1544042950422557,0.7777777734567528,0.6861552848335793,0.0167570649521304,,0.0356459576036815,0.8821996568300393
CORZ,CORZ250912P00013500,Put,2025-09-12,13.5,0.993621980226936,0.81,1.04,11,32,13.52,13.59,13.550000190734863,0.717776259765625,2025-09-12,0.054757015742642,13.586655960365023,-0.0063984462411086,0.6765843928989592,0.8597859984913279,0.7681480988218561,0.1832016055923686,-0.4500753979745723,0.8707191086221927,0.7681480988218561,0.0323094593688504,0.0,0.0,0.8821996568300393
CORZ,CORZ251121C00015000,Call,2025-11-21,15.0,1.0950475629889282,0.85,1.69,132,11145,13.52,13.59,13.550000190734863,0.6709017285156251,2025-11-21,0.2464065708418891,13.698035142014795,0.090797798844695,0.4998404665071069,0.8156543312956751,0.6587934664186557,0.3158138647885681,0.4545630111834403,0.7467623245126425,0.6587934664186557,0.1069426278593614,0.0048011244711559,0.0090312591376313,0.8821996568300393
CORZ,CORZ270115P00022000,Put,2027-01-15,22.0,1.529291303349408,9.3,12.2,4,44,13.52,13.59,13.550000190734863,0.6899445068359377,2027-01-15,1.3963039014373717,14.385748452120442,0.4248044276686648,0.6296143615472954,1.0897363745133763,0.8575617785534349,0.4601220129660809,-0.4651536145259872,0.9720722196094086,0.8575617785534349,1.026858929659747,0.0103862850922805,0.0,0.8821996568300393
CORZ,CORZ270115C00022000,Call,2027-01-15,22.0,1.529291303349408,1.1,2.23,1,15728,13.52,13.59,13.550000190734863,0.586918193359375,2027-01-15,1.3963039014373717,14.385748452120442,0.4248044276686648,0.4587092581230515,0.6462628155742511,0.5550795466379441,0.1875535574511996,0.3745980884517303,0.6291994588078641,0.555079546637944,0.4302198071974006,0.0103862850922805,0.0,0.8821996568300393
CORZ,CORZ251017C00020000,Call,2025-10-17,20.0,1.4660357754075424,0.12,0.22,367,4703,13.52,13.59,13.550000190734863,0.7070341796875,2025-10-17,0.1505817932922655,13.642231885125868,0.3825620065824873,0.6548419831161068,0.7599700897486418,0.7111402129090768,0.105128106632535,0.1059548383960791,0.806098945293607,0.7111402129090768,0.0761522851003427,0.0310919764447495,0.0,0.8821996568300393
CORZ,CORZ260116C00035000,Call,2026-01-16,35.0,2.5384768676915246,0.06,0.11,1,7203,13.52,13.59,13.550000190734863,0.74414318359375,2026-01-16,0.3997262149212868,13.787795526310545,0.9315642427742804,0.7003232479400904,0.7704215831799558,0.7386463478198676,0.0700983352398654,0.0390955821717338,0.8372779813517565,0.745825078166932,0.2223497245571956,0.0465061835505569,,0.8821996568300393
CORZ,CORZ251121P00011000,Put,2025-11-21,11.0,0.803034879525214,0.68,1.08,10,1327,13.52,13.59,13.550000190734863,0.7753928710937501,2025-11-21,0.2464065708418891,13.698035142014795,-0.2193571294591445,0.7047138743435786,0.9024715987737374,0.8052123857105409,0.1977577244301588,-0.2270333503454289,0.9127325991078564,0.8052123857105407,0.1597618856924009,0.0438892078502155,0.0,0.8821996568300393
CORZ,CORZ251121C00017000,Call,2025-11-21,17.0,1.2410539047207851,0.62,1.18,21,24729,13.52,13.59,13.550000190734863,0.729494892578125,2025-11-21,0.2464065708418891,13.698035142014795,0.2159609417987008,0.6035836843828364,0.8331586522461608,0.7215063488128344,0.2295749678633244,0.3358147100280365,0.8178492739448396,0.7215063488128344,0.1282722163557849,0.0,0.0245454062794655,0.8821996568300393
CORZ,CORZ251121P00010000,Put,2025-11-21,10.0,0.7300317086592855,0.41,0.66,1,2359,13.52,13.59,13.550000190734863,0.7617211328125001,2025-11-21,0.2464065708418891,13.698035142014795,-0.3146673092634694,0.7090511178780797,0.8632282402310301,0.7884645170315618,0.1541771223529503,-0.1587349211279092,0.8937483832908177,0.788464517031562,0.1531851239304675,0.0302286808648489,0.0311776687419209,0.8821996568300393
CORZ,CORZ270115P00025000,Put,2027-01-15,25.0,1.7378310265334185,11.55,14.2,10,30,13.52,13.59,13.550000190734863,0.6127968408203126,2027-01-15,1.3963039014373717,14.385748452120442,0.5526377991785497,0.6045666937382869,1.0269426098943868,0.8189597455201583,0.4223759161560999,-0.5347457839515453,0.9283156473477696,0.8189597455201583,0.936494135630515,0.0,0.023606710810698,0.8821996568300393
CORZ,CORZ250905P00015000,Put,2025-09-05,15.0,1.1049261459303203,1.32,1.75,1,110,13.52,13.59,13.550000190734863,0.7226590234375,2025-09-05,0.0355920602327173,13.575567973704135,0.0997784964739201,,0.8002742079054831,0.5201467278207703,,-0.8334110207124372,0.5896020518640708,0.5201467278207701,0.0096295250924421,0.0182080204177615,0.0090907865937693,0.8821996568300393
CORZ,CORZ271217C00008000,Call,2027-12-17,8.0,0.5347344648098897,5.7,8.4,3,648,13.52,13.59,13.550000190734863,0.5835002587890624,2027-12-17,2.316221765913758,14.960696432469865,-0.6259849827555238,,0.7927245646018533,0.4768613317543034,,0.8897907176288593,0.540536745919607,0.4768613317543034,0.5267012548808343,0.0049602488990706,,0.8821996568300393
CORZ,CORZ260116P00012000,Put,2026-01-16,12.0,0.8703349260656655,1.05,1.68,30,2510,13.52,13.59,13.550000190734863,0.6357458300781251,2026-01-16,0.3997262149212868,13.787795526310545,-0.138877168927133,0.5648192125403688,0.7782718535281818,0.6720928913860028,0.213452640987813,-0.2948432379054041,0.7618376250575727,0.6720928913860026,0.1805598707163125,0.0058399312082058,0.0048913674669875,0.8821996568300393
CORZ,CORZ251219P00009000,Put,2025-12-19,9.0,0.6548863740356492,0.4,0.64,303,2868,13.52,13.59,13.550000190734863,0.807619111328125,2025-12-19,0.3230663928815879,13.742842051421396,-0.4232935331501048,0.7572334123968733,0.9057884916175182,0.8339940806132449,0.1485550792206449,-0.1292426977578378,0.9453575210060624,0.8339940806132444,0.2247075781704471,0.0,0.0,0.8821996568300393
CORZ,CORZ251121P00009000,Put,2025-11-21,9.0,0.6570285377933569,0.26,0.36,1,261,13.52,13.59,13.550000190734863,0.7675804492187501,2025-11-21,0.2464065708418891,13.698035142014795,-0.4200278249212957,0.7479042092292557,0.8311894059747789,0.7907657855727478,0.0832851967455231,-0.1027000806866786,0.8963569408019995,0.7907657855727483,0.1540806228252531,0.0,0.0228018484918309,0.8821996568300393
CORZ,CORZ260116C00022000,Call,2026-01-16,22.0,1.5956140311203868,0.4,0.75,4,40038,13.52,13.59,13.550000190734863,0.717776259765625,2026-01-16,0.3997262149212868,13.787795526310545,0.4672586346431825,0.6305209351324375,0.7754548343719714,0.7069323408897307,0.1449338992395339,0.2055490873922844,0.8013291950598946,0.6764424343399378,0.1829044697562168,0.0255702540172525,,0.8821996568300393
CORZ,CORZ250926C00015000,Call,2025-09-26,15.0,1.1022231826348818,0.49,0.71,315,593,13.52,13.59,13.550000190734863,0.6650424121093752,2025-09-26,0.0930869267624914,13.608859109769645,0.0973292153023131,0.6005221465826304,0.7435998624263631,0.6728869878208601,0.1430777158437327,0.3551563468830087,0.7627377573901001,0.6728869878208601,0.0421476099791195,0.0103160090832517,,0.8821996568300393
CORZ,CORZ250905C00016000,Call,2025-09-05,16.0,1.1785878889923416,0.08,0.12,23,1296,13.52,13.59,13.550000190734863,0.6562534375000001,2025-09-05,0.0355920602327173,13.575567973704135,0.1643170176114911,0.6602436463638041,0.7389021002483327,0.7012786652758651,0.0786584538845286,0.1198312023103932,0.7949205827122311,0.7012786652758647,0.0175038821706345,0.0346802656663999,,0.8821996568300393
CORZ,CORZ250926C00014500,Call,2025-09-26,14.5,1.0654824098803857,0.75,0.9,12,28,13.52,13.59,13.550000190734863,0.70898728515625,2025-09-26,0.0930869267624914,13.608859109769645,0.0634276636266316,0.6699772332609439,0.7624110683766481,0.7163024912485516,0.0924338351157041,0.4282016138005328,0.8119505439646201,0.7163024912485516,0.0477619022722572,0.0,,0.8821996568300393
CORZ,CORZ250926C00015500,Call,2025-09-26,15.5,1.1389639553893778,0.47,0.6,4,103,13.52,13.59,13.550000190734863,0.7060576269531251,2025-09-26,0.0930869267624914,13.608859109769645,0.1301190381253039,0.6710688576151685,0.7598351805188513,0.7159261473520541,0.0887663229036828,0.3133113668110489,0.8115239467724948,0.7159261473520541,0.047711727440712,0.0,,0.8821996568300393
CORZ,CORZ270115C00012000,Call,2027-01-15,12.0,0.8341588927360407,2.79,4.9,11,39547,13.52,13.59,13.550000190734863,0.5061084545898438,2027-01-15,1.3963039014373717,14.385748452120442,-0.1813313759016507,0.2378543458801188,0.6425521305345497,0.4440925669271419,0.4046977846544308,0.7283832267879804,0.5033923596421199,0.444092566927142,0.2753765532648007,0.0025903349998579,0.0,0.8821996568300393
CORZ,CORZ250912P00012000,Put,2025-09-12,12.0,0.8832195379794987,0.25,0.33,1,214,13.52,13.59,13.550000190734863,0.6796907031250001,2025-09-12,0.054757015742642,13.586655960365023,-0.1241814818974921,0.6780305309968045,0.7665351356487132,0.7230064723535728,0.0885046046519086,-0.2065100851252745,0.8195497093611589,0.7230064723535728,0.0286235925566137,,0.0819458114186556,0.8821996568300393
CORZ,CORZ251121C00018000,Call,2025-11-21,18.0,1.3140570755867138,0.59,1.02,103,41135,13.52,13.59,13.550000190734863,0.770510107421875,2025-11-21,0.2464065708418891,13.698035142014795,0.2731193556386496,0.6684156164906776,0.8537839642730466,0.7638735437037129,0.185368347782369,0.297815121027735,0.8658737710786453,0.7638735437037135,0.1437789217504236,0.0,0.026123181378395,0.8821996568300393
CORZ,CORZ260116C00016000,Call,2026-01-16,16.0,1.160446568087554,1.0,1.62,33,12420,13.52,13.59,13.550000190734863,0.6269568554687501,2026-01-16,0.3997262149212868,13.787795526310545,0.1488049035246478,0.515476986046312,0.700640622265379,0.6088770004370584,0.185163636219067,0.4230594797361315,0.6901805002111466,0.6523683649913843,0.1701172747752599,0.0080776002582841,0.0,0.8821996568300393
CORZ,CORZ251017C00011000,Call,2025-10-17,11.0,0.8063196764741483,2.83,3.7,11,216,13.52,13.59,13.550000190734863,0.8828136718749999,2025-10-17,0.1505817932922655,13.642231885125868,-0.2152749941731332,0.5433404669029488,1.1403733881908382,0.8654421975712974,0.5970329212878894,0.7907232937099463,0.9810049129706584,0.8654421975712974,0.1127842870733388,0.0,0.019389271820268,0.8821996568300393
CORZ,CORZ271217P00025000,Put,2027-12-17,25.0,1.6710452025309055,12.4,15.65,108,108,13.52,13.59,13.550000190734863,0.6237830590820312,2027-12-17,2.316221765913758,14.960696432469865,0.5134493004328411,0.6716113768664275,1.0860299510233231,0.8718026501408623,0.4144185741568958,-0.3911113823695249,0.9882146783795678,0.8718026501408623,1.760420868529954,,0.2880470316267439,0.8821996568300393
CORZ,CORZ260116P00009000,Put,2026-01-16,9.0,0.6527511945492491,0.48,0.72,226,3700,13.52,13.59,13.550000190734863,0.7695335546875001,2026-01-16,0.3997262149212868,13.787795526310545,-0.426559241378914,0.7313855819854473,0.8601030047583148,0.7974557883893837,0.1287174227728674,-0.1360733453079889,0.9039402613857715,0.7974557883893838,0.2542001840591844,0.0189843285764926,0.0509608352214349,0.8821996568300393
CORZ,CORZ260116P00016000,Put,2026-01-16,16.0,1.160446568087554,3.85,5.2,5,481,13.52,13.59,13.550000190734863,0.851563984375,2026-01-16,0.3997262149212868,13.787795526310545,0.1488049035246478,0.7168649563789246,1.1128259437493218,0.9145422689652324,0.3959609873703972,-0.4873357329577518,1.0366613293088414,0.9145422689652318,0.3343260342552084,0.0080776002582841,0.0,0.8821996568300393
CORZ,CORZ251017P00010000,Put,2025-10-17,10.0,0.7330178877037712,0.21,0.33,1,10982,13.52,13.59,13.550000190734863,0.7480493945312501,2025-10-17,0.1505817932922655,13.642231885125868,-0.310585173977458,0.7136719323449398,0.8295767399854604,0.7739172976992122,0.1159048076405206,-0.1181376975659003,0.8772586700839216,0.7739172976992122,0.0901906614710275,0.0466219965962248,0.026816352454776,0.8821996568300393
CORZ,CORZ250905C00013000,Call,2025-09-05,13.0,0.9576026598062776,0.83,1.01,25,61,13.52,13.59,13.550000190734863,0.5644574804687501,2025-09-05,0.0355920602327173,13.575567973704135,-0.0433223471667532,0.4909199361229684,0.6861797634896881,0.5897882616030349,0.1952598273667196,0.6718341648971579,0.6685428372555589,0.5897882616030349,0.0123807050398945,0.0053255974000626,0.011682161406128,0.8821996568300393
CORZ,CORZ260618C00010000,Call,2026-06-18,10.0,0.712451464939447,4.75,5.95,20,117,13.52,13.59,13.550000190734863,0.7895528857421875,2026-06-18,0.8186173853524983,14.036043845948052,-0.3390434885427943,0.5585296718108103,0.9112989914630966,0.7383647969786898,0.3527693196522863,0.7999761784213326,0.8369588349555886,0.7383647969786898,0.4462959327906836,0.0,,0.8821996568300393
CORZ,CORZ250926C00013500,Call,2025-09-26,13.5,0.9920008643713936,1.07,1.35,1,155,13.52,13.59,13.550000190734863,0.700198310546875,2025-09-26,0.0930869267624914,13.608859109769645,-0.0080313003555132,0.6185015277336079,0.7900056785716378,0.7042007515225213,0.1715041508380299,0.5575683122461026,0.7982328558740184,0.7042007515225213,0.0461616858237537,0.0032878050743586,0.0,0.8821996568300393
CORZ,CORZ250905C00012500,Call,2025-09-05,12.5,0.920771788275267,1.17,1.4,7,51,13.52,13.59,13.550000190734863,0.5937540625000001,2025-09-05,0.0355920602327173,13.575567973704135,-0.0825430603200345,0.4486137459719028,0.7591853421461414,0.6147112078309531,0.3105715961742386,0.7792741518342217,0.6967937507930596,0.614711207830953,0.0134491671387511,0.011695779908293,0.0248698755995397,0.8821996568300393
CORZ,CORZ250926P00013500,Put,2025-09-26,13.5,0.9920008643713936,1.08,1.28,41,43,13.52,13.59,13.550000190734863,0.7128934960937501,2025-09-26,0.0930869267624914,13.608859109769645,-0.0080313003555132,0.6909895226082209,0.8135791770738156,0.7522545412172403,0.1225896544655946,-0.4404810733269069,0.852703280253221,0.7522545412172403,0.052676671930422,0.0032878050743586,0.0,0.8821996568300393
CORZ,CORZ260320P00012000,Put,2026-03-20,12.0,0.8639632788243868,1.7,2.05,15,68,13.52,13.59,13.550000190734863,0.6728548339843752,2026-03-20,0.5722108145106092,13.889479210654248,-0.1462250124419532,0.6679505348516109,0.7670079125688668,0.7174780206226277,0.0990573777172558,-0.2943261751074687,0.8132830420731549,0.7174780206226277,0.2945596561423732,0.0158738145735477,0.0080259387804425,0.8821996568300393
CORZ,CORZ260618C00022000,Call,2026-06-18,22.0,1.5673932228667835,1.03,1.3,1,191,13.52,13.59,13.550000190734863,0.6533237792968751,2026-06-18,0.8186173853524983,14.036043845948052,0.4494138718214759,0.5997127116685909,0.6623396743178144,0.6314449113868236,0.0626269626492235,0.3081953013811243,0.7157619100145206,0.6314449113868236,0.3264013146030875,0.013030878349177,,0.8821996568300393
CORZ,CORZ251017C00019000,Call,2025-10-17,19.0,1.392733986637165,0.21,0.31,2010,6734,13.52,13.59,13.550000190734863,0.7187528125,2025-10-17,0.1505817932922655,13.642231885125868,0.3312687121949366,0.6801069928607812,0.7623665280951579,0.7228549022674958,0.0822595352343766,0.1490004509529404,0.8193779000831757,0.722854902267496,0.0786818796311247,0.0527271402449238,0.0,0.8821996568300393
CORZ,CORZ251219P00014000,Put,2025-12-19,14.0,1.0187121373887875,1.98,2.75,16,2174,13.52,13.59,13.550000190734863,0.6811555322265627,2025-12-19,0.3230663928815879,13.742842051421396,0.0185392191289345,0.5993452058042372,0.8532102381353653,0.725828417132818,0.2538650323311281,-0.4359132924416986,0.8227484691400792,0.725828417132818,0.1702000633863621,0.0,0.0011568838907441,0.8821996568300393
CORZ,CORZ250912C00013000,Call,2025-09-12,13.0,0.9568211661444568,1.05,1.22,11,36,13.52,13.59,13.550000190734863,0.64062859375,2025-09-12,0.054757015742642,13.586655960365023,-0.0441387742239557,0.581935451122893,0.7256071447016492,0.6540805049852614,0.1436716935787562,0.642411008240669,0.7414200401477526,0.6540805049852614,0.0234262180425338,0.0063777971686033,0.0048810265568949,0.8821996568300393
CORZ,CORZ251017P00021000,Put,2025-10-17,21.0,1.5393375641779194,7.3,8.55,0,46,13.52,13.59,13.550000190734863,1.021489267578125,2025-10-17,0.1505817932922655,13.642231885125868,0.4313521707519193,,1.4823666775109738,1.1236702698769587,,-0.7797154162153804,1.2737142450435572,0.7769759084475013,0.090904958047721,,0.033522904013058,0.8821996568300393
CORZ,CORZ271217C00015000,Call,2027-12-17,15.0,1.0026271215185434,3.8,4.75,8,238,13.52,13.59,13.550000190734863,0.5920450952148439,2027-12-17,2.316221765913758,14.960696432469865,0.0026236766668504,0.4733148549430017,0.598633260588585,0.5353652193161941,0.1253184056455833,0.6569560573990063,0.6068526723756538,0.5353652193161941,0.6638660278528165,0.000179072723826,0.0,0.8821996568300393
CORZ,CORZ260116P00018000,Put,2026-01-16,18.0,1.3055023890984985,5.2,6.45,215,207,13.52,13.59,13.550000190734863,0.7885763330078125,2026-01-16,0.3997262149212868,13.787795526310545,0.2665879391810313,0.675419051811036,1.0519455740465948,0.8672504491233173,0.3765265222355588,-0.5839639807512459,0.9830546208094908,0.8672504491233173,0.3006434164535823,0.0476076723972572,0.0,0.8821996568300393
CORZ,CORZ251219P00010000,Put,2025-12-19,10.0,0.7276515267062769,0.64,0.96,1,24198,13.52,13.59,13.550000190734863,0.799806689453125,2025-12-19,0.3230663928815879,13.742842051421396,-0.3179330174922785,0.748575612041089,0.9065502924166778,0.829086998850634,0.1579746803755888,-0.1813349671550714,0.939795195375328,0.8290869988506339,0.2220710737748167,0.0,0.0,0.8821996568300393
CORZ,CORZ250905C00015500,Call,2025-09-05,15.5,1.141757017461331,0.12,0.16,27,1394,13.52,13.59,13.550000190734863,0.63086306640625,2025-09-05,0.0355920602327173,13.575567973704135,0.1325683192969109,0.639419161247698,0.7030648995356834,0.672065652608465,0.0636457382879853,0.1630079031977274,0.7618067490791851,0.6720656526084643,0.0160759456219261,0.0225820957906292,0.01339105922976,0.8821996568300393
CORZ,CORZ260618C00015000,Call,2026-06-18,15.0,1.0686771974091704,2.65,3.35,10,390,13.52,13.59,13.550000190734863,0.7251004052734374,2026-06-18,0.8186173853524983,14.036043845948052,0.06642161956537,0.6194524065266926,0.7656635024945313,0.6922231804193791,0.1462110959678386,0.5820341436805585,0.7846559166739052,0.6922231804193791,0.3922592923243427,0.0,0.0034870768357414,0.8821996568300393
CORZ,CORZ260320P00013000,Put,2026-03-20,13.0,0.9359602187264192,2.33,2.75,1,79,13.52,13.59,13.550000190734863,0.7055693505859376,2026-03-20,0.5722108145106092,13.889479210654248,-0.0661823047684167,0.7009147927291883,0.8122323749948231,0.7564334924783127,0.1113175822656348,-0.3439291345062223,0.8574402479324971,0.7564334924783127,0.3274142378247062,0.0064453732241422,0.0,0.8821996568300393
CORZ,CORZ251121C00010000,Call,2025-11-21,10.0,0.7300317086592855,3.65,4.5,50,310,13.52,13.59,13.550000190734863,0.75586181640625,2025-11-21,0.2464065708418891,13.698035142014795,-0.3146673092634694,,0.9660206114790724,0.7127284885945466,,0.8568572409678288,0.8078993038328258,0.7127284885945466,0.1251700776478686,0.0302286808648489,0.0311776687419209,0.8821996568300393
CORZ,CORZ271217C00010000,Call,2027-12-17,10.0,0.6684180810123622,6.1,7.4,9,207,13.52,13.59,13.550000190734863,0.7026396923828125,2027-12-17,2.316221765913758,14.960696432469865,-0.402841431441314,0.5130239420306405,0.7508793761436259,0.6314027558828629,0.2378554341129853,0.8158563245676349,0.7157141254754604,0.6314027558828629,0.9234068346487532,0.0,0.0,0.8821996568300393
CORZ,CORZ260116P00013000,Put,2026-01-16,13.0,0.9428628365711376,1.82,2.24,4,330,13.52,13.59,13.550000190734863,0.6860382958984376,2026-01-16,0.3997262149212868,13.787795526310545,-0.0588344612535965,0.6630279418782883,0.7940225383174601,0.7284175339680302,0.1309945964391717,-0.3601642852918115,0.8256833114007478,0.7284175339680301,0.2120915733159252,0.0041907537910034,0.0049860370202896,0.8821996568300393
CORZ,CORZ260116C00018000,Call,2026-01-16,18.0,1.3055023890984985,1.02,1.38,6,4652,13.52,13.59,13.550000190734863,0.73437765625,2026-01-16,0.3997262149212868,13.787795526310545,0.2665879391810313,0.6629947385032254,0.7754111617376945,0.7198479006526171,0.1124164232344691,0.3600967083136759,0.8159693727825829,0.6806107930977396,0.1851655949225067,0.0476076723972572,0.0,0.8821996568300393
CORZ,CORZ260116C00011000,Call,2026-01-16,11.0,0.7978070155601934,2.95,3.9,2,2490,13.52,13.59,13.550000190734863,0.6093789062500001,2026-01-16,0.3997262149212868,13.787795526310545,-0.2258885459167628,0.3475515545278739,0.7491728557120201,0.564357553007283,0.4016213011841462,0.7914562206169328,0.6397163597129006,0.6482573418719868,0.1679799777371016,0.0100086786001935,0.0,0.8821996568300393
CORZ,CORZ251219C00013000,Call,2025-12-19,13.0,0.94594698471816,1.97,2.63,60,3436,13.52,13.59,13.550000190734863,0.6669955175781253,2025-12-19,0.3230663928815879,13.742842051421396,-0.0555687530247874,0.5293252134211011,0.7565537322833271,0.6428439927861952,0.227228518862226,0.6311027017631146,0.728683113634494,0.7164426617309295,0.1658267770860388,0.0,0.0,0.8821996568300393
CORZ,CORZ250912C00015500,Call,2025-09-12,15.5,1.1408252365568523,0.27,0.33,17,306,13.52,13.59,13.550000190734863,0.6914093359375001,2025-09-12,0.054757015742642,13.586655960365023,0.1317518922397085,0.6872646417944782,0.7478992448658643,0.7179720526061275,0.0606346030713861,0.2419008365941903,0.8138430422722879,0.7179720526061275,0.0282263582928654,0.0,,0.8821996568300393
CORZ,CORZ260320C00016000,Call,2026-03-20,16.0,1.1519510384325158,1.93,2.31,17,171,13.52,13.59,13.550000190734863,0.7241238525390624,2026-03-20,0.5722108145106092,13.889479210654248,0.1414570600098277,0.6533405177169684,0.7462560596732718,0.6998008612528004,0.0929155419563033,0.4989862468467634,0.7932454471444222,0.6998008612528004,0.2802237927192982,0.0,,0.8821996568300393
CORZ,CORZ251121C00013000,Call,2025-11-21,13.0,0.949041221257071,1.98,2.4,30,272,13.52,13.59,13.550000190734863,0.719729365234375,2025-11-21,0.2464065708418891,13.698035142014795,-0.0523030447959784,0.6184464699281776,0.7833952117966383,0.7008851924351333,0.1649487418684606,0.6271408754966473,0.7944745693436182,0.7008851924351333,0.1210447769137167,0.0042376407523506,0.0063242965680512,0.8821996568300393
CORZ,CORZ251219C00011000,Call,2025-12-19,11.0,0.8004166793769045,2.82,3.8,1,6339,13.52,13.59,13.550000190734863,0.6279334082031252,2025-12-19,0.3230663928815879,13.742842051421396,-0.2226228376879537,0.3178224341061865,0.8002181695363589,0.5863071766535971,0.4823957354301724,0.7980452556024863,0.6645969221529094,0.7353141981783335,0.1746777890897527,0.0,0.0327108782256115,0.8821996568300393
CORZ,CORZ271217P00027000,Put,2027-12-17,27.0,1.8047288187333776,13.9,17.1,24,471,13.52,13.59,13.550000190734863,0.5883830224609375,2027-12-17,2.316221765913758,14.960696432469865,0.5904103415689693,0.6659477619966192,1.0672172169887877,0.8614758895534244,0.4012694549921682,-0.4186975684062999,0.9765089828405958,0.8614758895534244,1.7189624618931056,0.0078944623972788,0.0212818850016279,0.8821996568300393
CORZ,CORZ251121P00013000,Put,2025-11-21,13.0,0.949041221257071,1.42,1.85,2,2557,13.52,13.59,13.550000190734863,0.717776259765625,2025-11-21,0.2464065708418891,13.698035142014795,-0.0523030447959784,0.6697708365470877,0.8387851361091332,0.7542056459734985,0.1690142995620455,-0.3718732259609754,0.8549149165207626,0.7542056459734985,0.1401625026082058,0.0042376407523506,0.0063242965680512,0.8821996568300393
CORZ,CORZ270115P00017000,Put,2027-01-15,17.0,1.1817250980427243,6.25,7.85,5,971,13.52,13.59,13.550000190734863,0.7387721435546875,2027-01-15,1.3963039014373717,14.385748452120442,0.1669753183665649,0.7295073424460238,0.9956313422034548,0.8601912635733083,0.266123999757431,-0.3654417946659065,0.9750528204286402,0.8601912635733083,1.0331657633489415,0.0025561988533156,0.0,0.8821996568300393
CORZ,CORZ250905P00012500,Put,2025-09-05,12.5,0.920771788275267,0.24,0.28,5677,113,13.52,13.59,13.550000190734863,0.62305064453125,2025-09-05,0.0355920602327173,13.575567973704135,-0.0825430603200345,0.6523071108998371,0.7027554512370019,0.6777253476931647,0.0504483403371648,-0.2390041302641131,0.7682221846791449,0.6777253476931647,0.0163478478022605,0.011695779908293,0.0248698755995397,0.8821996568300393
CORZ,CORZ271217P00030000,Put,2027-12-17,30.0,2.0052542430370868,16.95,19.3,54,54,13.52,13.59,13.550000190734863,0.5788616333007812,2027-12-17,2.316221765913758,14.960696432469865,0.6957708572267958,0.7487036461291022,1.0399452544255126,0.8920355849082582,0.2912416082964103,-0.4339602287892007,1.0111493220407293,0.8920355849082582,1.84308131989666,,0.0,0.8821996568300393
CORZ,CORZ251219C00016000,Call,2025-12-19,16.0,1.164242442730043,1.21,1.59,1,6513,13.52,13.59,13.550000190734863,0.7260769580078125,2025-12-19,0.3230663928815879,13.742842051421396,0.152070611753457,0.6487722936984245,0.7743589460398592,0.711846826837654,0.1255866523414347,0.4311113472206949,0.8068999135586779,0.7138950929121382,0.1646495606699947,0.0,0.0109195027377365,0.8821996568300393
CORZ,CORZ250912C00016000,Call,2025-09-12,16.0,1.1776260506393317,0.18,0.23,2729,2679,13.52,13.59,13.550000190734863,0.6796907031250001,2025-09-12,0.054757015742642,13.586655960365023,0.1635005905542888,0.6742418108368149,0.7340528820718343,0.7047684459345314,0.0598110712350193,0.1816880940534269,0.7988763546643602,0.7047684459345314,0.0271977309998617,0.0377063803063679,0.0,0.8821996568300393
CORZ,CORZ250829C00015000,Call,2025-08-29,15.0,1.1058286058782996,0.07,0.09,15832,3266,13.52,13.59,13.550000190734863,0.6015664843750002,2025-08-29,0.0164271047227926,13.564489035881213,0.1005949235311222,0.6624469628120403,0.7150529912019216,0.6894009679912475,0.0526060283898812,0.1369126403458471,0.7814568535068751,0.6894009679912475,0.0078073707542877,0.0,0.0273174260802682,0.8821996568300393
CORZ,CORZ250912P00014000,Put,2025-09-12,14.0,1.030422794309415,1.08,1.26,25,146,13.52,13.59,13.550000190734863,0.6884796777343751,2025-09-12,0.054757015742642,13.586655960365023,0.0299691979297661,0.6686835063185512,0.8114847815132902,0.7401624136183834,0.1428012751947389,-0.5344388541713503,0.8389964877995638,0.7401624136183834,0.0299981053269481,0.015792206941603,0.0,0.8821996568300393
CORZ,CORZ260116P00020000,Put,2026-01-16,20.0,1.4505582101094423,6.85,8.1,100,249,13.52,13.59,13.550000190734863,0.79101771484375,2026-01-16,0.3997262149212868,13.787795526310545,0.3719484548388576,0.6807370465970385,1.0797504564394131,0.8889568266601471,0.3990134098423746,-0.6483146214089675,1.0076594564255306,0.8889568266601471,0.315881338784912,0.0367863748125101,0.0,0.8821996568300393
CORZ,CORZ250829P00012500,Put,2025-08-29,12.5,0.9215238382319164,0.1,0.13,205,5727,13.52,13.59,13.550000190734863,0.6015664843750002,2025-08-29,0.0164271047227926,13.564489035881213,-0.0817266332628324,0.6654486152723837,0.7338697740348349,0.7003526512555879,0.0684211587624511,-0.169699628353916,0.7938709178057578,0.7003526512555879,0.0080573936118395,0.1048752554366969,0.0,0.8821996568300393
CORZ,CORZ250912C00015000,Call,2025-09-12,15.0,1.1040244224743734,0.36,0.43,20,360,13.52,13.59,13.550000190734863,0.6796907031250001,2025-09-12,0.054757015742642,13.586655960365023,0.0989620694167176,0.6724954482504772,0.7357840192058771,0.7043917737559637,0.0632885709553998,0.3022371590667554,0.7984493853545771,0.7043917737559637,0.0271686664440833,0.0,,0.8821996568300393
CORZ,CORZ251219C00009000,Call,2025-12-19,9.0,0.6548863740356492,4.8,6.35,10,10407,13.52,13.59,13.550000190734863,1.083988955078125,2025-12-19,0.3230663928815879,13.742842051421396,-0.4232935331501048,0.5334047609260913,1.4478866954558618,1.0495185512321477,0.9144819345297704,0.8432378437484909,1.1896610286647882,0.7228933248932388,0.1688263424576969,0.0,0.0,0.8821996568300393
CORZ,CORZ251219C00017000,Call,2025-12-19,17.0,1.2370075954006707,0.96,1.27,1503,14226,13.52,13.59,13.550000190734863,0.7138700488281251,2025-12-19,0.3230663928815879,13.742842051421396,0.2126952335698919,0.6470711423740034,0.7538419896009204,0.7009592765810418,0.1067708472269169,0.3689479874106615,0.7945585459642562,0.6984069391051786,0.1575828221920636,0.0,0.0125244585610645,0.8821996568300393
CORZ,CORZ270115P00005000,Put,2027-01-15,5.0,0.3475662053066836,0.28,0.36,10,6271,13.52,13.59,13.550000190734863,0.676761044921875,2027-01-15,1.3963039014373717,14.385748452120442,-1.056800113255551,0.6883658929349199,0.7392790141007424,0.7144539127220787,0.0509131211658224,-0.0470751088471834,0.8098551242802424,0.7144539127220787,0.712735497976681,0.0,0.0,0.8821996568300393
CORZ,CORZ251017P00016000,Put,2025-10-17,16.0,1.172828620326034,2.73,3.2,1,256,13.52,13.59,13.550000190734863,0.6103554589843752,2025-10-17,0.1505817932922655,13.642231885125868,0.1594184552682775,0.5355864591338111,0.7899410304490944,0.6673731969593343,0.2543545713152833,-0.6865490579244082,0.7564877086411148,0.6673731969593343,0.0670671707627234,0.0392592580451928,0.0105635220255559,0.8821996568300393
CORZ,CORZ251121P00014000,Put,2025-11-21,14.0,1.0220443921229996,2.22,2.79,3010,3299,13.52,13.59,13.550000190734863,0.8300798242187499,2025-11-21,0.2464065708418891,13.698035142014795,0.0218049273577434,0.7663135763916884,0.98165544171314,0.8736895059084651,0.2153418653214517,-0.4338543224035697,0.9903534864747586,0.8736895059084651,0.1880903538565694,0.0,0.0,0.8821996568300393
CORZ,CORZ250919C00018000,Call,2025-09-19,18.0,1.3237481218912952,0.11,0.15,1211,63269,13.52,13.59,13.550000190734863,0.7421900781249999,2025-09-19,0.0739219712525667,13.597753003254605,0.28046719915347,0.7301904681128069,0.789936541641574,0.7611370429481052,0.0597460735287671,0.1053178330558941,0.8627718646854365,0.7611370429481052,0.0428251859000416,0.0,0.0,0.8821996568300393
CORZ,CORZ251219C00018000,Call,2025-12-19,18.0,1.3097727480712984,0.74,0.97,500,17944,13.52,13.59,13.550000190734863,0.6928741650390625,2025-12-19,0.3230663928815879,13.742842051421396,0.2698536474098404,0.6386298883627312,0.7236412001647343,0.6817317743488313,0.0850113118020031,0.3075975627058248,0.7727635904988464,0.6817317743488315,0.1501477591635951,0.0255497863266521,,0.8821996568300393
CORZ,CORZ260618C00020000,Call,2026-06-18,20.0,1.424902929878894,1.49,1.9,39,8744,13.52,13.59,13.550000190734863,0.7026396923828125,2026-06-18,0.8186173853524983,14.036043845948052,0.354103692017151,0.6343433293914689,0.7213315489564034,0.6781729498560496,0.0869882195649345,0.3934643351233583,0.7687295552719801,0.6781729498560496,0.3764973208077216,0.0,,0.8821996568300393
CORZ,CORZ250905P00015500,Put,2025-09-05,15.5,1.141757017461331,1.89,2.12,25,74,13.52,13.59,13.550000190734863,0.6738313867187502,2025-09-05,0.0355920602327173,13.575567973704135,0.1325683192969109,,0.759248493977659,0.5737101100967852,,-0.8791398769891181,0.6503177661146082,0.573710110096785,0.0117148878180819,0.0225820957906292,0.01339105922976,0.8821996568300393
CORZ,CORZ271217P00022000,Put,2027-12-17,22.0,1.4705197782271968,10.8,12.95,48,942,13.52,13.59,13.550000190734863,0.6735872485351564,2027-12-17,2.316221765913758,14.960696432469865,0.3856159289229561,0.7525238619293758,1.0358615943097067,0.8899425173395028,0.2833377323803309,-0.3473452264917944,1.0087767666304537,0.8899425173395028,1.8344422746245344,0.0,0.0,0.8821996568300393
CORZ,CORZ250919C00017000,Call,2025-09-19,17.0,1.250206559564001,0.17,0.22,3892,16810,13.52,13.59,13.550000190734863,0.710940390625,2025-09-19,0.0739219712525667,13.597753003254605,0.2233087853135214,0.6995552063323675,0.7573029574675705,0.7291507674367853,0.057747751135203,0.1521394760641845,0.826514453719925,0.7291507674367853,0.0393014174528367,0.0941130364593744,0.0,0.8821996568300393
CORZ,CORZ251017P00019000,Put,2025-10-17,19.0,1.392733986637165,5.35,6.05,10,105,13.52,13.59,13.550000190734863,0.710940390625,2025-10-17,0.1505817932922655,13.642231885125868,0.3312687121949366,,1.032799228672339,0.8113165385977408,,-0.8145525424405435,0.91965184107303,0.811316538597741,0.0991181353021823,0.0527271402449238,0.0,0.8821996568300393
CORZ,CORZ260320C00017000,Call,2026-03-20,17.0,1.223947978334548,1.49,1.86,4102,4460,13.52,13.59,13.550000190734863,0.6792024267578126,2026-03-20,0.5722108145106092,13.889479210654248,0.2020816818262624,0.6108986271210775,0.7025325907901505,0.6568826599008928,0.091633963669073,0.4371340046641012,0.7445963675175685,0.6568826599008928,0.2469060074896663,0.0095998978226215,0.0113255323149105,0.8821996568300393
CORZ,CORZ250926P00014000,Put,2025-09-26,14.0,1.0287416371258895,1.31,1.49,8,139,13.52,13.59,13.550000190734863,0.6738313867187502,2025-09-26,0.0930869267624914,13.608859109769645,0.0283363438153616,0.6609894138949252,0.7701177282369807,0.7155640338012325,0.1091283143420555,-0.5082308228959496,0.8111134801077007,0.7155640338012325,0.0476634747158831,0.0,0.0047869342146747,0.8821996568300393
CORZ,CORZ251017C00013000,Call,2025-10-17,13.0,0.9529232540149024,1.5,1.89,7,7037,13.52,13.59,13.550000190734863,0.6718782812500002,2025-10-17,0.1505817932922655,13.642231885125868,-0.0482209095099669,0.5639072046378832,0.7593745776963172,0.6617821334886712,0.1954673730584339,0.6240652623755735,0.750150069051962,0.6617821334886712,0.0659481384565775,0.0031808373420148,0.0,0.8821996568300393
CORZ,CORZ251219C00020000,Call,2025-12-19,20.0,1.4553030534125535,0.45,0.61,321,118771,13.52,13.59,13.550000190734863,0.6796907031250001,2025-12-19,0.3230663928815879,13.742842051421396,0.3752141630676667,0.6345202131264537,0.7059603705243737,0.6711295092554926,0.0714401573979199,0.2139216027315481,0.7607456022676616,0.6711295092554926,0.1455138906141962,0.0226157886948275,0.019456015015955,0.8821996568300393
CORZ,CORZ251219P00011000,Put,2025-12-19,11.0,0.8004166793769045,0.91,1.12,1,3098,13.52,13.59,13.550000190734863,0.735354208984375,2025-12-19,0.3230663928815879,13.742842051421396,-0.2226228376879537,0.7217186508355007,0.8108698030235018,0.7665723926218468,0.089151152188001,-0.2330630312081617,0.8689329979750052,0.7665723926218472,0.1898445489646489,0.0,0.0327108782256115,0.8821996568300393
CORZ,CORZ250905C00014500,Call,2025-09-05,14.5,1.0680952743993095,0.3,0.35,2661,408,13.52,13.59,13.550000190734863,0.6171913281250001,2025-09-05,0.0355920602327173,13.575567973704135,0.0658769447982386,0.6277442851296385,0.6825209911005855,0.6552933127560459,0.0547767059709469,0.3188001946053728,0.7427947944467312,0.6552933127560459,0.015283562586328,0.0125372711589428,0.0096869262311268,0.8821996568300393
CORZ,CORZ270115P00020000,Put,2027-01-15,20.0,1.3902648212267346,8.25,9.65,1,465,13.52,13.59,13.550000190734863,0.667239655761719,2027-01-15,1.3963039014373717,14.385748452120442,0.3294942478643399,0.7043397083587656,0.9259694643211818,0.8143077562010441,0.2216297559624162,-0.4448489035437308,0.9230424767189918,0.8143077562010441,0.925885098214049,0.0144603080972182,0.0141366935158892,0.8821996568300393
CORZ,CORZ251121C00011000,Call,2025-11-21,11.0,0.803034879525214,3.2,3.6,1,108,13.52,13.59,13.550000190734863,0.7607445800781252,2025-11-21,0.2464065708418891,13.698035142014795,-0.2193571294591445,0.6259173671618429,0.8298366058471969,0.7303137881837649,0.203919238685354,0.7841676384815484,0.8278327729212254,0.7303137881837648,0.1314229722902638,0.0438892078502155,0.0,0.8821996568300393
CORZ,CORZ251121C00009000,Call,2025-11-21,9.0,0.6570285377933569,4.7,5.1,14,25,13.52,13.59,13.550000190734863,0.79883013671875,2025-11-21,0.2464065708418891,13.698035142014795,-0.4200278249212957,0.5009707984736403,0.9002497441788818,0.739888907699404,0.3992789457052415,0.9077899253591766,0.838686460566089,0.7398889076994039,0.1348917279022464,0.0,0.0228018484918309,0.8821996568300393
CORZ,CORZ250912C00014000,Call,2025-09-12,14.0,1.030422794309415,0.66,0.73,4,56,13.52,13.59,13.550000190734863,0.6699251757812501,2025-09-12,0.054757015742642,13.586655960365023,0.0299691979297661,0.662622876151814,0.7182468978929732,0.6904505364578986,0.0556240217411592,0.4583039706170743,0.7826465711161773,0.6904505364578986,0.0261038709538672,0.015792206941603,0.0,0.8821996568300393
CORZ,CORZ251017P00015000,Put,2025-10-17,15.0,1.0995268315556568,2.12,2.5,7,913,13.52,13.59,13.550000190734863,0.657229990234375,2025-10-17,0.1505817932922655,13.642231885125868,0.0948799341307063,0.609584010555322,0.7949857002300407,0.7029249036574224,0.1854016896747187,-0.5837339580641383,0.7967866437209971,0.7029249036574224,0.0744029790828167,0.0,0.0089392521302844,0.8821996568300393
CORZ,CORZ260320C00015000,Call,2026-03-20,15.0,1.0799540985304836,2.21,2.59,3,720,13.52,13.59,13.550000190734863,0.7187528125,2026-03-20,0.5722108145106092,13.889479210654248,0.0769185388722566,0.6454753238256797,0.7389959717390341,0.6921616312451935,0.0935206479133543,0.5457312680628267,0.7845861488229328,0.6921616312451935,0.2741391766393251,0.0,0.0055659499772638,0.8821996568300393
CORZ,CORZ250926C00014000,Call,2025-09-26,14.0,1.0287416371258895,0.95,1.07,25,143,13.52,13.59,13.550000190734863,0.70898728515625,2025-09-26,0.0930869267624914,13.608859109769645,0.0283363438153616,0.6789376772754285,0.7516875479364996,0.7153172314308397,0.072749870661071,0.4917362986438365,0.8108337221544052,0.7153172314308397,0.0476306015435563,0.0,0.0047869342146747,0.8821996568300393
CORZ,CORZ250912C00014500,Call,2025-09-12,14.5,1.0672236083918942,0.49,0.55,7,126,13.52,13.59,13.550000190734863,0.6699251757812501,2025-09-12,0.054757015742642,13.586655960365023,0.0650605177410362,0.6667025453828783,0.7166309900031684,0.6917366971796585,0.0499284446202901,0.3741044489950323,0.7841044732042164,0.6917366971796585,0.0262012133182763,0.0245845140536317,0.0,0.8821996568300393
CORZ,CORZ250905P00014500,Put,2025-09-05,14.5,1.0680952743993095,1.14,1.29,108,179,13.52,13.59,13.550000190734863,0.5546919531250001,2025-09-05,0.0355920602327173,13.575567973704135,0.0658769447982386,0.5331304969782723,0.7008411515691283,0.6188171575390675,0.167710654590856,-0.693539123112819,0.7014479690035587,0.6188171575390675,0.0136294339987447,0.0125372711589428,0.0096869262311268,0.8821996568300393
CORZ,CORZ251017C00018000,Call,2025-10-17,18.0,1.319432197866788,0.32,0.4,2078,12828,13.52,13.59,13.550000190734863,0.7138700488281251,2025-10-17,0.1505817932922655,13.642231885125868,0.2772014909246609,0.688023043681716,0.7432037655134064,0.7161332249907186,0.0551807218316904,0.1952920181083755,0.8117586755405933,0.7161332249907187,0.0772253902161763,0.0451906334405583,0.0,0.8821996568300393
CORZ,CORZ251121P00017000,Put,2025-11-21,17.0,1.2410539047207851,4.0,4.4,12,58,13.52,13.59,13.550000190734863,0.6679720703125002,2025-11-21,0.2464065708418891,13.698035142014795,0.2159609417987008,0.6520194396930115,0.8145173747248068,0.7347183516439584,0.1624979350317953,-0.659020155618183,0.8328254788535993,0.7347183516439587,0.1330129912712318,0.0,0.0245454062794655,0.8821996568300393
CORZ,CORZ251121P00015000,Put,2025-11-21,15.0,1.0950475629889282,2.57,2.95,15,364,13.52,13.59,13.550000190734863,0.6860382958984376,2025-11-21,0.2464065708418891,13.698035142014795,0.090797798844695,0.6631537230397732,0.8050824778900937,0.7342191234411095,0.1419287548503205,-0.526668435081753,0.8322595885826342,0.7342191234411095,0.132832292704714,0.0048011244711559,0.0090312591376313,0.8821996568300393
CORZ,CORZ251017C00012000,Call,2025-10-17,12.0,0.8796214652445253,2.2,2.61,9,1514,13.52,13.59,13.550000190734863,0.7509790527343749,2025-10-17,0.1505817932922655,13.642231885125868,-0.1282636171835035,0.6177025471732651,0.8511786962592077,0.7361726974130857,0.2334761490859426,0.7230165566074467,0.8344740237808927,0.7361726974130857,0.0816078390770847,0.041806761691808,0.0208974990644914,0.8821996568300393
CORZ,CORZ250905P00014000,Put,2025-09-05,14.0,1.031264402868299,0.85,0.95,45,125,13.52,13.59,13.550000190734863,0.5839885351562499,2025-09-05,0.0355920602327173,13.575567973704135,0.0307856249869685,0.5939127939131376,0.6937891459961061,0.6439689442181605,0.0998763520829685,-0.5763853354965542,0.7299582801155234,0.6439689442181606,0.0147598850500393,0.0059430635704392,0.0055875987241316,0.8821996568300393
CORZ,CORZ250919P00011000,Put,2025-09-19,11.0,0.808957185600236,0.17,0.21,8,9651,13.52,13.59,13.550000190734863,0.7128934960937501,2025-09-19,0.0739219712525667,13.597753003254605,-0.212009285944324,0.7216173614797811,0.7740061176099967,0.7483058190828825,0.0523887561302156,-0.1263578663009628,0.8482272842541445,0.7483058190828825,0.0413934652144536,0.0109002270763553,0.0402103731715449,0.8821996568300393
CORZ,CORZ251121C00016000,Call,2025-11-21,16.0,1.1680507338548567,1.02,1.27,13,15471,13.52,13.59,13.550000190734863,0.7329128271484374,2025-11-21,0.2464065708418891,13.698035142014795,0.1553363199822661,0.6749891016113454,0.7711989217535119,0.7233433158741598,0.0962098201421665,0.4001015211507212,0.8199315316821937,0.7233433158741598,0.1289262141979033,0.0,0.0187387016108198,0.8821996568300393
CORZ,CORZ251017P00014000,Put,2025-10-17,14.0,1.0262250427852797,1.56,1.94,61,16010,13.52,13.59,13.550000190734863,0.6992217578125001,2025-10-17,0.1505817932922655,13.642231885125868,0.0258870626437549,0.6484898388797614,0.8298537401293338,0.7391033893765521,0.1813639012495723,-0.4788082356807595,0.8377960517830313,0.7391033893765521,0.0822588914725116,0.0,0.0045906995832833,0.8821996568300393
CORZ,CORZ260116C00013000,Call,2026-01-16,13.0,0.9428628365711376,2.3,2.77,10,4462,13.52,13.59,13.550000190734863,0.6718782812500002,2026-01-16,0.3997262149212868,13.787795526310545,-0.0588344612535965,0.5715729159481355,0.7176634535025886,0.6445337287848204,0.1460905375544531,0.6361283309692221,0.7305984805081299,0.6677559387629929,0.1782371172839805,0.0041907537910034,0.0049860370202896,0.8821996568300393
CORZ,CORZ251017P00011000,Put,2025-10-17,11.0,0.8063196764741483,0.42,0.5,510,2822,13.52,13.59,13.550000190734863,0.7148466015625,2025-10-17,0.1505817932922655,13.642231885125868,-0.2152749941731332,0.71419244008871,0.7709205947171072,0.7428478798282598,0.0567281546283972,-0.186481751704987,0.8420405449912498,0.7428478798282598,0.0830944927887576,0.0,0.019389271820268,0.8821996568300393
CORZ,CORZ250829P00015000,Put,2025-08-29,15.0,1.1058286058782996,1.38,1.56,35,291,13.52,13.59,13.550000190734863,0.6640658593750002,2025-08-29,0.0164271047227926,13.564489035881213,0.1005949235311222,,0.7986155203667317,0.5530343264061592,,-0.9167838419203328,0.626881139801559,0.5530343264061592,0.0050241801426449,0.0,0.0273174260802682,0.8821996568300393
CORZ,CORZ250912P00016000,Put,2025-09-12,16.0,1.1776260506393317,2.58,2.78,1,31,13.52,13.59,13.550000190734863,0.7070341796875,2025-09-12,0.054757015742642,13.586655960365023,0.1635005905542888,0.6645169478291104,0.8854489678811025,0.7813548772336076,0.220932020051992,-0.7889590189670382,0.8856893914935403,0.7813548772336076,0.0334300037879121,0.0377063803063679,0.0,0.8821996568300393
CORZ,CORZ250905C00011500,Call,2025-09-05,11.5,0.8471100452132455,2.02,2.21,2,70,13.52,13.59,13.550000190734863,0.6054726953125001,2025-09-05,0.0355920602327173,13.575567973704135,-0.1659246692590856,,0.816318794235884,0.593388762406681,,0.9379920618386108,0.6726241138416138,0.5933887624066809,0.0125323282780476,0.0173038789335755,0.0371976819274255,0.8821996568300393
CORZ,CORZ250829C00012500,Call,2025-08-29,12.5,0.9215238382319164,1.09,1.19,24,64,13.52,13.59,13.550000190734863,0.5507857421875001,2025-08-29,0.0164271047227926,13.564489035881213,-0.0817266332628324,0.4490075490579175,0.7256167532031607,0.6063556803077773,0.2766092041452431,0.8622469302387581,0.687322507567689,0.6063556803077773,0.0060397077789159,0.1048752554366969,0.0,0.8821996568300393
CORZ,CORZ250829C00014000,Call,2025-08-29,14.0,1.0321066988197465,0.26,0.3,2609,1216,13.52,13.59,13.550000190734863,0.57812921875,2025-08-29,0.0164271047227926,13.564489035881213,0.0316020520441707,0.6308380544517096,0.6917980676585538,0.6614146275689299,0.0609600132068441,0.370548492020643,0.7497334899738632,0.6614146275689299,0.0071863541611851,0.0,0.0,0.8821996568300393
CORZ,CORZ260320C00011000,Call,2026-03-20,11.0,0.7919663389223546,3.9,4.3,14,129,13.52,13.59,13.550000190734863,0.717776259765625,2026-03-20,0.5722108145106092,13.889479210654248,-0.233236389431583,0.6110290190812803,0.7371806290390885,0.6745351477743519,0.1261516099578082,0.7618380043267348,0.7646059965587867,0.6745351477743519,0.2603545848236551,0.0,,0.8821996568300393
CORZ,CORZ260116C00008000,Call,2026-01-16,8.0,0.580223284043777,5.4,6.05,100,325,13.52,13.59,13.550000190734863,0.62305064453125,2026-01-16,0.3997262149212868,13.787795526310545,-0.5443422770352975,,0.7944003122698916,0.4588771482554121,,0.978376966664143,0.5201511298522499,0.6398605954517964,0.1636565391248224,0.0350240983707924,0.0,0.8821996568300393
CORZ,CORZ251219P00030000,Put,2025-12-19,30.0,2.182954580118831,15.65,17.05,81,81,13.52,13.59,13.550000190734863,1.0957076464843751,2025-12-19,0.3230663928815879,13.742842051421396,0.7806792711758312,,1.2820972827041053,0.9273994282493516,,-0.8882843628874408,1.051235308322071,0.9273994282493512,0.2778596154497806,0.0,0.0,0.8821996568300393
CORZ,CORZ270115P00012000,Put,2027-01-15,12.0,0.8341588927360407,3.05,3.5,6,1203,13.52,13.59,13.550000190734863,0.6821320849609377,2027-01-15,1.3963039014373717,14.385748452120442,-0.1813313759016507,0.7184000660663219,0.8054912263884586,0.7617441650623427,0.0870911603221367,-0.2573581127188937,0.8634600559690503,0.7617441650623427,0.8102111655943272,0.0025903349998579,0.0,0.8821996568300393
CORZ,CORZ260116C00015000,Call,2026-01-16,15.0,1.0879186575820818,1.58,1.96,65,66391,13.52,13.59,13.550000190734863,0.6748079394531252,2026-01-16,0.3997262149212868,13.787795526310545,0.0842663823870766,0.5986707098654755,0.709839440736761,0.6542527771143516,0.1111687308712854,0.5012387093434933,0.7416153158177855,0.6546684921458783,0.1713189920680341,0.0047163436258736,0.0075587512696429,0.8821996568300393
CORZ,CORZ260116P00014000,Put,2026-01-16,14.0,1.0153907470766097,2.45,2.81,1,1240,13.52,13.59,13.550000190734863,0.6909210595703126,2026-01-16,0.3997262149212868,13.787795526310545,0.0152735109001251,0.685766291219162,0.7932182389268503,0.7393877137573709,0.1074519477076882,-0.420324981241007,0.8381183420702895,0.739387713757371,0.2185279997899559,0.0009478553398418,0.0014344557592404,0.8821996568300393
CORZ,CORZ251219P00013000,Put,2025-12-19,13.0,0.94594698471816,1.78,2.07,2001,2567,13.52,13.59,13.550000190734863,0.726565234375,2025-12-19,0.3230663928815879,13.742842051421396,-0.0555687530247874,0.7160874468701149,0.8162417189025055,0.7661137602452738,0.1001542720323905,-0.3649203569209471,0.8684131243012599,0.7661137602452738,0.1896174528382862,0.0,0.0,0.8821996568300393
CORZ,CORZ270115C00005000,Call,2027-01-15,5.0,0.3475662053066836,8.55,9.95,5,2728,13.52,13.59,13.550000190734863,0.8740246972656249,2027-01-15,1.3963039014373717,14.385748452120442,-1.056800113255551,,1.1129082674722457,0.7667295440120645,,0.9473236341106964,0.8691111338300818,0.7667295440120643,0.8208510301631308,0.0,0.0,0.8821996568300393
CORZ,CORZ250829P00013000,Put,2025-08-29,13.0,0.958384791761193,0.22,0.25,1567,901,13.52,13.59,13.550000190734863,0.585941640625,2025-08-29,0.0164271047227926,13.564489035881213,-0.0425059201095511,0.6582097479246717,0.7080088694366348,0.6832155147825092,0.049799121511963,-0.2983347335536022,0.774445455167678,0.6832155147825092,0.0076679004458238,0.0,0.0,0.8821996568300393
CORZ,CORZ250829P00013500,Put,2025-08-29,13.5,0.9952457452904696,0.38,0.46,2693,25892,13.52,13.59,13.550000190734863,0.5566450585937501,2025-08-29,0.0164271047227926,13.564489035881213,-0.004765592126704,0.5951602054754525,0.7111515183712308,0.6531597612522643,0.1159913128957783,-0.4606548867171778,0.7403763492713522,0.6531597612522643,0.007008093202778,0.0,0.0,0.8821996568300393
CORZ,CORZ271217P00015000,Put,2027-12-17,15.0,1.0026271215185434,5.8,6.5,3,451,13.52,13.59,13.550000190734863,0.647464462890625,2027-12-17,2.316221765913758,14.960696432469865,0.0026236766668504,0.7387910784780883,0.84055854323612,0.7890831284221899,0.1017674647580316,-0.2748287137182457,0.8944495980168026,0.7890831284221899,1.4422005401566749,0.000179072723826,0.0,0.8821996568300393
CORZ,CORZ250905C00013500,Call,2025-09-05,13.5,0.9944335313372884,0.67,0.73,68,99,13.52,13.59,13.550000190734863,0.6171913281250001,2025-09-05,0.0355920602327173,13.575567973704135,-0.0055820191839062,0.6211345980773416,0.6802833794470222,0.6507078490791279,0.0591487813696806,0.5425464873071569,0.7375970326459677,0.6507078490791279,0.0150704152309141,0.0023549656325628,0.0022385818174652,0.8821996568300393
CORZ,CORZ271217C00020000,Call,2027-12-17,20.0,1.3368361620247244,3.25,3.75,10,3149,13.52,13.59,13.550000190734863,0.639652041015625,2027-12-17,2.316221765913758,14.960696432469865,0.2903057491186313,0.5632245474371381,0.6245128322504987,0.5937890402424978,0.0612882848133605,0.5519561425947206,0.6730778408780254,0.5937890402424978,0.8166660341356393,0.0052426857484645,0.0115786790063486,0.8821996568300393
CORZ,CORZ251219C00012000,Call,2025-12-19,12.0,0.8731818320475323,2.79,3.3,13,14541,13.52,13.59,13.550000190734863,0.7539087109375,2025-12-19,0.3230663928815879,13.742842051421396,-0.1356114606983238,0.6301042756729488,0.8217613176356996,0.72635823921175,0.1916570419627508,0.7036405279790061,0.823349038495134,0.72635823921175,0.1704486308477855,0.0,0.0,0.8821996568300393
CORZ,CORZ271217C00005000,Call,2027-12-17,5.0,0.3342090405061811,8.75,9.45,2,82,13.52,13.59,13.550000190734863,0.6225623681640625,2027-12-17,2.316221765913758,14.960696432469865,-1.0959886120012594,,0.6239116881308568,0.410192944692132,,0.9806681423791258,0.4649661122812678,0.410192944692132,0.3897234252879433,0.0,,0.8821996568300393
CORZ,CORZ260116P00010000,Put,2026-01-16,10.0,0.7252791050547213,0.77,0.9,14,9718,13.52,13.59,13.550000190734863,0.735354208984375,2026-01-16,0.3997262149212868,13.787795526310545,-0.3211987257210876,0.7366870805897259,0.7940084092400115,0.7655530142171236,0.0573213286502856,-0.1825677594094267,0.8677775017142312,0.7655530142171239,0.2342681094215766,0.0135012920803897,0.0254015902161773,0.8821996568300393
CORZ,CORZ251017C00008000,Call,2025-10-17,8.0,0.5864143101630169,5.5,5.85,1,37,13.52,13.59,13.550000190734863,0.92187578125,2025-10-17,0.1505817932922655,13.642231885125868,-0.5337287252916678,,1.131780545393899,0.8341383092457093,,0.964910265458956,0.9455210085242765,0.8341383092457094,0.1047728118886269,0.0,,0.8821996568300393
CORZ,CORZ260116C00004000,Call,2026-01-16,4.0,0.2901116420218885,9.2,10.3,1,878,13.52,13.59,13.550000190734863,1.3359408203124996,2026-01-16,0.3997262149212868,13.787795526310545,-1.2374894575952429,,1.9683700676053129,1.230115582237992,,0.976149645300627,1.3943732268703213,0.6250129363083113,0.1561495164974665,0.1000069444199014,,0.8821996568300393
CORZ,CORZ250905C00014000,Call,2025-09-05,14.0,1.031264402868299,0.46,0.5,63,150,13.52,13.59,13.550000190734863,0.6113320117187502,2025-09-05,0.0355920602327173,13.575567973704135,0.0307856249869685,0.6277686252254195,0.6676981701631156,0.6477517945248157,0.039929544937696,0.4243340486283337,0.7342462553798167,0.6477517945248158,0.014933801601729,0.0059430635704392,0.0055875987241316,0.8821996568300393
CORZ,CORZ251017C00014000,Call,2025-10-17,14.0,1.0262250427852797,1.3,1.53,41,18501,13.52,13.59,13.550000190734863,0.7534204345703125,2025-10-17,0.1505817932922655,13.642231885125868,0.0258870626437549,0.6940126720953688,0.8037958981323422,0.7488778614901447,0.1097832260369734,0.522416504400397,0.8488757116286435,0.7488778614901447,0.0844489878950113,0.0,0.0045906995832833,0.8821996568300393
CORZ,CORZ250829C00013000,Call,2025-08-29,13.0,0.958384791761193,0.76,0.82,25,98,13.52,13.59,13.550000190734863,0.5918009570312501,2025-08-29,0.0164271047227926,13.564489035881213,-0.0425059201095511,0.6175215628278774,0.7177178973693285,0.668082238275855,0.100196334541451,0.705133059967537,0.7572914284238548,0.668082238275855,0.0073319733404464,0.0,0.0,0.8821996568300393
CORZ,CORZ250912P00012500,Put,2025-09-12,12.5,0.920020352061978,0.4,0.46,7,5007,13.52,13.59,13.550000190734863,0.6709017285156251,2025-09-12,0.054757015742642,13.586655960365023,-0.0833594873772369,0.6861235353980208,0.7423108765927642,0.7143509764457013,0.0561873411947433,-0.2801952344247688,0.8097384428968613,0.7143509764457013,0.0279423582504545,,0.0371987441901583,0.8821996568300393
CORZ,CORZ271217P00010000,Put,2027-12-17,10.0,0.6684180810123622,2.85,3.2,1,1310,13.52,13.59,13.550000190734863,0.6735872485351564,2027-12-17,2.316221765913758,14.960696432469865,-0.402841431441314,0.740577242407209,0.8061723610024145,0.7732156067923807,0.0655951185952055,-0.1760011302682791,0.8764632822129345,0.7732156067923807,1.3847818450400105,0.0,0.0,0.8821996568300393
CORZ,CORZ270115P00015000,Put,2027-01-15,15.0,1.0426986159200509,4.9,5.35,30,236,13.52,13.59,13.550000190734863,0.6640658593750002,2027-01-15,1.3963039014373717,14.385748452120442,0.0418121754125589,0.727460897606772,0.8039448116781078,0.7655094802111183,0.0764839140713358,-0.3423493066775941,0.8677281546014,0.7655094802111183,0.8182407386433381,0.0,0.0013424688276366,0.8821996568300393
CORZ,CORZ251219P00012000,Put,2025-12-19,12.0,0.8731818320475323,1.32,1.51,1,4329,13.52,13.59,13.550000190734863,0.7246121289062499,2025-12-19,0.3230663928815879,13.742842051421396,-0.1356114606983238,0.724113322841085,0.795257595081354,0.7597289578071253,0.0711442722402689,-0.2980712674984659,0.8611757575796601,0.7597289578071255,0.1864700740342853,0.0,0.0,0.8821996568300393
CORZ,CORZ250829P00014000,Put,2025-08-29,14.0,1.0321066988197465,0.7,0.8,1972,4272,13.52,13.59,13.550000190734863,0.6054726953125001,2025-08-29,0.0164271047227926,13.564489035881213,0.0316020520441707,0.6381860436984444,0.7891952800927623,0.714163918693844,0.1510092363943178,-0.6177153551502162,0.8095264072761158,0.714163918693844,0.0083783179098833,0.0,0.0,0.8821996568300393
CORZ,CORZ250912C00013500,Call,2025-09-12,13.5,0.993621980226936,0.88,0.96,11,235,13.52,13.59,13.550000190734863,0.6757844921875001,2025-09-12,0.054757015742642,13.586655960365023,-0.0063984462411086,0.6634886782548886,0.7271718408197426,0.6953265640079064,0.063683162564854,0.548027234219811,0.7881736958574502,0.6953265640079064,0.0264738688906251,0.0,0.0,0.8821996568300393
CORZ,CORZ251121P00018000,Put,2025-11-21,18.0,1.3140570755867138,4.8,5.2,100,198,13.52,13.59,13.550000190734863,0.657229990234375,2025-11-21,0.2464065708418891,13.698035142014795,0.2731193556386496,0.6464233003516975,0.822041152173856,0.7370297029277908,0.1756178518221585,-0.7134838880858624,0.8354454654586017,0.7370297029277902,0.1338511990959737,0.0,0.026123181378395,0.8821996568300393
CORZ,CORZ250912P00014500,Put,2025-09-12,14.5,1.0672236083918942,1.41,1.49,3,38,13.52,13.59,13.550000190734863,0.6533237792968751,2025-09-12,0.054757015742642,13.586655960365023,0.0650605177410362,0.6740480814756061,0.740399811744322,0.7073391180736425,0.0663517302687158,-0.6218376161860313,0.8017902893039952,0.7073391180736425,0.0273965025575467,0.0245845140536317,0.0,0.8821996568300393
CORZ,CORZ251121P00020000,Put,2025-11-21,20.0,1.460063417318571,6.5,6.9,2,52,13.52,13.59,13.550000190734863,0.6152382226562501,2025-11-21,0.2464065708418891,13.698035142014795,0.3784798712964759,0.6200046049312451,0.8383451526571195,0.7378447928269024,0.2183405477258744,-0.8024011795492247,0.8363693945179718,0.7378447928269024,0.1341474180620389,0.0578874930114686,0.025545777268917,0.8821996568300393
CORZ,CORZ260618P00015000,Put,2026-06-18,15.0,1.0686771974091704,4.05,4.4,29,264,13.52,13.59,13.550000190734863,0.6787141503906251,2026-06-18,0.8186173853524983,14.036043845948052,0.06642161956537,0.7171286526872592,0.7908239421504557,0.7538801092082226,0.0736952894631964,-0.4037445443539882,0.8545459107489335,0.7538801092082226,0.465249091030474,0.0,0.0034870768357414,0.8821996568300393
CORZ,CORZ251017C00009000,Call,2025-10-17,9.0,0.659716098933394,4.55,4.8,8,42,13.52,13.59,13.550000190734863,0.7500025,2025-10-17,0.1505817932922655,13.642231885125868,-0.4159456896352844,,0.8625124700640561,0.6620291334488376,,0.9597288680731332,0.7504300509792436,0.6620291334488376,0.0659973758916523,0.021689992408355,,0.8821996568300393
CORZ,CORZ260320C00013000,Call,2026-03-20,13.0,0.9359602187264192,2.96,3.2,4,256,13.52,13.59,13.550000190734863,0.7026396923828125,2026-03-20,0.5722108145106092,13.889479210654248,-0.0661823047684167,0.6382647526015189,0.7014267215629214,0.669810683199084,0.0631619689614024,0.6494953960469829,0.7592506730345813,0.669810683199084,0.2567202941203924,0.0064453732241422,0.0,0.8821996568300393
CORZ,CORZ270115C00015000,Call,2027-01-15,15.0,1.0426986159200509,3.45,3.85,1,2464,13.52,13.59,13.550000190734863,0.6596713720703126,2027-01-15,1.3963039014373717,14.385748452120442,0.0418121754125589,0.5832957916564241,0.6489096829928171,0.6159899013013203,0.065613891336393,0.6203879695740026,0.69824318852574,0.6159899013013205,0.5298185211161051,0.0,0.0013424688276366,0.8821996568300393
CORZ,CORZ260320C00010000,Call,2026-03-20,10.0,0.7199693990203223,4.5,4.85,3,217,13.52,13.59,13.550000190734863,0.71679970703125,2026-03-20,0.5722108145106092,13.889479210654248,-0.3285465692359079,0.5994135182819528,0.7285555238995052,0.6651387719454609,0.1291420056175524,0.8171509995750803,0.7539549202903437,0.6651387719454609,0.2531515495209561,0.0535736661535357,0.0162536030482844,0.8821996568300393
CORZ,CORZ260320P00015000,Put,2026-03-20,15.0,1.0799540985304836,3.55,3.85,79,346,13.52,13.59,13.550000190734863,0.6821320849609377,2026-03-20,0.5722108145106092,13.889479210654248,0.0769185388722566,0.7084668772559567,0.7825910055839556,0.7454728789341343,0.0741241283279988,-0.4421371661702371,0.8450160608912521,0.7454728789341343,0.3179946090740764,0.0,0.0055659499772638,0.8821996568300393
CORZ,CORZ251121P00016000,Put,2025-11-21,16.0,1.1680507338548567,3.25,3.65,5002,4630,13.52,13.59,13.550000190734863,0.6772493212890626,2025-11-21,0.2464065708418891,13.698035142014795,0.1553363199822661,0.6562844928771134,0.8099911080794464,0.7337454633694092,0.1537066152023329,-0.596527653229087,0.8317226805618326,0.7337454633694085,0.1326609622214015,0.0,0.0187387016108198,0.8821996568300393
CORZ,CORZ250919C00016000,Call,2025-09-19,16.0,1.176664997236707,0.31,0.35,5461,7424,13.52,13.59,13.550000190734863,0.7060576269531251,2025-09-19,0.0739219712525667,13.597753003254605,0.1626841634970866,0.7051848313869555,0.7406873976644247,0.7230833425417695,0.0355025662774691,0.2329378326936341,0.8196368440450159,0.7230833425417695,0.0386500672061798,0.0,0.0,0.8821996568300393
CORZ,CORZ260116C00017000,Call,2026-01-16,17.0,1.232974478593026,1.17,1.34,11,24045,13.52,13.59,13.550000190734863,0.68555001953125,2026-01-16,0.3997262149212868,13.787795526310545,0.2094295253410827,0.6431759396112192,0.6949488223849974,0.6691628846135315,0.0517728827737782,0.3884018381484318,0.758516373740156,0.6638202289710557,0.1761422731638959,0.0145012707229866,0.0089343030162663,0.8821996568300393
CORZ,CORZ260116C00009000,Call,2026-01-16,9.0,0.6527511945492491,4.8,5.25,1,860,13.52,13.59,13.550000190734863,0.702151416015625,2026-01-16,0.3997262149212868,13.787795526310545,-0.426559241378914,0.4525132063365697,0.7666074613238302,0.6333672788450773,0.3140942549872604,0.8971444997690717,0.7179409716853914,0.6378915920658726,0.1626508685868219,0.0189843285764926,0.0509608352214349,0.8821996568300393
CORZ,CORZ250905P00013000,Put,2025-09-05,13.0,0.9576026598062776,0.4,0.44,115,1368,13.52,13.59,13.550000190734863,0.6132851171875001,2025-09-05,0.0355920602327173,13.575567973704135,-0.0433223471667532,0.6485843653390131,0.6911629200397947,0.6699120828651052,0.0425785547007816,-0.3423808477913778,0.759365612623637,0.6699120828651052,0.0159730830499455,0.0053255974000626,0.011682161406128,0.8821996568300393
CORZ,CORZ251219P00022000,Put,2025-12-19,22.0,1.600833358753809,8.5,9.0,1,76,13.52,13.59,13.550000190734863,0.6562534375000001,2025-12-19,0.3230663928815879,13.742842051421396,0.4705243428719916,0.6807626613878435,0.9093238367132432,0.8035357978471335,0.2285611753253997,-0.7886835464370391,0.9108321360432576,0.8035357978471327,0.2085942063073941,0.0,0.0491044953651803,0.8821996568300393
CORZ,CORZ260618C00012000,Call,2026-06-18,12.0,0.8549417579273364,3.8,4.2,2,2117,13.52,13.59,13.550000190734863,0.6958038232421876,2026-06-18,0.8186173853524983,14.036043845948052,-0.1567219317488396,0.6045177604760911,0.7002107771144911,0.6523358312292812,0.0956930166384,0.712478930959358,0.7394423996641356,0.6523358312292812,0.3483561094455128,0.0064197983713538,0.0,0.8821996568300393
CORZ,CORZ260618P00007000,Put,2026-06-18,7.0,0.4987160254576129,0.4,0.45,5,8673,13.52,13.59,13.550000190734863,0.6796907031250001,2026-06-18,0.8186173853524983,14.036043845948052,-0.6957184324815266,0.6978743665691873,0.7252053093518637,0.7116794939441832,0.0273309427826763,-0.0803957481516486,0.8067102366616452,0.7116794939441832,0.414619638406828,0.0169011527008648,0.0418192209842959,0.8821996568300393
CORZ,CORZ251017C00016000,Call,2025-10-17,16.0,1.172828620326034,0.66,0.75,1113,23646,13.52,13.59,13.550000190734863,0.711916943359375,2025-10-17,0.1505817932922655,13.642231885125868,0.1594184552682775,0.6874809545513327,0.7347320633254987,0.7112301345132951,0.0472511087741659,0.3301047182544524,0.8062008741523661,0.7112301345132951,0.0761715447862806,0.0392592580451928,0.0105635220255559,0.8821996568300393
CORZ,CORZ270115P00010000,Put,2027-01-15,10.0,0.6951324106133673,2.04,2.22,40,875,13.52,13.59,13.550000190734863,0.6757844921875001,2027-01-15,1.3963039014373717,14.385748452120442,-0.3636529326956053,0.7211420267171156,0.7616796430169407,0.7414054445571131,0.0405376162998251,-0.1967932990165145,0.8404055009737428,0.7414054445571131,0.7675231675336196,0.0,0.0444790512249175,0.8821996568300393
CORZ,CORZ251121P00021000,Put,2025-11-21,21.0,1.5330665881844994,7.45,7.8,0,39,13.52,13.59,13.550000190734863,0.6093789062500001,2025-11-21,0.2464065708418891,13.698035142014795,0.4272700354659078,0.6442985830266945,0.8533118702306084,0.7581439093605237,0.2090132872039138,-0.8282233432891655,0.8593790572133314,0.7581439093605237,0.1416301077537062,,0.0306026084301482,0.8821996568300393
CORZ,CORZ251017C00017000,Call,2025-10-17,17.0,1.246130409096411,0.5,0.56,262,11428,13.52,13.59,13.550000190734863,0.726565234375,2025-10-17,0.1505817932922655,13.642231885125868,0.2200430770847123,0.7102855332875593,0.7453349241680497,0.7279341320762209,0.0350493908804904,0.2618186754200782,0.8251353607321358,0.7279341320762209,0.0797915004388387,0.0,0.0555758972052196,0.8821996568300393
CORZ,CORZ250919C00011000,Call,2025-09-19,11.0,0.808957185600236,2.49,2.77,201,7562,13.52,13.59,13.550000190734863,0.5546919531250001,2025-09-19,0.0739219712525667,13.597753003254605,-0.212009285944324,,0.7356496519625458,0.4951812794773689,,0.9497089789734188,0.5613029608928632,0.4951812794773689,0.0181259999663539,0.0109002270763553,0.0402103731715449,0.8821996568300393
CORZ,CORZ251017P00013000,Put,2025-10-17,13.0,0.9529232540149024,1.19,1.32,11,6933,13.52,13.59,13.550000190734863,0.726565234375,2025-10-17,0.1505817932922655,13.642231885125868,-0.0482209095099669,0.7284235769223057,0.7934449847162257,0.7609376976956285,0.0650214077939199,-0.3779209655923358,0.8625459008110081,0.7609376976956285,0.0871908005135874,0.0031808373420148,0.0,0.8821996568300393
CORZ,CORZ251017P00012000,Put,2025-10-17,12.0,0.8796214652445253,0.76,0.85,29,18741,13.52,13.59,13.550000190734863,0.7236355761718749,2025-10-17,0.1505817932922655,13.642231885125868,-0.1282636171835035,0.7286320870635188,0.7795200869092843,0.7541494554943698,0.0508879998457655,-0.2794044500083281,0.8548512229127526,0.7541494554943698,0.0856421001156331,0.041806761691808,0.0208974990644914,0.8821996568300393
CORZ,CORZ251219P00016000,Put,2025-12-19,16.0,1.164242442730043,3.55,3.85,1,1305,13.52,13.59,13.550000190734863,0.676761044921875,2025-12-19,0.3230663928815879,13.742842051421396,0.152070611753457,0.6865968299713522,0.7854021742761976,0.7361469761576684,0.0988053443048454,-0.561286895442731,0.8344448679597382,0.7361469761576687,0.1750736747973096,0.0,0.0109195027377365,0.8821996568300393
CORZ,CORZ260320P00014000,Put,2026-03-20,14.0,1.0079571586284513,2.97,3.2,10,812,13.52,13.59,13.550000190734863,0.6914093359375001,2026-03-20,0.5722108145106092,13.889479210654248,0.007925667385305,0.718726109068711,0.7770228508117152,0.7478291441601822,0.0582967417430041,-0.394028063778425,0.847686958808527,0.7478291441601822,0.3200079989890986,0.0014532599895881,0.0014646328659286,0.8821996568300393
CORZ,CORZ271217C00012000,Call,2027-12-17,12.0,0.8021016972148346,5.05,5.55,6,5297,13.52,13.59,13.550000190734863,0.5976602734375001,2027-12-17,2.316221765913758,14.960696432469865,-0.2205198746473594,0.4916959467399935,0.5681045026078293,0.529779870113477,0.0764085558678357,0.7506836716829821,0.6005215100820903,0.529779870113477,0.6500863444701571,0.0040456665136078,0.0060859588274127,0.8821996568300393
CORZ,CORZ251017P00018000,Put,2025-10-17,18.0,1.319432197866788,4.65,4.85,7,45,13.52,13.59,13.550000190734863,0.6718782812500002,2025-10-17,0.1505817932922655,13.642231885125868,0.2772014909246609,0.6880923266453767,0.8197971493033253,0.756469106364349,0.1317048226579485,-0.7874325014380277,0.8574806173497379,0.7564691063643492,0.0861697549311491,0.0451906334405583,0.0,0.8821996568300393
CORZ,CORZ250905P00017500,Put,2025-09-05,17.5,1.2890805035853736,3.9,4.05,0,30,13.52,13.59,13.550000190734863,0.6718782812500002,2025-09-05,0.0355920602327173,13.575567973704135,0.2539291763011783,,1.0253888101858737,0.8408498963304138,,-0.935921674035854,0.9531287955288882,0.8408498963304138,0.0251646026723211,,0.0,0.8821996568300393
CORZ,CORZ251017P00017000,Put,2025-10-17,17.0,1.246130409096411,3.75,4.0,40,414,13.52,13.59,13.550000190734863,0.6640658593750002,2025-10-17,0.1505817932922655,13.642231885125868,0.2200430770847123,0.6578617657927812,0.8038846137536522,0.7330060882661674,0.1460228479608709,-0.7361021246370585,0.8308845765141634,0.7330060882661674,0.0809072851442567,0.0,0.0555758972052196,0.8821996568300393
CORZ,CORZ250829C00013500,Call,2025-08-29,13.5,0.9952457452904696,0.48,0.52,135,2052,13.52,13.59,13.550000190734863,0.5937540625000001,2025-08-29,0.0164271047227926,13.564489035881213,-0.004765592126704,0.646716605380103,0.7047089774120004,0.6757135121007829,0.0579923720318974,0.5391645741300831,0.765941708171581,0.6757135121007829,0.0075004312186542,0.0,0.0,0.8821996568300393
CORZ,CORZ270115C00010000,Call,2027-01-15,10.0,0.6951324106133673,5.2,5.65,25,2978,13.52,13.59,13.550000190734863,0.6213416772460938,2027-01-15,1.3963039014373717,14.385748452120442,-0.3636529326956053,0.4988175715578743,0.6030716986060408,0.5514584721665677,0.1042541270481665,0.8116196840276985,0.6250948613470264,0.5514584721665678,0.424625017734115,0.0,0.0444790512249175,0.8821996568300393
CORZ,CORZ251219C00015000,Call,2025-12-19,15.0,1.0914772900594154,1.66,1.87,1236,130263,13.52,13.59,13.550000190734863,0.7480493945312501,2025-12-19,0.3230663928815879,13.742842051421396,0.0875320906158859,0.6972809694690993,0.7656081076105613,0.7314455070836605,0.0683271381414619,0.4989350506315982,0.8291156105318884,0.7187654285064287,0.1669037685516537,0.0,0.0066045096389075,0.8821996568300393
CORZ,CORZ251219P00015000,Put,2025-12-19,15.0,1.0914772900594154,2.89,3.15,3750,5996,13.52,13.59,13.550000190734863,0.6850617431640625,2025-12-19,0.3230663928815879,13.742842051421396,0.0875320906158859,0.6940348487748126,0.7786327868669917,0.7363339340037957,0.084597938092179,-0.4999530871561422,0.8346567903343161,0.7363339340037958,0.1751626123453244,0.0,0.0066045096389075,0.8821996568300393
CORZ,CORZ260320C00012000,Call,2026-03-20,12.0,0.8639632788243868,3.4,3.7,50,6234,13.52,13.59,13.550000190734863,0.7070341796875,2026-03-20,0.5722108145106092,13.889479210654248,-0.1462250124419532,0.6271505689040052,0.7121081694938529,0.6696556672639393,0.0849576005898476,0.7060710708065641,0.7590749577824334,0.6696556672639393,0.2566014810514189,0.0158738145735477,0.0080259387804425,0.8821996568300393
CORZ,CORZ250829P00014500,Put,2025-08-29,14.5,1.068967652349023,1.06,1.13,199,1193,13.52,13.59,13.550000190734863,0.57617611328125,2025-08-29,0.0164271047227926,13.564489035881213,0.0666933718554409,0.6207046970628258,0.7513520666002381,0.6878200635519495,0.1306473695374123,-0.7619080578354264,0.7796648504981927,0.6878200635519495,0.0077716047609791,0.0,0.0,0.8821996568300393
CORZ,CORZ251219P00017000,Put,2025-12-19,17.0,1.2370075954006707,4.25,4.55,6,2018,13.52,13.59,13.550000190734863,0.6562534375000001,2025-12-19,0.3230663928815879,13.742842051421396,0.2126952335698919,0.6741137078280527,0.7765816671123004,0.7257543495816365,0.1024679592842476,-0.6214744609152665,0.8226645113300664,0.7257543495816364,0.1701653288446991,0.0,0.0125244585610645,0.8821996568300393
CORZ,CORZ260116P00017000,Put,2026-01-16,17.0,1.232974478593026,4.45,4.75,50,1591,13.52,13.59,13.550000190734863,0.6533237792968751,2026-01-16,0.3997262149212868,13.787795526310545,0.2094295253410827,0.6804195232310754,0.7704998389092228,0.725678631205876,0.0900803156781474,-0.5898148914025789,0.8225786822604512,0.725678631205876,0.2104996124987534,0.0145012707229866,0.0089343030162663,0.8821996568300393
CORZ,CORZ251219C00014000,Call,2025-12-19,14.0,1.0187121373887875,1.98,2.13,25,3939,13.52,13.59,13.550000190734863,0.726565234375,2025-12-19,0.3230663928815879,13.742842051421396,0.0185392191289345,0.6825831912177511,0.7319743526499741,0.707262270897154,0.0493911614322229,0.561543114380331,0.8017031807046056,0.7072622708971539,0.161604245148481,0.0,0.0011568838907441,0.8821996568300393
CORZ,CORZ251219C00010000,Call,2025-12-19,10.0,0.7276515267062769,4.15,4.5,1,14897,13.52,13.59,13.550000190734863,0.78711150390625,2025-12-19,0.3230663928815879,13.742842051421396,-0.3179330174922785,0.6511765062384625,0.8331776312340758,0.7451243412763676,0.1820011249956133,0.8320884398240098,0.8446209829119441,0.7451243412763676,0.1793697837305402,0.0,0.0,0.8821996568300393
CORZ,CORZ251219P00020000,Put,2025-12-19,20.0,1.4553030534125535,6.7,7.0,21,211,13.52,13.59,13.550000190734863,0.6201209863281252,2025-12-19,0.3230663928815879,13.742842051421396,0.3752141630676667,0.6704016710041832,0.7947700887406997,0.7346194054370118,0.1243684177365164,-0.7548508495882562,0.8327133203346284,0.7346194054370118,0.1743478416417965,0.0226157886948275,0.019456015015955,0.8821996568300393
CORZ,CORZ250919P00016000,Put,2025-09-19,16.0,1.176664997236707,2.71,2.88,29,1738,13.52,13.59,13.550000190734863,0.7187528125,2025-09-19,0.0739219712525667,13.597753003254605,0.1626841634970866,0.7099638210258878,0.8539160870734906,0.7838507015642343,0.1439522660476028,-0.7443431629261356,0.8885184838779047,0.7838507015642344,0.045419279680367,0.0,0.0,0.8821996568300393
CORZ,CORZ250912P00018500,Put,2025-09-12,18.5,1.3616301210517272,4.9,5.05,0,40,13.52,13.59,13.550000190734863,0.6562534375000001,2025-09-12,0.054757015742642,13.586655960365023,0.3086826003987867,,0.9786102256362348,0.8303398939701475,,-0.9320886792950628,0.941215389896844,0.8303398939701475,0.0377530096929968,,0.0896806426397676,0.8821996568300393
CORZ,CORZ250905P00018000,Put,2025-09-05,18.0,1.3259113751163842,4.4,4.55,5,62,13.52,13.59,13.550000190734863,0.73437765625,2025-09-05,0.0355920602327173,13.575567973704135,0.2821000532678746,,1.1063244254537816,0.9139811891073684,,-0.9394061469074328,1.0360253283157328,0.9139811891073684,0.029732240883087,,0.0,0.8821996568300393
CORZ,CORZ250829C00014500,Call,2025-08-29,14.5,1.068967652349023,0.15,0.16,7509,3961,13.52,13.59,13.550000190734863,0.5937540625000001,2025-08-29,0.0164271047227926,13.564489035881213,0.0666933718554409,0.6688033373095335,0.6875532252423436,0.678216311272841,0.0187498879328101,0.2345998350300862,0.7687787067497162,0.678216311272841,0.007556096342941,0.0,0.0,0.8821996568300393
CORZ,CORZ251017C00010000,Call,2025-10-17,10.0,0.7330178877037712,3.75,3.95,8,964,13.52,13.59,13.550000190734863,0.7753928710937501,2025-10-17,0.1505817932922655,13.642231885125868,-0.310585173977458,0.6227141158688003,0.8305259120025948,0.7354613278457192,0.2078117961337945,0.8908315302059827,0.833667664855383,0.7354613278457192,0.0814501986628675,0.0466219965962248,0.026816352454776,0.8821996568300393
CORZ,CORZ251219C00008000,Call,2025-12-19,8.0,0.5821212213650215,5.65,6.0,5,3241,13.52,13.59,13.550000190734863,0.7851583984375,2025-12-19,0.3230663928815879,13.742842051421396,-0.5410765688064882,,0.8600885742559103,0.6980411629710682,,0.9408701701183207,0.7912507759063317,0.698041162971068,0.1574178039530079,0.0,0.0,0.8821996568300393
CORZ,CORZ260116C00014000,Call,2026-01-16,14.0,1.0153907470766097,2.19,2.33,8,14687,13.52,13.59,13.550000190734863,0.7143583251953125,2026-01-16,0.3997262149212868,13.787795526310545,0.0152735109001251,0.6704966711367466,0.7121413742040613,0.6913044296013139,0.0416447030673147,0.5728322776865183,0.7836144848268712,0.6611320207270358,0.1747185492930037,0.0009478553398418,0.0014344557592404,0.8821996568300393
CORZ,CORZ270115P00008000,Put,2027-01-15,8.0,0.5561059284906938,1.18,1.25,20,9527,13.52,13.59,13.550000190734863,0.6738313867187502,2027-01-15,1.3963039014373717,14.385748452120442,-0.5867964840098151,0.7174949386630811,0.7378329703775154,0.7276839185017985,0.0203380317144342,-0.1329917675341558,0.8248517360758744,0.7276839185017985,0.7393762668734494,0.0151401634620477,0.1122696237366269,0.8821996568300393
CORZ,CORZ260320C00007000,Call,2026-03-20,7.0,0.5039785793142256,6.7,7.0,15,1158,13.52,13.59,13.550000190734863,0.72851833984375,2026-03-20,0.5722108145106092,13.889479210654248,-0.6852215131746403,,0.737265612601037,0.6039023374227702,,0.9580410603814656,0.6845415691871158,0.6039023374227702,0.2086841585961376,0.0,0.0,0.8821996568300393
CORZ,CORZ250919P00015000,Put,2025-09-19,15.0,1.1031234349094128,1.93,2.03,16,3498,13.52,13.59,13.550000190734863,0.6914093359375001,2025-09-19,0.0739219712525667,13.597753003254605,0.0981456423595154,0.7077440850168498,0.7809760574769551,0.7445630733534386,0.0732319724601052,-0.6493641499200394,0.8439847687413948,0.7445630733534387,0.0409804314728021,0.0,0.0,0.8821996568300393
CORZ,CORZ270115C00008000,Call,2027-01-15,8.0,0.5561059284906938,6.45,6.85,12,17021,13.52,13.59,13.550000190734863,0.6420934228515626,2027-01-15,1.3963039014373717,14.385748452120442,-0.5867964840098151,0.4790034164277609,0.6133916582169623,0.549202057114561,0.1343882417892014,0.8904050243320287,0.6225371466227717,0.5492020571145609,0.4211572313889702,0.0151401634620477,0.1122696237366269,0.8821996568300393
CORZ,CORZ260116P00015000,Put,2026-01-16,15.0,1.0879186575820818,3.2,3.4,1,19486,13.52,13.59,13.550000190734863,0.6982452050781252,2026-01-16,0.3997262149212868,13.787795526310545,0.0842663823870766,0.7239674444464972,0.7825770069824785,0.7532577771897033,0.0586095625359812,-0.4756086812167983,0.8538404785786746,0.7532577771897037,0.2268035666500449,0.0047163436258736,0.0075587512696429,0.8821996568300393
CORZ,CORZ260320P00017000,Put,2026-03-20,17.0,1.223947978334548,5.0,5.25,3601,3538,13.52,13.59,13.550000190734863,0.6796907031250001,2026-03-20,0.5722108145106092,13.889479210654248,0.2020816818262624,0.7281869219336822,0.7894395700717887,0.7588390618935992,0.0612526481381064,-0.5259270945708474,0.860167033639862,0.7588390618935992,0.3294999996380877,0.0095998978226215,0.0113255323149105,0.8821996568300393
CORZ,CORZ250919P00017000,Put,2025-09-19,17.0,1.250206559564001,3.55,3.7,3,1058,13.52,13.59,13.550000190734863,0.6875031250000001,2025-09-19,0.0739219712525667,13.597753003254605,0.2233087853135214,0.6852939254073315,0.8487257144661507,0.771949934707854,0.1634317890588192,-0.8312282108584016,0.8750286046150373,0.7719499347078542,0.0440505980719436,0.0941130364593744,0.0,0.8821996568300393
CORZ,CORZ250919P00014000,Put,2025-09-19,14.0,1.0295818725821184,1.28,1.35,8,18560,13.52,13.59,13.550000190734863,0.6953155468750001,2025-09-19,0.0739219712525667,13.597753003254605,0.0291527708725638,0.7166893920284625,0.7643467541046717,0.7405222340885179,0.0476573620762091,-0.5175982833483719,0.839404355188027,0.740522234088518,0.0405368263869819,0.0,0.0,0.8821996568300393
CORZ,CORZ251017P00020000,Put,2025-10-17,20.0,1.4660357754075424,6.45,6.7,1700,1736,13.52,13.59,13.550000190734863,0.65820654296875,2025-10-17,0.1505817932922655,13.642231885125868,0.3825620065824873,0.6703112116911725,0.8926172234636276,0.7937167865793057,0.2223060117724551,-0.8617203159903255,0.899701989718887,0.7937167865793057,0.0948644724199256,0.0310919764447495,0.0,0.8821996568300393
CORZ,CORZ250919C00014000,Call,2025-09-19,14.0,1.0295818725821184,0.85,0.89,2693,10292,13.52,13.59,13.550000190734863,0.6982452050781252,2025-09-19,0.0739219712525667,13.597753003254605,0.0291527708725638,0.6969224409288246,0.7241686571511584,0.7105473055584017,0.0272462162223338,0.4783441515920804,0.8054268668745272,0.7105473055584017,0.037321538077427,0.0,0.0,0.8821996568300393
CORZ,CORZ250919P00013000,Put,2025-09-19,13.0,0.9560403102548244,0.76,0.8,92,32722,13.52,13.59,13.550000190734863,0.692385888671875,2025-09-19,0.0739219712525667,13.597753003254605,-0.0449552012811578,0.7180028979298223,0.7466876634589389,0.7323510503240864,0.0286847655291165,-0.3724649259272474,0.8301420711901024,0.7323510503240864,0.039647166720305,0.0,0.0,0.8821996568300393
CORZ,CORZ250905P00013500,Put,2025-09-05,13.5,0.9944335313372884,0.62,0.65,3689,14835,13.52,13.59,13.550000190734863,0.6035195898437502,2025-09-05,0.0355920602327173,13.575567973704135,-0.0055820191839062,0.6462258744387409,0.6758010206261693,0.6610131360230527,0.0295751461874284,-0.4573491100082938,0.7492783871603801,0.6610131360230527,0.0155515366404802,0.0023549656325628,0.0022385818174652,0.8821996568300393
CORZ,CORZ260116C00020000,Call,2026-01-16,20.0,1.4505582101094423,0.75,0.79,334,43951,13.52,13.59,13.550000190734863,0.70312796875,2026-01-16,0.3997262149212868,13.787795526310545,0.3719484548388576,0.6833751763618257,0.6976765312114191,0.6905509644657009,0.0143013548495934,0.2631589135433452,0.7827604093012466,0.6817110504684383,0.1857647464046382,0.0367863748125101,0.0,0.8821996568300393
CORZ,CORZ260116C00012000,Call,2026-01-16,12.0,0.8703349260656655,3.1,3.25,62,23615,13.52,13.59,13.550000190734863,0.7216824707031251,2026-01-16,0.3997262149212868,13.787795526310545,-0.138877168927133,0.6644418439202774,0.715110205136408,0.6898011448430066,0.0506683612161306,0.7041928439332584,0.7819104660748022,0.6443320376039118,0.1659518442263931,0.0058399312082058,0.0048913674669875,0.8821996568300393
CORZ,CORZ250919C00012000,Call,2025-09-19,12.0,0.8824987479275301,1.94,2.03,85,16091,13.52,13.59,13.550000190734863,0.7187528125,2025-09-19,0.0739219712525667,13.597753003254605,-0.1249979089546943,0.6780825503380341,0.7584841275862514,0.7187344591575614,0.0804015772482172,0.7695496176704031,0.8147072531632481,0.7187344591575614,0.0381865544560542,0.0,0.0268083118358597,0.8821996568300393
CORZ,CORZ250919P00012000,Put,2025-09-19,12.0,0.8824987479275301,0.39,0.41,70,46144,13.52,13.59,13.550000190734863,0.6894562304687502,2025-09-19,0.0739219712525667,13.597753003254605,-0.1249979089546943,0.7167065879014385,0.7344924943202848,0.7256208908680924,0.0177859064188463,-0.2320141043153168,0.8225132318407684,0.7256208908680924,0.0389218159784627,0.0,0.0268083118358597,0.8821996568300393
CORZ,CORZ250905C00015000,Call,2025-09-05,15.0,1.1049261459303203,0.21,0.22,8435,34154,13.52,13.59,13.550000190734863,0.6250037500000001,2025-09-05,0.0355920602327173,13.575567973704135,0.0997784964739201,0.6567520103088668,0.6695935227012986,0.6631924146461641,0.0128415123924318,0.2311930604672775,0.7517486654088914,0.6631924146461641,0.0156542486652285,0.0182080204177615,0.0090907865937693,0.8821996568300393
CORZ,CORZ250919P00019000,Put,2025-09-19,19.0,1.3972896842185891,5.45,5.55,54,67,13.52,13.59,13.550000190734863,0.6875031250000001,2025-09-19,0.0739219712525667,13.597753003254605,0.3345344204237457,0.7410507809192937,0.9160501774369432,0.8385209618903409,0.1749993965176495,-0.9120329617850786,0.950488877884348,0.8385209618903406,0.0519758244908872,0.0350192827225568,0.0,0.8821996568300393
CORZ,CORZ251017C00015000,Call,2025-10-17,15.0,1.0995268315556568,0.98,1.02,231,17094,13.52,13.59,13.550000190734863,0.7246121289062499,2025-10-17,0.1505817932922655,13.642231885125868,0.0948799341307063,0.7122197837879805,0.7316614667692436,0.7219468491654689,0.0194416829812631,0.4212879995772504,0.8183485944209067,0.7219468491654689,0.0784843228366794,0.0,0.0089392521302844,0.8821996568300393
CORZ,CORZ250919C00013000,Call,2025-09-19,13.0,0.9560403102548244,1.31,1.36,53,18211,13.52,13.59,13.550000190734863,0.6953155468750001,2025-09-19,0.0739219712525667,13.597753003254605,-0.0449552012811578,0.6850439599985148,0.7209642029445279,0.7030146852494205,0.0359202429460131,0.6295891075928302,0.7968884138716686,0.7030146852494205,0.0365344298076967,0.0,0.0,0.8821996568300393
CORZ,CORZ260116C00010000,Call,2026-01-16,10.0,0.7252791050547213,4.3,4.45,1009,23029,13.52,13.59,13.550000190734863,0.7304714453125,2026-01-16,0.3997262149212868,13.787795526310545,-0.3211987257210876,0.6473231570620012,0.7169483792228346,0.682587929829519,0.0696252221608334,0.8314862738653989,0.7737340686372806,0.6414097854366339,0.1644499681770426,0.0135012920803897,0.0254015902161773,0.8821996568300393
CORZ,CORZ260618C00007000,Call,2026-06-18,7.0,0.4987160254576129,6.8,7.0,60,5650,13.52,13.59,13.550000190734863,0.63867548828125,2026-06-18,0.8186173853524983,14.036043845948052,-0.6957184324815266,0.3062258327541338,0.5754637828410504,0.4909912117436315,0.2692379500869166,0.9631295444612656,0.5565533923555173,0.4909912117436315,0.1973460332178902,0.0169011527008648,0.0418192209842959,0.8821996568300393
CORZ,CORZ250919P00020000,Put,2025-09-19,20.0,1.4708312465458837,6.4,6.55,1694,998,13.52,13.59,13.550000190734863,0.6796907031250001,2025-09-19,0.0739219712525667,13.597753003254605,0.3858277148112964,,1.0179391472876689,0.8894336574737999,,-0.9298364567589168,1.0081999585782588,0.8894336574737999,0.0584790971616015,0.0,0.0,0.8821996568300393
CORZ,CORZ250919P00021000,Put,2025-09-19,21.0,1.5443728088731778,7.4,7.5,3,59,13.52,13.59,13.550000190734863,0.500005,2025-09-19,0.0739219712525667,13.597753003254605,0.4346178789807284,,1.028571273099994,0.9228776254531572,,-0.94593509479625,1.0461097080555255,0.9228776254531572,0.062959572928612,0.0,0.0,0.8821996568300393
CORZ,CORZ260116C00007000,Call,2026-01-16,7.0,0.5076953735383049,6.65,6.85,30,15947,13.52,13.59,13.550000190734863,0.7773459765625,2026-01-16,0.3997262149212868,13.787795526310545,-0.6778736696598201,,0.7756893147039463,0.6435080538468897,,0.9692284329651152,0.7294358469364777,0.6370002669988376,0.1621966424719019,0.0,0.0632224146676032,0.8821996568300393
CORZ,CORZ250919C00010000,Call,2025-09-19,10.0,0.7354156232729419,3.6,3.7,56,7891,13.52,13.59,13.550000190734863,0.7851583984375,2025-09-19,0.0739219712525667,13.597753003254605,-0.3073194657486489,0.5556013943627306,0.8487040331140089,0.7385441559357397,0.2931026387512783,0.9485418604019096,0.83716214375951,0.7385441559357396,0.0403205522168501,0.0435457157254532,0.0318218824587863,0.8821996568300393
CORZ,CORZ250919P00022000,Put,2025-09-19,22.0,1.617914371200472,8.4,8.5,199,126,13.52,13.59,13.550000190734863,0.500005,2025-09-19,0.0739219712525667,13.597753003254605,0.4811378946156212,,1.11500515884014,1.0063096719538165,,-0.9475699274965356,1.1406824568145206,1.0063096719538165,0.0748577610087078,,0.0,0.8821996568300393
CORZ,CORZ250919P00018000,Put,2025-09-19,18.0,1.3237481218912952,4.5,4.6,3,15938,13.52,13.59,13.550000190734863,0.6953155468750001,2025-09-19,0.0739219712525667,13.597753003254605,0.28046719915347,0.7327505963549787,0.8693838273646376,0.8058393962608665,0.1366332310096588,-0.8791122356459848,0.9134433345354566,0.8058393962608659,0.0480032377256237,0.0,0.0,0.8821996568300393
CORZ,CORZ250919C00015000,Call,2025-09-19,15.0,1.1031234349094128,0.55,0.56,2772,131301,13.52,13.59,13.550000190734863,0.70898728515625,2025-09-19,0.0739219712525667,13.597753003254605,0.0981456423595154,0.7209310732714761,0.7282980625848301,0.7246168006015891,0.007366989313354,0.3447029391338077,0.8213750651471751,0.7246168006015891,0.0388141730548398,0.0,0.0,0.8821996568300393
