Ticker,Date,High,Low,Close,Realised_Vol_Close_30,Realised_Vol_Close_60,Realised_Vol_Close_100,Realised_Vol_Close_180,Realised_Vol_Close_252
GKOS,2016-06-24,29.209999084472656,27.84000015258789,28.170000076293945,31.147925959435423,57.437648313763255,54.999571282726464,68.49743631904258,67.48327948600165
GKOS,2016-06-27,28.020000457763672,26.959999084472656,27.299999237060547,32.87742831761332,57.990212139264266,55.25646027732118,68.52242025936135,66.6731146113036
GKOS,2016-06-28,28.079999923706055,27.59000015258789,27.860000610351562,33.19364711175002,58.0471510909498,55.309897657464745,68.54865601306524,66.70433444415114
GKOS,2016-06-29,28.809999465942383,27.979999542236328,28.780000686645508,34.14427643078482,57.14302904661791,54.56864361817051,68.64149871113959,66.69469870313222
GKOS,2016-06-30,29.350000381469727,28.610000610351562,29.15999984741211,33.897257743700614,56.75244292046767,53.3445725124884,68.41014548049921,66.61805185719022
GKOS,2016-07-01,29.489999771118164,28.780000686645508,29.309999465942383,33.45538560445909,56.68245303733954,53.34521084527572,68.3961682685156,66.61921177797026
GKOS,2016-07-05,29.290000915527344,28.850000381469727,28.8799991607666,33.98800659425055,56.256190884189714,53.093432035286504,68.34565289075644,66.30563293769988
GKOS,2016-07-06,29.329999923706055,28.639999389648438,28.950000762939453,33.67386874217801,56.21058180385353,53.05456055407804,68.293526474069,66.21772753176948
GKOS,2016-07-07,29.309999465942383,28.700000762939453,28.959999084472656,33.27362893483195,56.08572179686656,53.011023732369125,68.29164759944096,66.21773689359652
GKOS,2016-07-08,29.788000106811523,28.979999542236328,29.239999771118164,33.272469356635085,55.98556561817607,53.01310117720839,68.22401137533618,66.09139629426099
GKOS,2016-07-11,29.520000457763672,29.149999618530273,29.15999984741211,32.907906121793125,55.500957490322875,52.531991869157636,68.16608033369074,66.07020932009873
GKOS,2016-07-12,30.049999237060547,28.979999542236328,29.709999084472656,32.960447628079976,55.51104386798885,52.52822167800986,68.08817389048215,66.05123045557083
GKOS,2016-07-13,30.700000762939453,29.520000457763672,30.040000915527344,32.915376090381294,55.32805543798147,52.457502933158395,68.00313257608767,66.05518174325076
GKOS,2016-07-14,31.020000457763672,29.889999389648438,30.850000381469727,33.297045641633986,55.26542392827856,52.556991551708535,68.04828018183655,66.07962954372735
GKOS,2016-07-15,31.479999542236328,30.3799991607666,31.450000762939453,33.396667918697375,54.56252504388319,52.505506563021655,67.94943146854771,66.0796029062865
GKOS,2016-07-18,32.970001220703125,31.200000762939453,32.869998931884766,34.97387236617096,54.87137071429823,52.816020957824904,67.99994669281632,65.31707948814491
GKOS,2016-07-19,33.900001525878906,32.43000030517578,32.779998779296875,32.39462684600643,54.8399703897015,52.65091276392669,68.00119745783778,65.24839079145391
GKOS,2016-07-20,33.369998931884766,32.720001220703125,32.849998474121094,31.819498282071923,54.84628785889104,52.53511517062347,67.97761496088567,65.1764332996564
GKOS,2016-07-21,34.380001068115234,32.77000045776367,33.79999923706055,32.33127203764764,54.97916167929303,52.59758279192263,67.96931669006993,65.1119827563335
GKOS,2016-07-22,34.18000030517578,33.54999923706055,34.11000061035156,32.293272627432415,54.93327890459765,52.52452621320145,67.83781953418301,64.99136605651017
GKOS,2016-07-25,34.52000045776367,33.86000061035156,34.2599983215332,32.28143651741458,54.8723758163867,51.62003939101643,67.78806896701197,64.99174568038791
GKOS,2016-07-26,35.0,34.08000183105469,35.0,30.366281592025462,54.90972071571304,51.62556735797311,67.28283754300125,64.84352965833176
GKOS,2016-07-27,35.11000061035156,34.66999816894531,35.08000183105469,29.905877929325914,54.34550888769189,51.506978773658396,67.28286155598883,64.84206769590351
GKOS,2016-07-28,35.369998931884766,34.630001068115234,34.75,26.863244161002704,54.476083340163285,51.1855400921289,67.21989933162197,64.73314656230859
GKOS,2016-07-29,35.36000061035156,34.45000076293945,34.959999084472656,26.819800023631107,32.123173152117786,51.166450705449954,67.17961809528549,64.72847788867944
GKOS,2016-08-01,34.47999954223633,32.875,33.93000030517578,28.563664124861187,30.6636124155997,51.48229050199945,64.699274571105,64.77720508696966
GKOS,2016-08-02,36.5,32.72999954223633,34.209999084472656,28.12897955235846,30.17071146499041,50.989333031740934,64.70227317834478,64.78117459890271
GKOS,2016-08-03,33.79999923706055,30.5,32.900001525878906,30.671854304777362,30.538926412284873,51.2640680986886,64.00238882039166,64.87629702052018
GKOS,2016-08-04,33.709999084472656,32.400001525878906,33.22999954223633,30.711944076555703,30.55244171926849,51.18838038533965,64.0072465043256,64.88375618318949
GKOS,2016-08-05,33.50299835205078,32.7400016784668,33.040000915527344,30.032494643915868,29.94780882277976,49.5931517292093,64.00367852143282,64.53347811464079
GKOS,2016-08-08,33.650001525878906,32.72999954223633,33.630001068115234,29.295035574871196,29.981761860533513,49.574610330352805,63.84275284899444,64.54412009032173
GKOS,2016-08-09,34.209999084472656,32.9900016784668,33.59000015258789,27.188068399752492,30.002532860489872,49.26554757849379,63.84315836085096,64.48313378571979
GKOS,2016-08-10,33.970001220703125,33.369998931884766,33.65999984741211,26.9196397395975,30.002846759191527,49.23318836113541,63.83180316362941,64.36452369914704
GKOS,2016-08-11,34.11000061035156,33.40999984741211,33.43000030517578,25.993328626056844,30.087703773896795,49.03825158280546,63.77522740233441,64.31112680008748
GKOS,2016-08-12,33.95000076293945,33.310001373291016,33.720001220703125,25.903925646900333,29.92992162532025,49.02273763557529,63.62434599621203,64.26202216259188
GKOS,2016-08-15,34.209999084472656,33.5,33.68000030517578,25.96247822670106,29.739450312840255,49.04044907768673,63.58671767282339,64.19644226462638
GKOS,2016-08-16,33.650001525878906,31.079999923706055,31.3700008392334,33.61385653311801,33.60767058688788,50.38961391393288,64.0970964801031,64.59056698534
GKOS,2016-08-17,31.56999969482422,30.81999969482422,31.489999771118164,33.61508233372334,33.4757666033266,50.3567557730197,64.07375444075964,64.51098857580162
GKOS,2016-08-18,31.81999969482422,31.190000534057617,31.639999389648438,33.611344804192555,33.22137162768545,50.30044178392911,63.860002971443286,64.51265246581903
GKOS,2016-08-19,31.3799991607666,30.0,30.350000381469727,35.92924755692409,34.50066673548483,49.538483919105616,64.05358702889657,64.59477381301038
GKOS,2016-08-22,31.280000686645508,29.700000762939453,30.899999618530273,36.22951879892543,34.45668764948315,49.47272212699279,63.748515371739565,64.59026812868855
GKOS,2016-08-23,31.530000686645508,30.889999389648438,30.969999313354492,35.880569764242516,34.414157747417846,49.448008872364284,63.73008033591589,63.36072275183717
GKOS,2016-08-24,31.290000915527344,29.760000228881836,29.809999465942383,37.52700118478972,35.47485648092339,49.93985488308606,63.890216710192384,63.385311446709125
GKOS,2016-08-25,29.920000076293945,28.260000228881836,29.020000457763672,37.400330828862444,36.001749731015295,49.52278202248915,63.97668904141508,63.43619519447562
GKOS,2016-08-26,29.950000762939453,29.059999465942383,29.760000228881836,37.731063453264845,36.20580922225509,49.2879179443332,64.02650330138671,63.478458020502906
GKOS,2016-08-29,30.25,29.690000534057617,30.020000457763672,35.29519185529292,36.222287023870386,49.260296154173176,64.03020812113365,63.40693318175019
GKOS,2016-08-30,30.329999923706055,29.829999923706055,30.0,35.30175436701895,34.611510045339585,48.899125654222956,63.51875549104851,63.37018767267158
GKOS,2016-08-31,30.267000198364258,29.670000076293945,29.84000015258789,35.27464753455507,34.21732730079633,48.90844465617387,63.50678083403207,63.370764322623785
GKOS,2016-09-01,30.290000915527344,29.68000030517578,30.06999969482422,34.145907420865264,34.23081414402564,48.766069259219556,63.22491850547121,63.36506054595411
GKOS,2016-09-02,30.899999618530273,29.93000030517578,30.690000534057617,34.67226911322442,34.44137333418335,48.725328938427154,62.76820125776892,63.397631312446414
GKOS,2016-09-06,31.520000457763672,30.790000915527344,31.260000228881836,35.18422458325663,34.54232724462292,48.350894247058946,62.80122801784631,63.41298394316609
GKOS,2016-09-07,31.469999313354492,30.690000534057617,30.989999771118164,34.44157533306963,33.92631540044751,48.36323560946247,62.76748276771797,63.115497255058
GKOS,2016-09-08,31.739999771118164,30.399999618530273,31.690000534057617,35.24337321215853,33.76652116077981,48.281533239737826,62.81641723127409,63.09162258801139
GKOS,2016-09-09,32.79999923706055,31.389999389648438,32.04999923706055,35.445575784302314,32.00478988550138,48.186372121321206,62.72623301669697,63.085573012025456
GKOS,2016-09-12,33.72999954223633,32.02000045776367,33.68000030517578,38.49667153508201,33.4201118864764,48.253323880951775,62.910981001889624,63.27983642295918
GKOS,2016-09-13,34.25,33.231998443603516,34.13999938964844,37.738473300381536,33.43878167842844,48.1928874553524,62.92713782038491,63.24061939199328
GKOS,2016-09-14,35.130001068115234,33.88999938964844,35.119998931884766,38.54914849132766,33.611564385435834,48.225692439666034,62.97371616579268,63.27877237457747
GKOS,2016-09-15,37.75,35.150001525878906,37.41999816894531,40.70898135651566,35.73626214842785,49.04787596964818,63.33164769240981,63.59104771443904
GKOS,2016-09-16,37.529998779296875,36.2599983215332,37.29999923706055,40.728323129690764,35.7634602010619,49.073635515741486,63.32583458572915,63.5856202641328
GKOS,2016-09-19,37.970001220703125,36.75,36.9900016784668,40.78872102400315,35.518715652369714,49.11705374357827,63.3290850783989,63.480060144176406
GKOS,2016-09-20,37.5,36.869998931884766,37.16999816894531,40.57672264987557,35.14737411403672,49.089314332617874,63.177682400856014,62.44135064135604
GKOS,2016-09-21,37.90999984741211,37.060001373291016,37.84000015258789,40.76739936175765,34.43508723299632,49.119262920216634,63.0305028179342,62.4594414972653
GKOS,2016-09-22,39.060001373291016,37.849998474121094,38.95000076293945,41.39612031094685,34.63834137029651,48.790965330057595,63.10739663089886,62.474931079865094
GKOS,2016-09-23,39.81999969482422,38.95000076293945,39.150001525878906,41.246680467857026,34.18149904423233,48.79037383386533,63.10644745160183,62.278380139621866
GKOS,2016-09-26,39.0,37.60100173950195,38.2400016784668,42.06300949641428,34.63733855248042,35.02745639226145,63.178919319909824,62.211720733871225
GKOS,2016-09-27,39.290000915527344,38.040000915527344,39.2599983215332,42.51058166418321,34.924474315831205,33.985362885465776,63.24238573800292,61.63719895735183
GKOS,2016-09-28,39.400001525878906,38.63999938964844,39.25,35.93150195745243,34.701552654824965,33.75358130904736,63.242975274798155,61.549056819533455
GKOS,2016-09-29,39.16999816894531,37.189998626708984,37.56999969482422,38.87536135108827,36.11554492510286,34.05008362600357,52.22673265968901,61.65915789405181
GKOS,2016-09-30,38.33000183105469,37.63999938964844,37.7400016784668,38.87602304666732,36.10593493209884,34.047560356993394,51.94648913151803,61.18074283698981
GKOS,2016-10-03,38.4900016784668,37.41999816894531,38.47999954223633,36.33740923093158,36.221920457750414,33.77917431561757,51.89501162505587,61.16576817382706
GKOS,2016-10-04,38.5099983215332,37.619998931884766,38.33000183105469,36.36458915740008,36.232766100000376,33.7639845324645,47.9138841483094,60.969331592517136
GKOS,2016-10-05,38.90999984741211,38.310001373291016,38.72999954223633,36.34526705380233,36.134294342614254,33.76733938223476,47.91588504584146,60.90044788305531
GKOS,2016-10-06,39.02000045776367,38.310001373291016,38.68000030517578,33.80488345102809,36.126109404730315,33.774605971367436,47.912188772311175,60.73186413222488
GKOS,2016-10-07,38.79999923706055,37.27000045776367,38.16999816894531,32.777391338042676,35.99450369800571,33.88606872606767,47.957123085229874,60.67862190999863
GKOS,2016-10-10,38.31999969482422,37.599998474121094,37.95000076293945,32.6885970075913,35.893293884426754,33.84826509289234,47.71138662246526,60.67488355138651
GKOS,2016-10-11,37.9900016784668,36.0099983215332,36.15999984741211,36.547273481602204,36.378379812413776,34.776400157170734,48.02205356656676,60.88359420212891
GKOS,2016-10-12,36.47999954223633,35.08000183105469,35.779998779296875,36.820505794318535,36.45341269125442,34.83062768961312,47.86147678053061,60.703026199990596
GKOS,2016-10-13,35.965999603271484,33.540000915527344,35.72999954223633,36.733615091289415,36.45780968428687,34.77023582477764,47.86716348389536,60.691028517912486
GKOS,2016-10-14,36.16999816894531,35.599998474121094,35.619998931884766,36.823318190310125,36.026832233326665,34.634277589084505,46.931082136806616,60.632090729807544
GKOS,2016-10-17,36.0,34.66999816894531,35.5,36.63946655821259,35.99557218270743,34.638894313594534,46.937228195301486,60.593903350711884
GKOS,2016-10-18,36.220001220703125,35.119998931884766,35.27000045776367,36.54999346290627,36.01663768612957,34.57504750818239,46.89887917339033,60.59820897736219
GKOS,2016-10-19,35.459999084472656,34.209999084472656,34.52000045776367,37.12135468667257,36.026252342640404,34.78167982760703,46.96910961666081,60.581347514156846
GKOS,2016-10-20,35.380001068115234,34.060001373291016,34.68000030517578,36.696846102623546,36.03642163947954,34.776504995843815,46.96913014555368,60.53304185534094
GKOS,2016-10-21,34.97999954223633,34.099998474121094,34.880001068115234,36.62310104238855,36.004224274728855,34.76979612676547,46.402152248902986,60.446899263854725
GKOS,2016-10-24,36.15999984741211,35.0,36.08000183105469,35.12617042427389,36.64592819657064,35.05327171736304,45.76977738524695,60.45665349438632
GKOS,2016-10-25,36.70000076293945,35.599998474121094,35.630001068115234,35.21340047710228,36.200291374382104,35.148629581425865,45.816034142607485,60.459207637101564
GKOS,2016-10-26,34.91999816894531,33.45000076293945,34.52000045776367,35.52254243894416,36.76959101493936,34.63045186109265,45.76476874194596,60.450054134389134
GKOS,2016-10-27,35.349998474121094,33.630001068115234,33.70000076293945,30.520673277095277,36.21077762670706,34.64600844435205,45.86862911804307,60.40512218511114
GKOS,2016-10-28,33.76599884033203,31.670000076293945,32.650001525878906,31.592447770945064,36.74166029352728,35.05603717119083,46.041481140503556,60.497900698696114
GKOS,2016-10-31,33.43000030517578,32.040000915527344,33.400001525878906,32.5271039163743,37.02313829753949,35.21081911052204,46.09173914339184,60.516537559644426
GKOS,2016-11-01,33.73899841308594,32.70000076293945,33.18000030517578,32.44379592733873,36.866679105141294,35.20090170268751,45.763461725681445,60.46535064682376
GKOS,2016-11-02,34.86000061035156,33.029998779296875,33.130001068115234,31.799891924363223,36.867092306646974,34.810001686431185,45.748237117563185,60.35208890516671
GKOS,2016-11-03,33.150001525878906,31.5,31.540000915527344,32.725973745290645,38.20258170384624,35.50685115319684,46.116546042122636,60.524042414397364
GKOS,2016-11-04,32.650001525878906,31.201000213623047,32.13999938964844,33.403586063631096,38.399316416654024,34.56899200209148,46.14649244118245,60.13094794767893
GKOS,2016-11-07,33.79999923706055,32.970001220703125,33.63999938964844,36.24518447484528,39.513150644366554,35.248034002996256,46.36855416524522,60.288666790755975
GKOS,2016-11-08,33.9900016784668,32.66999816894531,33.59000015258789,35.08276644803797,39.513571236903246,35.225827217492096,46.36282745850851,60.23108563818222
GKOS,2016-11-09,35.47999954223633,32.84000015258789,35.16999816894531,38.07839621471449,37.77081398976964,35.777957707707714,46.532620564262736,60.360013166689384
GKOS,2016-11-10,35.529998779296875,34.439998626708984,34.779998779296875,36.22326560181867,37.86291061143089,35.7997390241025,46.47268223377321,58.29724342952797
GKOS,2016-11-11,34.70000076293945,28.719999313354492,34.0099983215332,36.60308319782719,38.17537001547132,36.003751700990165,46.559192248721665,58.347224608425066
GKOS,2016-11-14,34.349998474121094,33.13999938964844,33.779998779296875,35.9615837604197,37.16008808767571,35.86947286490981,46.51204901876761,57.64422326642082
GKOS,2016-11-15,34.27000045776367,33.099998474121094,33.900001525878906,36.03422735535666,37.009214216237005,35.69673606740021,46.007420181095874,57.642220354306204
GKOS,2016-11-16,34.31999969482422,33.0,33.2400016784668,36.03749484366088,37.26290171447054,35.466987485135284,46.081181514628646,57.671987684345325
GKOS,2016-11-17,34.439998626708984,33.31999969482422,33.650001525878906,36.374210617289,36.41163855698102,35.38400093520314,45.98581300608301,57.52956612144363
GKOS,2016-11-18,33.810001373291016,33.040000915527344,33.189998626708984,36.384623676218254,36.065315967835495,35.12668625550176,45.74657900309199,57.548545006104035
GKOS,2016-11-21,33.59000015258789,32.349998474121094,32.59000015258789,36.59664233197669,35.983323939386196,35.213657775409175,45.815590608460276,57.57079605590887
GKOS,2016-11-22,32.93000030517578,32.029998779296875,32.720001220703125,34.293516853823206,35.95607019373951,35.210790571647365,45.81024003740721,57.52299537857439
GKOS,2016-11-23,33.33000183105469,32.45500183105469,32.9900016784668,34.381258544758666,35.9799807096995,35.135958835829996,45.55154728206515,57.40049263938112
GKOS,2016-11-25,33.099998474121094,32.4900016784668,32.70000076293945,34.4241271188997,36.01568681257182,35.172441983492654,45.386935578702214,57.376802525453165
GKOS,2016-11-28,32.70000076293945,31.239999771118164,31.350000381469727,36.25151187979265,37.08449299288459,35.840199110741956,45.67611708639012,57.48856457273418
GKOS,2016-11-29,32.0,31.149999618530273,31.209999084472656,36.2505889643671,36.869511026089235,35.82166425553944,44.76249657288248,57.47249735195555
GKOS,2016-11-30,31.3799991607666,30.760000228881836,31.209999084472656,36.26515178360138,36.67554499702485,35.81770114038612,44.75045398636684,57.30458098890219
GKOS,2016-12-01,31.469999313354492,30.25,30.610000610351562,36.18318330840518,36.84928018889812,35.84075915614119,44.58894111674198,57.33422835059579
GKOS,2016-12-02,32.86000061035156,30.56999969482422,32.040000915527344,38.887217701878,37.75742051475654,36.51969412689501,44.82858240133508,57.244588922210895
GKOS,2016-12-05,32.599998474121094,31.889999389648438,32.150001525878906,38.84947550012843,37.692884154938305,36.284858211383295,44.71073872626323,57.2296555052928
GKOS,2016-12-06,33.0099983215332,31.360000610351562,32.9900016784668,38.258155908115526,36.65734226668806,36.38586916275339,44.78330889688656,57.27242384718634
GKOS,2016-12-07,34.683998107910156,32.630001068115234,34.27000045776367,39.934256867956904,37.3909784796338,36.21204325731785,44.964806134699046,57.38964478859323
GKOS,2016-12-08,34.13999938964844,33.04999923706055,33.560001373291016,39.34301041141091,37.16364120940288,36.36728359902735,44.95931738380597,57.423127803275605
GKOS,2016-12-09,34.0099983215332,32.779998779296875,33.150001525878906,38.888281525370076,34.73814978153827,36.42017751422439,44.98836647976514,57.43744134057205
GKOS,2016-12-12,33.130001068115234,32.09000015258789,33.0099983215332,37.77867712438774,34.74027513880401,36.13966383878918,44.97560018217753,57.033913290105644
GKOS,2016-12-13,34.34000015258789,32.900001525878906,34.099998474121094,38.38255225124572,35.42465055313914,36.482331663334186,44.21365240056524,57.103716407617554
GKOS,2016-12-14,34.45000076293945,33.15999984741211,33.810001373291016,38.41855053638937,35.43071833725651,36.500448034252244,44.186592669212665,56.88647802599351
GKOS,2016-12-15,34.22999954223633,33.43000030517578,34.02000045776367,38.446173679709325,35.23734178725905,36.35208042586704,44.162042201054476,56.49503320450734
GKOS,2016-12-16,34.5,33.22999954223633,34.0,35.4067612033369,34.65390060020633,36.34977653390385,44.16282603469298,56.49532296509074
GKOS,2016-12-19,34.349998474121094,34.029998779296875,34.119998931884766,35.06913931062451,34.64089279836182,36.325087323086294,43.76065621273088,56.460210880603334
GKOS,2016-12-20,34.45000076293945,33.7400016784668,34.189998626708984,32.54221638403183,34.36694486272178,36.313273519154585,43.532689817368265,56.46004699288473
GKOS,2016-12-21,34.4900016784668,33.52000045776367,33.779998779296875,32.74325551660181,33.91958982919148,36.05157132672475,43.560137257216546,56.39477471785119
GKOS,2016-12-22,34.18000030517578,33.220001220703125,33.93000030517578,29.775723499464256,33.94645084852244,36.03448426726099,43.35058015413126,56.33427861439914
GKOS,2016-12-23,35.12200164794922,33.90999984741211,34.9900016784668,31.01048112069692,33.50438612371313,35.8164521577055,43.45639983788117,56.41227365600238
GKOS,2016-12-27,35.83000183105469,34.279998779296875,35.41999816894531,30.43657031719105,33.5973666197145,35.8330707624137,43.36455149774899,56.39802131455416
GKOS,2016-12-28,36.0,35.0099983215332,35.08000183105469,30.514212259507783,33.368026875192776,35.85614762851314,43.323044662918,56.361407586875586
GKOS,2016-12-29,35.4900016784668,34.32099914550781,34.599998474121094,30.81297973397869,33.45910576823539,35.822182283398,43.0893100961084,56.37582007931976
GKOS,2016-12-30,34.86000061035156,34.09000015258789,34.29999923706055,30.34460002594072,33.39319524603581,35.8499298323932,43.08198132849303,56.37881025153846
GKOS,2017-01-03,34.84000015258789,33.47999954223633,33.720001220703125,30.591676532393773,33.5343693765843,35.953039212456986,43.03517687858607,56.29377339128821
GKOS,2017-01-04,34.435001373291016,33.17900085449219,34.20000076293945,30.563985655857138,33.62116467716217,36.00525794395757,43.0016251993161,56.161570744114876
GKOS,2017-01-05,34.45000076293945,33.529998779296875,33.61000061035156,30.518910785435978,33.763541642197694,36.08763251753634,42.82931534613286,56.192067064384396
GKOS,2017-01-06,36.433998107910156,34.90999984741211,36.31999969482422,37.73254848733958,36.16060739526859,38.13001417757222,43.68502556660786,56.706181665842514
GKOS,2017-01-09,38.95000076293945,36.54999923706055,38.349998474121094,40.50691813411829,37.75904772765322,37.30762632142851,44.020214947008704,56.950949772949876
GKOS,2017-01-10,38.7400016784668,37.400001525878906,38.209999084472656,40.38081132715734,37.7684114400891,37.31727111380856,44.00815814518588,56.95327305431162
GKOS,2017-01-11,39.130001068115234,37.279998779296875,38.880001068115234,37.926511937874686,37.90381409470389,37.39533238556213,44.03654910515503,56.974469471895006
GKOS,2017-01-12,40.060001373291016,38.45000076293945,39.970001220703125,38.210720541098006,38.26632767227734,36.94965287988452,44.12081083138541,48.250968599777075
GKOS,2017-01-13,41.0,39.35599899291992,39.47999954223633,38.607227018844725,38.34014873130723,36.94526018760635,44.154285967812044,48.05063851347213
GKOS,2017-01-17,39.58100128173828,38.303001403808594,38.560001373291016,38.880693943881795,38.396772888328925,37.175625837385255,44.275795981438996,48.0630661425389
GKOS,2017-01-18,39.2599983215332,38.40999984741211,38.72999954223633,37.18190222849715,38.39610399043127,36.60890086334587,43.955125234887895,45.056669391871594
GKOS,2017-01-19,38.939998626708984,37.959999084472656,38.130001068115234,37.71634038025973,38.552493924008374,36.42146696746669,44.014556464827606,45.096133657790844
GKOS,2017-01-20,38.5,37.7599983215332,38.439998626708984,37.24235922286528,37.987088619530454,36.2540102913161,35.66963722158096,45.093887443899014
GKOS,2017-01-23,38.779998779296875,37.81999969482422,38.0,36.18549087896309,37.97179576871213,36.308817384004996,35.10313646674017,45.11481937409973
GKOS,2017-01-24,38.810001373291016,37.849998474121094,38.52000045776367,35.54205752677075,37.43473454299732,36.34911703077041,35.02077973609829,44.94014461014347
GKOS,2017-01-25,39.209999084472656,38.54999923706055,38.9900016784668,35.237215402841166,37.09957119414059,36.35894056235121,34.6853161633414,44.87579821273063
GKOS,2017-01-26,39.04999923706055,38.409000396728516,38.9900016784668,35.15785291336335,36.41841132882529,36.35247365935914,34.6828613283212,44.736863110571456
GKOS,2017-01-27,39.33000183105469,38.58000183105469,38.810001373291016,34.32247800514739,36.21546537631923,36.25736397894665,34.52742724571665,44.74454508388477
GKOS,2017-01-30,38.60300064086914,37.5099983215332,38.04999923706055,34.83873634205254,36.456704672333814,36.33350756140867,34.596162459031575,44.06856312051759
GKOS,2017-01-31,41.41999816894531,38.189998626708984,41.220001220703125,41.23756747112976,39.772792220388105,38.34489374100451,35.781216705241675,44.72775321035878
GKOS,2017-02-01,41.439998626708984,40.81999969482422,41.11000061035156,41.272662120254346,38.24729170632309,38.226762583324096,35.780957573183834,44.6880207208201
GKOS,2017-02-02,42.95000076293945,41.0099983215332,42.83000183105469,42.4624438529678,38.86822442988603,38.68645739892648,36.06192370011616,44.82498456713688
GKOS,2017-02-03,43.77000045776367,43.0,43.59000015258789,42.52541640687151,38.026054428525036,38.030803065403624,36.06907463150167,44.84636919301626
GKOS,2017-02-06,44.11000061035156,42.349998474121094,43.959999084472656,42.09374174486553,38.015793920642075,38.0018555572912,36.028003171814326,44.42954592849217
GKOS,2017-02-07,44.630001068115234,43.599998474121094,44.33000183105469,42.07383576546395,37.03176230744675,37.78894212302214,36.01817302298742,43.87160575518145
GKOS,2017-02-08,45.2599983215332,43.95000076293945,45.099998474121094,41.64355819340878,36.997078054575,36.57951134838701,36.02017552739763,43.88985683296465
GKOS,2017-02-09,45.720001220703125,44.970001220703125,45.08000183105469,41.70595931035852,36.5912997955,36.57236653666558,35.937829333701785,43.700346471868095
GKOS,2017-02-10,45.35499954223633,44.59000015258789,44.59000015258789,41.75489083997028,36.65662738507008,36.59307279268398,35.96953066988024,43.712034304676415
GKOS,2017-02-13,45.2400016784668,44.619998931884766,44.66999816894531,41.290631751160674,36.66059832820803,36.58994166518902,35.9179766847819,43.69434582921182
GKOS,2017-02-14,46.09000015258789,44.619998931884766,45.97999954223633,41.366253962236236,36.63902633573588,36.75462354419336,36.032547500410416,43.76255563215393
GKOS,2017-02-15,46.43000030517578,45.599998474121094,45.77000045776367,40.81766524626227,36.66701443744398,36.512936424847226,36.04233395724965,43.5128938974279
GKOS,2017-02-16,46.150001525878906,45.08000183105469,45.439998626708984,41.106868732413346,36.547566330178,36.535405718690065,36.06044116952539,43.512491072142254
GKOS,2017-02-17,45.75,44.900001525878906,45.619998931884766,40.35271271784192,36.22014597258547,36.31636894308799,36.03395499375354,43.46742472419853
GKOS,2017-02-21,46.0620002746582,44.98400115966797,45.599998474121094,35.01771724744952,36.23993232096295,36.103554632782405,36.03641535490233,43.46606314138428
GKOS,2017-02-22,46.81999969482422,45.599998474121094,46.099998474121094,32.115224084114644,36.2526214980638,36.133224954745536,35.53118826174829,43.437095664291874
GKOS,2017-02-23,46.165000915527344,44.130001068115234,44.880001068115234,33.40476511596023,36.74218083525874,35.689632246952726,35.580981316351185,43.53904788344706
GKOS,2017-02-24,46.31999969482422,43.5,46.189998626708984,33.91992965187759,35.69125390475937,35.94379446597467,35.7084640324804,43.5373604674514
GKOS,2017-02-27,46.63999938964844,45.84000015258789,46.29999923706055,33.286550332321305,35.62914798316152,35.83547443122694,35.70842241260993,43.46414541216008
GKOS,2017-02-28,47.5,45.40999984741211,45.5,33.547504737838956,35.944159109998445,35.95487431947293,35.77316824294259,43.502642599934916
GKOS,2017-03-01,46.5,44.58000183105469,45.790000915527344,32.456562830080806,35.543089380786704,35.93584002535648,35.549564483984355,43.45426256471477
GKOS,2017-03-02,52.4900016784668,47.029998779296875,47.70000076293945,34.010413841345674,35.33172783034628,36.466492208495055,35.70942339055341,43.22446917917792
GKOS,2017-03-03,47.220001220703125,44.400001525878906,44.709999084472656,39.39489828558618,38.23774461573584,37.905223020477976,36.06778303200935,43.763376131752665
GKOS,2017-03-06,45.56999969482422,44.0,44.880001068115234,39.3881478829617,38.00408850967318,37.88835969988975,36.05240108707426,43.68405540499083
GKOS,2017-03-07,44.70000076293945,43.619998931884766,44.06999969482422,39.68143978985738,37.669565298587294,37.1718764256289,36.11831738268273,43.52551306607608
GKOS,2017-03-08,44.20500183105469,42.130001068115234,42.43000030517578,41.473820774875826,38.30902984109332,37.65741652013656,36.35245749672209,43.721169394542194
GKOS,2017-03-09,45.689998626708984,42.310001373291016,45.540000915527344,45.81823191219369,40.52415565774098,39.21490241235703,37.228219857114844,44.22936661296343
GKOS,2017-03-10,46.33000183105469,45.36000061035156,46.02000045776367,45.81607553766909,40.48863757431816,39.225531006905584,37.2401021850985,44.03856532245548
GKOS,2017-03-13,46.279998779296875,44.970001220703125,45.0099983215332,46.43295229806563,40.48485398357853,39.411313236405306,37.26274440436882,43.979111528918324
GKOS,2017-03-14,44.900001525878906,43.650001525878906,44.310001373291016,46.25807155184475,40.61015141944014,39.490720806592456,37.226224205447714,43.996918208181405
GKOS,2017-03-15,46.27000045776367,44.560001373291016,45.709999084472656,41.27554811497476,40.973655938923365,39.56732580623965,37.15948492705932,43.39208863971321
GKOS,2017-03-16,48.599998474121094,46.099998474121094,47.7599983215332,42.85028476031825,41.724449572580674,40.10011342868904,37.41892039151068,43.56097016453956
GKOS,2017-03-17,49.380001068115234,47.02000045776367,48.88999938964844,41.857778734461995,41.87917833058597,40.22616817326018,37.333300564421165,43.42948512529794
GKOS,2017-03-20,49.36000061035156,47.5,48.400001525878906,41.86881132962903,42.00146755623722,39.9832387339591,37.345168579233906,43.426987900116956
GKOS,2017-03-21,49.27000045776367,47.720001220703125,47.970001220703125,41.992518069709526,41.94934101821402,39.95161035682632,37.36991711142999,43.356832284806025
GKOS,2017-03-22,48.5,47.22999954223633,48.2599983215332,41.97139850826076,41.94831780520366,39.56631699766335,37.31366674529646,43.35437908003742
GKOS,2017-03-23,49.36000061035156,47.939998626708984,48.900001525878906,41.867113502886525,41.656406507760316,39.35096946423254,37.33360376049811,43.36327288730439
GKOS,2017-03-24,50.439998626708984,49.0,50.290000915527344,42.49016533800894,41.889436189937385,39.12512397002817,37.450319081650264,43.34899183181995
GKOS,2017-03-27,51.09000015258789,49.20000076293945,50.790000915527344,42.29765274178581,41.772108481692996,39.02453576909492,37.451001056257844,43.34164055019362
GKOS,2017-03-28,51.459999084472656,49.9900016784668,50.25,42.51708816184931,41.713873965766524,39.05864036790666,37.48015398736783,43.349752203448425
GKOS,2017-03-29,51.29999923706055,50.119998931884766,50.2400016784668,41.862863141509585,41.620158708545134,39.05436545139294,37.435634347936684,42.702358821374446
GKOS,2017-03-30,51.7400016784668,49.7599983215332,51.27000045776367,42.09404655834867,41.42606118645156,38.18636474149873,37.47986760009313,42.69211662627458
GKOS,2017-03-31,52.31999969482422,50.9900016784668,51.29999923706055,41.97701563537543,41.41922846018898,38.12609573347958,37.37515159589345,42.67662452721073
GKOS,2017-04-03,52.29999923706055,51.099998474121094,52.22999954223633,42.17043202195595,41.17155940369634,37.619672567498014,37.367441676314286,42.69716765553318
GKOS,2017-04-04,52.47999954223633,51.720001220703125,52.0,42.22666347419094,38.54544506952454,37.63419153158551,37.05150428266323,42.4033337096572
GKOS,2017-04-05,52.38999938964844,50.060001373291016,50.45000076293945,43.3444663258621,37.90353808714052,37.434498434576554,37.24936460544293,42.382214064616946
GKOS,2017-04-06,50.56999969482422,49.38999938964844,50.54999923706055,42.41612484632483,37.86886269217931,37.36068320081112,37.24938416511876,42.3720719500072
GKOS,2017-04-07,51.5099983215332,50.0880012512207,51.5,42.00023087559943,37.887437270998944,37.197478611053995,37.17006656228442,42.23805720253148
GKOS,2017-04-10,50.5,47.29999923706055,47.58000183105469,48.37686273099667,41.293358667174715,39.44591214725433,38.39122545194262,43.0517189334333
GKOS,2017-04-11,49.040000915527344,47.099998474121094,48.86000061035156,48.60669657687512,41.44898873284886,39.61631707087176,38.50122467022782,43.0366887663477
GKOS,2017-04-12,48.84000015258789,47.36000061035156,47.91999816894531,48.9960324445553,41.34148876738721,39.6128156731068,38.514454959267155,43.05036233638664
GKOS,2017-04-13,47.5,43.5,44.279998779296875,52.79931845987558,44.67335018887149,41.70233486497758,39.68160305032863,43.6425311633319
GKOS,2017-04-17,45.84000015258789,43.06999969482422,44.56999969482422,49.430084964303795,44.52579102377458,41.62218129596808,39.665725165610944,43.62135336449266
GKOS,2017-04-18,44.529998779296875,42.22999954223633,43.2599983215332,50.15507777352808,45.00179919623575,41.812603562296786,39.833196075272824,43.6680248787477
GKOS,2017-04-19,44.45000076293945,43.27000045776367,44.15999984741211,50.27378225838501,45.07191518027262,41.90725129292001,39.72631681583746,43.664798133130226
GKOS,2017-04-20,45.90999984741211,44.209999084472656,45.33000183105469,49.489901249734885,45.276879305662604,42.06049982964407,39.82576888688444,43.55202153608723
GKOS,2017-04-21,45.88999938964844,44.939998626708984,45.630001068115234,45.065441463900854,45.24193209147981,42.0196714531939,39.535672397642216,43.529880979841394
GKOS,2017-04-24,46.689998626708984,45.18899917602539,46.439998626708984,45.2550236435183,45.341993672489636,41.439622442916566,39.56806360294985,43.49855139990026
GKOS,2017-04-25,47.138999938964844,46.41999816894531,46.599998474121094,44.7548899828908,45.31481681446479,41.41780014567491,39.558165161403366,43.48205383355162
GKOS,2017-04-26,47.04999923706055,46.33000183105469,46.869998931884766,44.484880229247025,45.0669777624477,41.41372078133105,39.51630253680432,43.48225712413226
GKOS,2017-04-27,47.68000030517578,46.5,47.36000061035156,43.700298742081564,42.182421699397885,41.2536067272892,39.527568005919456,43.484982079196946
GKOS,2017-04-28,47.90999984741211,47.150001525878906,47.529998779296875,41.79900822053067,42.17031658024657,40.718795604878665,39.52805973475611,43.47865598646129
GKOS,2017-05-01,48.29999923706055,47.5099983215332,48.16999816894531,41.40790907956388,41.46545496386754,40.74619771334459,39.537327148078006,43.48930980878787
GKOS,2017-05-02,48.88999938964844,47.5,48.18000030517578,41.3083421643908,41.338415124051195,40.60074183241162,39.53007267960654,43.25566562721101
GKOS,2017-05-03,48.38999938964844,46.529998779296875,47.619998931884766,41.36714900034066,41.403303496196266,40.29862606845362,39.5614559401277,43.282315945529845
GKOS,2017-05-04,45.0,42.130001068115234,42.61000061035156,52.31775591692311,47.35481572577131,44.050130964924065,40.86628961979603,39.09402728550201
GKOS,2017-05-05,43.25,40.56999969482422,41.689998626708984,52.29407879524848,47.40123556232907,44.156897668921914,40.960139550348586,38.780724669021815
GKOS,2017-05-08,42.97999954223633,40.68000030517578,40.77000045776367,51.53455001338205,47.595675313828444,44.31791460998795,41.05552361379807,38.79358801209325
GKOS,2017-05-09,41.279998779296875,39.880001068115234,41.029998779296875,51.443958691512606,47.58395803143294,44.05537914066461,40.73878762954212,38.56258889030218
GKOS,2017-05-10,43.0,40.66999816894531,42.5099983215332,52.88219599286095,48.17581109047139,44.34353065777167,40.88933564693619,38.70329750925083
GKOS,2017-05-11,42.77000045776367,40.91999816894531,40.95000076293945,53.64650013872427,48.34378909570896,44.78337295203822,41.15094164481094,38.80403488970573
GKOS,2017-05-12,41.08000183105469,39.47999954223633,39.529998779296875,53.624626263600774,48.82302560717346,45.16873890577283,41.11315392988477,38.96098575186625
GKOS,2017-05-15,40.4900016784668,39.54999923706055,40.13999938964844,54.01396196099311,48.94702216597964,45.220882799606905,41.00531884521099,38.97651214559677
GKOS,2017-05-16,40.540000915527344,38.83000183105469,40.52000045776367,53.71052081202582,48.98856760556614,45.23778801172938,40.92114606715591,38.9779458382984
GKOS,2017-05-17,40.06999969482422,37.040000915527344,37.29999923706055,57.84314428159375,51.710572237154054,47.13935052596194,42.116043089903954,39.88957620700041
GKOS,2017-05-18,37.97999954223633,36.79999923706055,37.290000915527344,57.63146402285136,51.629661114092364,47.136525020035165,42.115820084376374,39.87322634652658
GKOS,2017-05-19,37.400001525878906,36.5099983215332,36.83000183105469,57.52070367323062,51.43618079623358,46.93917204381036,42.13959194500273,39.874478644715886
GKOS,2017-05-22,37.560001373291016,36.59000015258789,37.119998931884766,57.12923639135221,51.05634793748987,46.91655759710894,42.139955027062136,39.865733617923816
GKOS,2017-05-23,39.08000183105469,37.02000045776367,39.0099983215332,55.94381339832226,52.20129471795252,47.53171231153481,42.468842682985176,40.13560237883135
GKOS,2017-05-24,40.70500183105469,39.04999923706055,40.029998779296875,55.90632282146202,52.437307504057216,47.63245761653192,42.519781876682586,40.144194511489175
GKOS,2017-05-25,40.31800079345703,39.529998779296875,39.91999816894531,55.7837926563162,52.40754846231137,47.60947742304808,42.50584882244372,40.13928439946682
GKOS,2017-05-26,40.31999969482422,39.5,39.95000076293945,51.33738127072041,51.63589551283907,47.51649508702654,42.43288449325523,40.11164108521951
GKOS,2017-05-30,40.59000015258789,39.689998626708984,40.52000045776367,51.51358205050221,50.113257660140185,47.5167119500315,42.44377698747575,40.12495222582065
GKOS,2017-05-31,41.16999816894531,40.2599983215332,40.709999084472656,50.92946399888588,50.1176742553286,47.41999975105725,42.055058956400096,40.12508511253573
GKOS,2017-06-01,41.7400016784668,40.43000030517578,41.2599983215332,50.69460722323987,50.08976613373435,45.88449381719137,42.054451901279656,40.13983886025913
GKOS,2017-06-02,41.88999938964844,40.439998626708984,40.9900016784668,49.98294421121916,49.51402830050912,45.102163102686504,41.93859606288044,40.12784865955484
GKOS,2017-06-05,40.849998474121094,37.5099983215332,37.70000076293945,55.014481454654614,50.123514507827046,47.043994666705764,42.45718173224432,41.031132592057396
GKOS,2017-06-06,39.26900100708008,37.2599983215332,39.02000045776367,55.86040707921078,50.63877482430669,47.28250800579964,42.64956994630595,40.819893508728214
GKOS,2017-06-07,39.59000015258789,38.83000183105469,39.439998626708984,56.004401357023234,50.5480477978671,47.10681155073462,42.65508409348473,40.742614435993126
GKOS,2017-06-08,40.720001220703125,39.27000045776367,40.68000030517578,56.91537913325777,50.91918979510075,47.32217697142265,42.80537556848513,40.847379976447414
GKOS,2017-06-09,42.61000061035156,40.11000061035156,40.9900016784668,56.85632662339785,50.50387342808305,47.180307363615185,42.76394749994055,40.851674615693426
GKOS,2017-06-12,40.58000183105469,38.31999969482422,39.220001220703125,57.91637769725082,50.32379970681136,47.70740337277375,42.95246520318898,41.09366062078569
GKOS,2017-06-13,41.560001373291016,39.349998474121094,41.09000015258789,59.67456983998189,51.067744055173634,48.20407141607576,43.30021359921993,41.21183325284563
GKOS,2017-06-14,41.77000045776367,40.63999938964844,40.970001220703125,59.656355579965606,51.04584763439068,48.19304843447458,43.20941013366368,41.13031147478329
GKOS,2017-06-15,41.43000030517578,40.2599983215332,40.9900016784668,59.64923961698503,51.03388549110066,48.153673643685416,43.09904183294697,40.77911612942906
GKOS,2017-06-16,40.939998626708984,40.18000030517578,40.54999923706055,50.52061204419799,51.02855933359152,48.14382485712886,43.118773936129934,40.784873570113625
GKOS,2017-06-19,41.290000915527344,39.68000030517578,41.16999816894531,50.37454398205917,51.05710289009105,48.16495559789362,42.836400559432455,40.79994063900454
GKOS,2017-06-20,42.72999954223633,40.91999816894531,41.790000915527344,50.12411631780965,50.788669038018874,48.21907494334748,42.86791110712297,40.76897107238361
GKOS,2017-06-21,43.38999938964844,41.79999923706055,43.25,51.040315464872286,51.300048636334225,48.505556313526135,42.996462405654185,40.889658498384776
GKOS,2017-06-22,44.0099983215332,43.27000045776367,43.9900016784668,50.25592875588748,51.428502960354606,48.45399390309806,43.036233352778,40.91870595376819
GKOS,2017-06-23,44.66999816894531,43.349998474121094,44.22999954223633,48.91789733400543,51.45094107196556,46.79352606388576,43.02466008965417,40.86480887088582
GKOS,2017-06-26,44.7599983215332,43.84000015258789,44.150001525878906,47.611149019045705,51.23856646469316,46.792142807848904,43.025048169383844,40.806179817322324
GKOS,2017-06-27,44.13999938964844,41.34000015258789,41.470001220703125,51.18132831622377,52.69322572674911,47.408804687149804,43.643032572491585,41.179072217706526
GKOS,2017-06-28,43.220001220703125,41.349998474121094,42.40999984741211,51.502686314476996,52.77859158407357,47.46136439918529,43.713712711527,41.18919660242681
GKOS,2017-06-29,42.42499923706055,41.369998931884766,41.40999984741211,45.61351072327109,52.943659734035954,47.58717002951127,43.42312879450941,41.15129895969285
GKOS,2017-06-30,42.029998779296875,40.93000030517578,41.470001220703125,45.60395422655273,52.66472253649799,47.56659264807362,43.40230820410947,41.134606825018274
GKOS,2017-07-03,41.7599983215332,40.119998931884766,41.150001525878906,45.48199541136655,52.66105556861821,47.49266636327885,43.413373455868445,41.14302821361381
GKOS,2017-07-05,42.7400016784668,41.095001220703125,42.709999084472656,46.4995717815611,53.12922771878487,47.876786548849296,43.624093562534604,41.266728244853894
GKOS,2017-07-06,42.70000076293945,41.81999969482422,42.029998779296875,44.8460793043564,50.793607689906715,47.91195582211056,43.66777866010437,41.30414510928819
GKOS,2017-07-07,43.4900016784668,41.91999816894531,42.81999969482422,44.568684412308215,50.6286248570202,48.00765536281071,43.708684083539325,41.33952651747498
GKOS,2017-07-10,42.459999084472656,40.220001220703125,40.22999954223633,48.34207457308273,52.00021043997886,48.76956507684237,44.27029353449908,41.82281119493059
GKOS,2017-07-11,40.630001068115234,37.97999954223633,39.189998626708984,48.94509150179903,49.77875322030714,48.92657496116779,44.38331827575505,41.91102159302705
GKOS,2017-07-12,40.52000045776367,39.22999954223633,40.0,49.14402517623497,49.9626239002802,49.04205606050003,44.4410542029569,41.91882987686769
GKOS,2017-07-13,40.43000030517578,39.349998474121094,39.790000915527344,49.138692055723666,49.626492664901754,49.03886956688394,44.27197666288672,41.91201892425032
GKOS,2017-07-14,40.36000061035156,39.599998474121094,39.779998779296875,48.95524224470943,49.41550073038513,49.03896876708209,44.244672617631494,41.83399693559957
GKOS,2017-07-17,40.65999984741211,39.5,40.119998931884766,49.00710478438859,49.1216250673244,49.02518850788592,44.08730897910383,41.800700616867196
GKOS,2017-07-18,41.650001525878906,40.0099983215332,41.2400016784668,42.86338129771814,49.46497024120177,49.06677432185761,44.09995396759597,41.6610307152063
GKOS,2017-07-19,41.68000030517578,40.630001068115234,40.810001373291016,41.96909633950973,49.332006492414486,48.858897488218304,43.94933188860401,41.67501069932389
GKOS,2017-07-20,41.119998931884766,40.599998474121094,40.66999816894531,41.89948056850247,49.3188325329717,48.85666006457749,43.87832687420573,41.67703686970451
GKOS,2017-07-21,40.90999984741211,39.90999984741211,40.33000183105469,40.99920710635648,49.30560300743804,48.80174017957032,43.883250507752045,41.594429690831035
GKOS,2017-07-24,41.349998474121094,39.95000076293945,41.310001373291016,41.54585320351464,49.53607715515474,48.95160804861119,43.96581535872497,41.65127563157997
GKOS,2017-07-25,42.43000030517578,41.09000015258789,42.279998779296875,39.84193753229897,49.797866109450865,48.64625181645957,43.630421383194125,41.71021936387347
GKOS,2017-07-26,42.81999969482422,41.95000076293945,42.599998474121094,37.63474107339759,49.735480360166996,47.58513966471732,43.58810357635283,41.66476394693229
GKOS,2017-07-27,42.56999969482422,40.79999923706055,41.08000183105469,39.1674851249921,50.22604523694787,47.91850633445864,43.50058855117446,41.82940065625982
GKOS,2017-07-28,41.58000183105469,40.47999954223633,41.11000061035156,39.16776187702012,50.19511748368951,47.83842634482687,43.499515764210564,41.81716142429644
GKOS,2017-07-31,41.15999984741211,39.400001525878906,40.18000030517578,39.614032510929384,45.02259632250478,47.599462502134706,43.262452921687576,41.879841460845
GKOS,2017-08-01,40.68000030517578,39.2599983215332,39.380001068115234,39.735751026085296,44.99000893939484,46.3035821719319,43.31008894301576,41.81974128864226
GKOS,2017-08-02,40.209999084472656,39.04999923706055,39.72999954223633,39.55553840399443,44.81087561997566,46.293569376156555,43.23339616450195,41.820942471912645
GKOS,2017-08-03,38.599998474121094,33.79999923706055,36.7599983215332,43.79007722652636,47.497435927949354,47.74184700423577,44.21306934033551,42.363829003117864
GKOS,2017-08-04,37.34000015258789,35.55500030517578,36.2599983215332,43.327327609583435,46.914590585727915,47.72847569398811,44.24323296586136,42.376455037036486
GKOS,2017-08-07,37.5,36.0,37.41999816894531,44.58755979955247,46.8598616643,47.73528551905174,44.331014560245876,42.48618107189891
GKOS,2017-08-08,38.959999084472656,37.0,38.540000915527344,45.7255300636553,46.745302558308275,47.43718525462806,44.44125361944185,42.55043983649208
GKOS,2017-08-09,38.41999816894531,36.689998626708984,36.720001220703125,44.317381300124346,47.643174695060175,47.820372502362325,44.787763367931916,42.830410972345284
GKOS,2017-08-10,36.880001068115234,35.91999816894531,36.310001373291016,43.63878818789387,47.62922699876711,47.82515837136144,44.75397805790844,42.845697707566245
GKOS,2017-08-11,37.54999923706055,35.810001373291016,37.5,44.571169541800536,45.04069335370236,48.138153143044384,44.908742557349804,42.9584142321465
GKOS,2017-08-14,38.06999969482422,37.16999816894531,37.540000915527344,44.56776821511557,45.04107136586535,48.12232195654651,44.89998804077787,42.950608403424624
GKOS,2017-08-15,38.84000015258789,37.2400016784668,37.970001220703125,44.74729153035677,45.022531038304145,48.10834298153374,44.90319574162175,42.96427720707737
GKOS,2017-08-16,38.279998779296875,37.540000915527344,37.810001373291016,43.119409671329684,45.006472463822305,47.858652319178624,44.61529119086595,42.362796936420175
GKOS,2017-08-17,38.36000061035156,37.5,37.59000015258789,42.97403510760561,43.828740430899124,47.81714229415941,44.61794839205682,42.366756155635024
GKOS,2017-08-18,37.90999984741211,36.82500076293945,37.45000076293945,42.44926556337123,43.48467478269718,47.80145312563923,44.621349162596765,42.36710884395772
GKOS,2017-08-21,37.66999816894531,36.65999984741211,37.119998931884766,38.778029279191045,43.5124634142149,47.80855511261552,44.57076315328143,42.164907401353204
GKOS,2017-08-22,38.1349983215332,37.11000061035156,37.84000015258789,38.61847029915253,43.71203669768692,47.79541084772735,44.30736913436216,42.170205346964686
GKOS,2017-08-23,37.869998931884766,35.47999954223633,35.75,41.261857423941564,45.06637098098937,48.54737876566823,44.82976350549907,42.56171141909625
GKOS,2017-08-24,36.689998626708984,35.84000015258789,36.13999938964844,41.47404686071891,45.123659700545815,48.479963849474,44.74628916270454,42.395675728844566
GKOS,2017-08-25,36.369998931884766,35.130001068115234,35.25,41.9356093123686,45.24885726202654,48.59714778890889,44.6225533956744,42.383525556109866
GKOS,2017-08-28,36.560001373291016,35.279998779296875,36.5099983215332,43.313629537795926,45.89561638244511,48.80187432416277,44.74230425565862,42.452602006092626
GKOS,2017-08-29,36.970001220703125,36.040000915527344,36.90999984741211,42.55139574222451,42.681355163156944,48.84662809555543,44.73332619137766,42.45727015728444
GKOS,2017-08-30,37.59000015258789,36.5,37.20000076293945,42.62852269162241,42.1001659011397,48.75418447853864,44.737753275761186,42.46277876148315
GKOS,2017-08-31,38.375,37.16999816894531,37.75,42.93775720553289,42.15432866759137,47.28856878718435,44.608845772581496,42.480629813301434
GKOS,2017-09-01,38.029998779296875,37.45000076293945,37.83000183105469,42.92008125822952,41.639629301053205,47.067551375276466,44.59604124470388,42.47540429283776
GKOS,2017-09-05,41.400001525878906,37.58000183105469,39.34000015258789,43.932962739988945,42.419108900628395,47.44994509171646,44.82375997707342,42.60283367682136
GKOS,2017-09-06,40.41999816894531,38.97999954223633,40.25,43.916302890272746,41.70393557300221,45.973228948941426,44.899339796860545,42.623499026010236
GKOS,2017-09-07,42.099998474121094,40.290000915527344,41.45000076293945,44.76094010587614,41.034641812813405,46.21037783625421,45.02434408164005,42.70653388307855
GKOS,2017-09-08,43.1510009765625,40.720001220703125,42.0,43.642633238512936,41.115852190424235,46.0248417521098,45.04697610840089,42.670741953645006
GKOS,2017-09-11,43.209999084472656,41.290000915527344,42.029998779296875,43.64263374813921,41.115895688407,45.90323389350179,45.01959780400927,42.65851968372558
GKOS,2017-09-12,42.11000061035156,40.54999923706055,40.75,44.081112695936774,41.55510436041407,45.95414128850466,45.17814539285126,42.498555903219795
GKOS,2017-09-13,41.40999984741211,40.290000915527344,41.33000183105469,43.80825689348038,41.539498091776686,46.00167348316048,45.0667138281185,42.5003105236462
GKOS,2017-09-14,36.79999923706055,32.70000076293945,33.84000015258789,72.92804272461791,58.23948986665428,55.70357857182703,50.92871497399418,46.914908419438206
GKOS,2017-09-15,33.77000045776367,30.809999465942383,31.399999618530273,72.68575132886927,59.4927617772262,56.841622383062315,51.676588785281865,47.07085134024306
GKOS,2017-09-18,33.119998931884766,31.5,32.15999984741211,73.12224540584386,59.62095952631815,56.993342159983065,51.73385616753398,47.134420613596475
GKOS,2017-09-19,32.560001373291016,30.219999313354492,32.529998779296875,72.50491316400243,59.679418461514345,57.00015470745428,51.74326250380212,47.14325257396911
GKOS,2017-09-20,33.4900016784668,32.310001373291016,32.75,71.87054780464908,59.72538544926799,57.0127043743251,51.711344541525975,47.14578423652671
GKOS,2017-09-21,32.79999923706055,32.130001068115234,32.20000076293945,70.80774526839639,58.56463938547692,56.98433741391419,51.72109281609062,47.13810880288462
GKOS,2017-09-22,32.650001525878906,31.5,32.189998626708984,70.7866666812613,58.307891827566735,56.98341624739993,51.68121278189454,47.04466028278726
GKOS,2017-09-25,32.27899932861328,30.790000915527344,31.260000228881836,70.29323437870183,58.39552397980397,57.112256321525464,50.9585851246876,47.12743534782074
GKOS,2017-09-26,32.75,31.59000015258789,32.5,71.47225115773038,59.064177889731376,54.883527116932854,50.75488532524467,47.23980454106306
GKOS,2017-09-27,33.43000030517578,32.52000045776367,33.2599983215332,71.78325789319773,59.32003931962926,54.9486804369174,50.83334957408704,47.222499608801186
GKOS,2017-09-28,33.33300018310547,32.709999084472656,33.0099983215332,71.78894333158213,58.71263825719689,54.8614125072048,50.79357602403461,47.227501375544136
GKOS,2017-09-29,33.29999923706055,32.540000915527344,33.0,71.79807719169244,58.66664265676885,54.84542949052914,50.679872093463906,47.0292350100215
GKOS,2017-10-02,33.97999954223633,32.97999954223633,33.45000076293945,71.98516393676776,58.59208517676245,54.57268721291504,50.69135366706028,47.047594497822416
GKOS,2017-10-03,33.68000030517578,32.4900016784668,33.47999954223633,71.98075723721855,57.32537562300979,54.285505606063445,50.620010787057865,47.00539162086249
GKOS,2017-10-04,33.93000030517578,33.189998626708984,33.810001373291016,71.77493828860591,57.17953213362651,54.053374009367026,50.63185469275639,47.01557383519294
GKOS,2017-10-05,34.55500030517578,33.61000061035156,34.20000076293945,70.09708018089017,57.055182697387444,54.02625888640351,50.621367836745115,47.018225934591555
GKOS,2017-10-06,34.279998779296875,33.400001525878906,33.59000015258789,70.15482277982134,57.14008627395387,54.059177218644685,50.65236968295196,47.05073899108547
GKOS,2017-10-09,33.86000061035156,32.52000045776367,32.84000015258789,70.09253014233387,57.28023936114733,52.58972399601899,50.702388267173895,47.085184681802815
GKOS,2017-10-10,33.0,32.04999923706055,32.290000915527344,69.29209739367008,57.29505885918318,52.64779690877186,50.70876661253981,47.11056239343227
GKOS,2017-10-11,32.75,32.0099983215332,32.25,69.15308349970834,56.92912723197496,52.61839029320166,50.6847823260692,46.86684023040291
GKOS,2017-10-12,33.40999984741211,32.040000915527344,33.31999969482422,69.90722019683373,57.40652114362362,52.875014366238304,50.841234330029785,46.972287095274204
GKOS,2017-10-13,33.529998779296875,32.959999084472656,33.33000183105469,69.70320435824394,57.411470073133074,52.246110714048264,50.83945480368656,46.972189135840445
GKOS,2017-10-16,33.63999938964844,32.849998474121094,32.95000076293945,69.70824236048358,57.42652294460478,52.08363138953993,50.80538694233901,46.98469893750945
GKOS,2017-10-17,33.560001373291016,32.58000183105469,32.599998474121094,68.4761639150005,57.159586084017135,52.10195103377572,49.8994618099654,46.99516030770657
GKOS,2017-10-18,33.779998779296875,32.630001068115234,33.619998931884766,68.80759700254812,57.334741226263255,52.36057398984787,50.043577442913765,47.094038654619006
GKOS,2017-10-19,33.560001373291016,32.220001220703125,32.72999954223633,68.22227459930085,57.476362845719805,52.44821074760587,49.88335204122668,47.121283328744
GKOS,2017-10-20,33.709999084472656,32.86000061035156,33.619998931884766,68.70125072696514,57.434783871827364,52.638983684592276,49.945059049558445,47.19641785404031
GKOS,2017-10-23,34.0,33.2859992980957,33.68000030517578,68.71294535112416,57.43837671450556,52.585087135173104,49.932689644418964,47.19312813136382
GKOS,2017-10-24,34.040000915527344,33.34000015258789,33.970001220703125,68.49014631788587,57.34253731301264,52.60676214183211,49.933228749836815,47.078089674758715
GKOS,2017-10-25,34.029998779296875,33.439998626708984,33.72999954223633,68.22194448234235,57.23661529272549,50.9547948982234,49.88789177263261,47.06691814192925
GKOS,2017-10-26,34.16999816894531,33.540000915527344,34.150001525878906,36.23458993015134,57.2712461710391,50.683037697015045,49.91517352312013,46.977555558790684
GKOS,2017-10-27,35.279998779296875,34.099998474121094,35.20000076293945,29.469031370595307,55.464343776178715,50.896245999104885,50.0440923833661,47.013024677664525
GKOS,2017-10-30,35.56999969482422,34.86000061035156,35.349998474121094,28.847657296047487,55.40698179166916,50.643537178744694,50.04708799505673,46.90598106257945
GKOS,2017-10-31,35.86000061035156,34.869998931884766,35.310001373291016,28.7638238181324,55.006327502256326,50.62302240271168,49.91790446660483,46.85225462334619
GKOS,2017-11-01,35.400001525878906,34.63999938964844,35.040000915527344,28.892494533653824,54.653542484187234,50.169948262302135,49.92196865040779,46.853938094701185
GKOS,2017-11-02,35.619998931884766,34.8849983215332,35.290000915527344,28.33994961721839,53.800982211113954,49.60267713776141,49.927554675937195,46.85867814318803
GKOS,2017-11-03,36.060001373291016,35.13999938964844,36.0099983215332,28.74867840738648,53.922702519058255,49.721688014569345,49.98904987801688,46.636943643094995
GKOS,2017-11-06,36.20000076293945,35.119998931884766,35.380001068115234,27.76507536241421,53.61142551682471,49.7884973399209,50.02627318369471,46.63581334791123
GKOS,2017-11-07,35.0,30.0,31.510000228881836,42.97814225378455,58.548140325510126,52.9795422744707,51.8033404454857,47.842807215944966
GKOS,2017-11-08,33.470001220703125,29.045000076293945,29.65999984741211,45.64616956227333,59.641484380412244,53.69341221456531,52.18145875264945,48.22054316817786
GKOS,2017-11-09,30.979999542236328,29.229999542236328,30.780000686645508,47.136524134708985,60.235634454879225,53.998468706409355,52.26016498214595,48.14261010164298
GKOS,2017-11-10,31.049999237060547,30.06999969482422,30.09000015258789,47.49734738861638,60.363064622272965,53.751270465972624,52.31292578499534,48.18190143151836
GKOS,2017-11-13,30.229999542236328,28.739999771118164,30.0,47.235571287708595,60.36324139969385,53.64991239022048,52.282391007794935,48.13275801707972
GKOS,2017-11-14,30.100000381469727,28.625,28.649999618530273,48.77879579375493,60.97701105940766,54.044585091114584,52.52711674700217,48.34388454976551
GKOS,2017-11-15,28.479999542236328,26.6200008392334,27.389999389648438,49.886340661476055,61.33700784875593,54.426152878050196,52.5089699667743,48.544647518678964
GKOS,2017-11-16,27.540000915527344,26.860000610351562,27.06999969482422,49.59161874683565,60.4114117928554,53.64330694261118,52.004992629736336,48.520308083012864
GKOS,2017-11-17,27.139999389648438,26.440000534057617,26.450000762939453,49.70663151050675,60.44125496357684,53.55421727371027,52.054788125146715,48.553801467329855
GKOS,2017-11-20,28.270000457763672,26.559999465942383,28.209999084472656,53.71757531490228,61.9505380446678,54.57501058698929,52.6284675310856,48.974390321983954
GKOS,2017-11-21,28.149999618530273,25.200000762939453,25.350000381469727,61.24589724698861,64.9142134935646,56.9656969716787,53.89987613007404,50.084074639587925
GKOS,2017-11-22,25.450000762939453,23.440000534057617,24.5,61.666873031104444,65.0665120179413,57.15234087366257,53.30877245555487,50.19077086162264
GKOS,2017-11-24,25.420000076293945,24.270000457763672,25.290000915527344,61.6141708354207,65.47974051639926,57.05552084423804,53.446067261154774,50.28983403740044
GKOS,2017-11-27,25.81999969482422,24.8799991607666,25.790000915527344,62.123450484853585,65.55488275207037,57.16391851112246,53.46700140454645,50.32596102047613
GKOS,2017-11-28,27.6200008392334,25.579999923706055,27.549999237060547,65.75963373741864,67.19484279261675,58.14663887925076,54.06671384868871,50.59832464904935
GKOS,2017-11-29,27.959999084472656,27.190000534057617,27.299999237060547,65.75145897651277,66.55691792734515,57.40466913507078,53.92254226775848,50.604100620294346
GKOS,2017-11-30,27.809999465942383,26.60099983215332,26.770000457763672,64.92297622042214,66.3364606340454,57.348992777195974,53.67049704341045,50.639997892438096
GKOS,2017-12-01,26.940000534057617,25.399999618530273,26.3700008392334,64.70918877081445,65.92525280123847,57.243437371147074,53.59494568655613,50.62562832204205
GKOS,2017-12-04,27.010000228881836,25.780000686645508,25.8700008392334,63.97586014967979,65.82409738112572,57.29258910195105,53.62151124165017,50.44567661393182
GKOS,2017-12-05,26.65999984741211,25.43000030517578,25.549999237060547,63.90546924259426,65.80428454205027,57.30333133608434,53.628165854108275,50.45714165516988
GKOS,2017-12-06,25.75,25.1299991607666,25.530000686645508,63.73653907327537,65.65127837901478,57.26890068832917,53.61718656200538,50.38586915472032
GKOS,2017-12-07,26.489999771118164,25.209999084472656,25.959999084472656,64.18682970051634,65.69003670551409,57.140253678676075,53.63429082294029,50.26464311890607
GKOS,2017-12-08,26.25,25.59000015258789,25.959999084472656,63.932993006170015,52.072681457947176,57.13715018751628,53.504573146829046,50.22529018563444
GKOS,2017-12-11,25.975000381469727,23.075000762939453,24.850000381469727,63.56334459304166,50.645689254883266,57.474138301152145,53.688707689270586,50.393978499749736
GKOS,2017-12-12,26.260000228881836,24.809999465942383,25.899999618530273,65.25691375010742,51.1792167235558,57.93904838634414,53.949901311397994,50.57206157486448
GKOS,2017-12-13,27.229999542236328,25.489999771118164,25.770000457763672,65.21872610406419,51.08360654573829,57.759354528361996,53.94853923349016,50.461969599627444
GKOS,2017-12-14,26.75,25.75,25.899999618530273,65.37033809068635,51.06963102544806,57.60750508198578,53.88312443768651,50.46016068410746
GKOS,2017-12-15,26.850000381469727,25.790000915527344,26.469999313354492,65.84158579756223,51.26364277202779,57.72987625113706,53.96559581758278,50.50665111713938
GKOS,2017-12-18,27.1200008392334,26.1299991607666,26.389999389648438,65.27028577065525,51.25997696789361,57.5078768528137,53.90420131584649,50.50704226721406
GKOS,2017-12-19,27.729999542236328,26.18000030517578,26.709999084472656,65.54914242045781,51.064314951287614,57.5617795771442,53.93673182175809,50.52192108560911
GKOS,2017-12-20,27.06999969482422,26.6200008392334,27.010000228881836,57.459100738983274,50.41329186937426,57.53595621924957,53.8722447484094,50.53562530307364
GKOS,2017-12-21,27.270000457763672,26.540000915527344,26.600000381469727,55.11982723089557,50.17471603751385,57.50664351078492,53.88641417343305,50.54380298787425
GKOS,2017-12-22,26.700000762939453,26.100000381469727,26.479999542236328,53.75261838581754,50.168707725950625,57.47021359979061,53.821809027653465,50.54216590568685
GKOS,2017-12-26,26.510000228881836,25.920000076293945,26.059999465942383,53.59651395771737,50.22664544368411,56.280073277272656,53.08868731666845,50.463503305128974
GKOS,2017-12-27,26.34000015258789,25.969999313354492,26.030000686645508,53.604550346578165,50.09833721458703,56.25711470004829,52.97016030647268,50.445611606409656
GKOS,2017-12-28,26.860000610351562,25.444000244140625,26.049999237060547,52.167243738746585,50.097788286283105,55.98403397351177,52.93855570086391,50.43890245081493
GKOS,2017-12-29,26.145000457763672,25.520000457763672,25.649999618530273,50.79560151665412,50.06415122434517,55.76165816914609,52.18947274433749,50.44344154585719
GKOS,2018-01-02,27.450000762939453,25.709999084472656,27.079999923706055,53.25814057906144,51.40072891949695,56.06519406481154,52.61629857857042,50.7412356878344
GKOS,2018-01-03,27.579999923706055,26.530000686645508,27.170000076293945,52.807644570740145,51.3364512474183,56.058703865544146,52.522360160060266,50.71716299733073
GKOS,2018-01-04,27.5,25.290000915527344,26.049999237060547,50.65296343105303,51.799374511227526,56.114458808261055,52.65651342888673,50.861795437467926
GKOS,2018-01-05,26.385000228881836,25.25,26.25,39.90842510126203,51.779851920984484,56.13824294114814,52.55807136248068,50.842772308522875
GKOS,2018-01-08,27.15999984741211,25.549999237060547,26.790000915527344,38.83341171526546,52.00802426996493,56.217156420229564,52.6187922080115,50.274470191916876
GKOS,2018-01-09,27.479999542236328,26.479999542236328,27.309999465942383,38.192298122493334,51.68602661814028,56.33245230591929,52.628099750656865,50.00634649441024
GKOS,2018-01-10,28.59000015258789,27.30500030517578,28.200000762939453,38.84197778569944,52.188558067039324,56.60890784769651,52.785814952051254,50.11727501056858
GKOS,2018-01-11,29.329999923706055,28.200000762939453,28.559999465942383,34.107811758739146,52.25164434804692,56.66254020161223,52.80792302534092,50.10198154263882
GKOS,2018-01-12,28.8700008392334,28.0,28.329999923706055,34.08203725585728,52.2367593371382,56.66055982282586,52.78840056515228,50.02259988481007
GKOS,2018-01-16,29.610000610351562,28.149999618530273,28.469999313354492,33.5155352006319,51.80276043620141,56.565243379811456,52.7909527550557,50.0143832139166
GKOS,2018-01-17,29.690000534057617,28.450000762939453,29.6200008392334,34.80963798470539,52.271804176169724,56.293608278404704,52.995192102457565,50.13069833420371
GKOS,2018-01-18,29.68000030517578,28.479999542236328,28.549999237060547,36.17294587955675,52.41652744787402,56.52691393867934,53.14721184901157,50.254854736837004
GKOS,2018-01-19,28.729999542236328,27.559999465942383,28.540000915527344,35.88452446970523,52.41051472541489,56.41157360713981,53.137762863089534,50.2341105048281
GKOS,2018-01-22,29.020000457763672,28.125,29.0,36.031839629047546,52.50096274389394,56.1714011271253,51.596210348746,50.25489057607686
GKOS,2018-01-23,29.739999771118164,28.6200008392334,29.65999984741211,36.24467194572627,52.74348156094039,56.270960136997694,51.624658032897266,50.29935739754099
GKOS,2018-01-24,30.299999237060547,29.010000228881836,29.969999313354492,36.25922839064469,52.7217852558464,56.28408549622706,51.58755213712794,50.29107921516038
GKOS,2018-01-25,30.25,29.510000228881836,29.760000228881836,33.4467249957866,52.29340479304282,56.22424289849366,51.58240169923219,50.27737681307652
GKOS,2018-01-26,31.34000015258789,30.020000457763672,31.290000915527344,34.33504222936328,53.39143924523599,56.83532599587484,51.76071045062716,50.537385095024
GKOS,2018-01-29,31.3700008392334,30.459999084472656,31.1200008392334,34.347182790410784,53.39565350408895,56.45530863955025,51.588383943132065,50.53806372869447
GKOS,2018-01-30,31.110000610351562,30.5,30.809999465942383,34.67019286689382,53.40820425107603,56.32266868881869,51.44193985803328,50.51082409988476
GKOS,2018-01-31,30.93000030517578,29.75,30.010000228881836,35.53367831929242,53.59966682083925,56.20966164891637,51.487453284970655,49.91755681324846
GKOS,2018-02-01,30.149999618530273,29.430999755859375,30.149999618530273,35.46790597074582,53.410375928905005,56.1625674636041,51.476152029153454,49.920851551116705
GKOS,2018-02-02,30.19499969482422,29.610000610351562,29.90999984741211,35.569687987529626,53.333541063754,56.16367482594388,50.56868081480042,49.744953391954894
GKOS,2018-02-05,29.969999313354492,28.639999389648438,28.959999084472656,36.985211075998706,48.27848501663891,56.18091683032914,50.701793128139826,49.8034980582335
GKOS,2018-02-06,29.709999084472656,28.070999145507812,29.520000457763672,36.906660982420796,46.85262027673167,56.226459531404124,50.742854457115804,49.83671356063251
GKOS,2018-02-07,29.639999389648438,28.979999542236328,29.260000228881836,37.00920678348185,46.23873007020865,46.57496003852607,50.73927157408568,49.83191725743513
GKOS,2018-02-08,29.531999588012695,28.399999618530273,28.40999984741211,37.81884106372206,46.39678022772553,45.29490223302005,50.48318444599394,49.87319256756341
GKOS,2018-02-09,29.315000534057617,27.989999771118164,29.059999465942383,38.224196716699915,46.645075931229734,45.27724419560399,50.46006363844027,49.932947013608384
GKOS,2018-02-12,29.719999313354492,28.774999618530273,29.34000015258789,38.251482070067674,45.71058633186216,45.26524259470834,50.47783940748904,49.93720301810562
GKOS,2018-02-13,29.790000915527344,29.0,29.690000534057617,37.862807179312405,44.77545898139411,45.29489554158177,50.502568494454096,49.95433430402259
GKOS,2018-02-14,31.209999084472656,29.469999313354492,31.010000228881836,36.75641686334604,45.51094902116935,45.76657623635505,50.75053969312714,50.065073063164625
GKOS,2018-02-15,31.799999237060547,31.020000457763672,31.280000686645508,36.77396276787023,45.2177573935439,45.789100272560304,50.75956054283092,50.07458914922075
GKOS,2018-02-16,31.459999084472656,31.020000457763672,31.06999969482422,34.20242802145178,43.39029554119193,45.564455088904346,50.7323755950123,50.07404023218256
GKOS,2018-02-20,31.709999084472656,31.010000228881836,31.229999542236328,34.198853837543005,37.03285913688455,45.142846382470324,50.73506717700609,50.07547548025484
GKOS,2018-02-21,31.780000686645508,31.219999313354492,31.260000228881836,33.941802666641145,36.20083331777773,44.98582747189572,49.785013592659375,50.07596956318131
GKOS,2018-02-22,32.02000045776367,30.940000534057617,31.049999237060547,33.83988572553073,35.80107443597768,44.98285681790243,49.61023555071804,50.06317636338649
GKOS,2018-02-23,31.5,30.8799991607666,31.270000457763672,32.8159375937142,35.65137203353586,44.999329104901435,49.59972033489325,50.006211649045355
GKOS,2018-02-26,30.760000228881836,29.8799991607666,30.530000686645508,33.62719147729736,33.59009482186997,45.094172616225364,49.52258976666596,49.96439183012262
GKOS,2018-02-27,34.47999954223633,31.0,31.5,34.50243965967799,34.05087165216265,45.38219737471685,49.66354568573918,50.071206806054334
GKOS,2018-02-28,32.66999816894531,31.270000457763672,31.299999237060547,34.617987202103535,33.7928577940993,45.36032385257233,49.407008507159425,50.048152889650844
GKOS,2018-03-01,34.75,30.570999145507812,33.7400016784668,39.09838926855286,36.70304535745711,46.89469938628991,49.907724442895265,50.62455990157251
GKOS,2018-03-02,33.529998779296875,31.40999984741211,32.290000915527344,39.79893649083796,37.711202133543004,47.32476843779074,50.16402586068178,50.62708816636696
GKOS,2018-03-05,33.38999938964844,31.639999389648438,31.739999771118164,40.2588316382926,37.81007813525444,47.268046851035194,50.198594657609355,50.25317379483495
GKOS,2018-03-06,32.5099983215332,29.389999389648438,29.770000457763672,44.5652458263604,40.269585578463484,48.27145255555882,50.731723099243766,50.64012247540539
GKOS,2018-03-07,31.600000381469727,29.850000381469727,31.59000015258789,47.31290567377574,41.82700774229977,49.20666193188609,51.20566741037968,50.977844384223616
GKOS,2018-03-08,31.790000915527344,30.709999084472656,31.18000030517578,47.443866717663155,41.956132870602744,48.96436230887635,51.186479454100656,50.85911539953013
GKOS,2018-03-09,32.27000045776367,31.149999618530273,31.360000610351562,47.39301093244011,40.81087492040369,48.97475615274685,51.01516516658554,50.34863087744122
GKOS,2018-03-12,32.09000015258789,31.420000076293945,31.790000915527344,45.2882714326431,40.111648886239635,48.99508842030694,50.99938249453171,50.357081939432334
GKOS,2018-03-13,32.560001373291016,31.6299991607666,31.75,45.2564995126993,40.085157071831006,48.9673916096516,50.99214294766027,50.314082937808365
GKOS,2018-03-14,32.2400016784668,30.239999771118164,30.920000076293945,45.84258574251562,40.55079387570885,48.88659620018581,51.07547049143793,50.35652705367356
GKOS,2018-03-15,32.15999984741211,30.864999771118164,32.119998931884766,46.411635093793706,41.00909076733803,49.09352249460923,50.78111903844884,50.40652919269364
GKOS,2018-03-16,33.90999984741211,31.959999084472656,33.7599983215332,48.41458684113876,42.0801041335965,49.54856386200755,51.064631189580865,50.463419723936006
GKOS,2018-03-19,33.68000030517578,32.34000015258789,32.790000915527344,49.242681338140194,42.59191579248809,49.763790440732656,51.101415697254716,50.47808669937115
GKOS,2018-03-20,33.93000030517578,32.52000045776367,33.84000015258789,48.73271377720698,42.9527702002819,50.00031798446531,51.247820740695914,50.579127077246156
GKOS,2018-03-21,34.70000076293945,33.619998931884766,34.5,48.73680211036972,42.882646128354814,50.081167282699965,51.29863907385504,50.61588559053843
GKOS,2018-03-22,34.880001068115234,34.02000045776367,34.349998474121094,48.641673417177444,42.881211290367744,50.048271635594524,51.09838484306086,50.611428948393645
GKOS,2018-03-23,32.5,29.059999465942383,29.610000610351562,65.39144366612811,52.97389751900401,55.09205567968394,53.9624646434089,52.68513892944207
GKOS,2018-03-26,30.520000457763672,29.309999465942383,30.290000915527344,65.39382056265457,53.1361813711983,55.22078494704291,53.986536009702334,52.65736812497077
GKOS,2018-03-27,30.8700008392334,29.979999542236328,30.31999969482422,65.34751400825701,53.1358872334776,55.22221606042047,53.505834234498906,52.64468410693806
GKOS,2018-03-28,31.0,30.18000030517578,30.5,65.2851484674088,53.007004661127866,55.22583303484002,53.43266691202167,52.6435100513774
GKOS,2018-03-29,31.768999099731445,30.510000228881836,30.829999923706055,64.10763478761942,51.94567753340154,55.243177015308085,53.389143402322944,52.6586435577996
GKOS,2018-04-02,31.104999542236328,30.459999084472656,30.780000686645508,64.05336145320145,51.95084885131925,55.135018334103655,53.38721665638009,52.611332183008166
GKOS,2018-04-03,31.579999923706055,30.809999465942383,31.510000228881836,64.3957488637082,51.30275731035597,55.21574966564039,53.46808881715204,52.672320697083265
GKOS,2018-04-04,32.2400016784668,31.139999389648438,32.119998931884766,64.61232120468951,51.3999989867132,52.15243829608276,53.51048817566632,52.677039567638914
GKOS,2018-04-05,32.53499984741211,31.719999313354492,31.950000762939453,64.63764675528803,51.30652052173972,51.24540853165659,53.40289483781222,52.6775382540777
GKOS,2018-04-06,32.2599983215332,31.100000381469727,31.3799991607666,64.8328106420936,51.36890080093143,50.996884896030046,53.42826917657262,52.62558837123975
GKOS,2018-04-09,31.729999542236328,31.149999618530273,31.190000534057617,64.82647126201311,51.01883475327368,50.87537140319811,53.430553312265246,52.62581322155295
GKOS,2018-04-10,31.729999542236328,31.149999618530273,31.200000762939453,64.4305277911475,50.96781562332019,50.87252905109254,53.42461203178052,52.58592434015108
GKOS,2018-04-11,31.479999542236328,30.770000457763672,31.18000030517578,63.77602326923865,50.93099993559629,50.32522837162955,53.33894067243482,52.01198261356145
GKOS,2018-04-12,31.270000457763672,30.059999465942383,30.670000076293945,63.92647755272641,51.06018495096634,49.866109864839224,53.286185423705625,51.95554416464381
GKOS,2018-04-13,28.40999984741211,27.0,27.6200008392334,66.59948889541874,54.85657628524593,52.588409537370595,54.64843290172342,52.936620793270485
GKOS,2018-04-16,29.128000259399414,26.75,28.84000015258789,67.15066522174466,55.0874442033551,52.89261739955368,54.76372712906175,52.56572231340088
GKOS,2018-04-17,29.59000015258789,27.959999084472656,29.510000228881836,67.46115172640941,55.28495604456882,52.0269832367207,54.84227735871434,52.61723573177209
GKOS,2018-04-18,29.84000015258789,29.31999969482422,29.700000762939453,64.90887449742762,55.20558305722578,49.103111956986474,54.79357962108099,52.54703027479831
GKOS,2018-04-19,29.780000686645508,29.09000015258789,29.540000915527344,62.42352611930977,55.02423418160814,48.78243365479373,54.751543438035974,52.50162586415137
GKOS,2018-04-20,29.950000762939453,29.219999313354492,29.75,62.39296929244272,55.001501719378986,48.55470253258888,54.747201741739715,52.43504455372641
GKOS,2018-04-23,30.489999771118164,29.780000686645508,30.309999465942383,62.63583644552979,55.115397962309856,48.54618000489969,54.04442157588887,52.467963900231716
GKOS,2018-04-24,30.690000534057617,30.25,30.6299991607666,62.578535462912676,54.17548513127526,47.45930947262814,54.04069116825328,52.44666760712955
GKOS,2018-04-25,31.530000686645508,30.280000686645508,31.520000457763672,63.17494192553199,54.488193053640984,47.63143232746751,54.017679861699186,52.531716112807615
GKOS,2018-04-26,32.38999938964844,31.389999389648438,32.31999969482422,63.080584045550026,54.68089517999508,47.65694084304426,53.985080247839456,52.594098238932254
GKOS,2018-04-27,33.11000061035156,32.25,33.02000045776367,62.42232013998393,54.54515305542272,47.67875488211873,53.753587713980465,52.63064230711771
GKOS,2018-04-30,34.22999954223633,33.09000015258789,33.68000030517578,60.969576635751764,54.669504076725275,47.634675649788214,53.79244751297425,52.671085710026624
GKOS,2018-05-01,34.09000015258789,33.34000015258789,33.9900016784668,60.390438322775594,54.650695071312796,47.583973751450706,53.66428868428118,52.660930624234446
GKOS,2018-05-02,34.90999984741211,33.27000045776367,34.81999969482422,60.10516981703502,54.35556067530425,47.69965565945845,53.743342466642886,52.72246656226852
GKOS,2018-05-03,35.060001373291016,34.06999969482422,35.0,59.86887015690605,54.25428708887164,47.651053931741856,53.72912223029691,52.71601044934341
GKOS,2018-05-04,34.959999084472656,34.40999984741211,34.45000076293945,60.041711817468524,54.3374701763088,47.74258375481521,53.75817018506079,51.569437554006
GKOS,2018-05-07,36.599998474121094,34.540000915527344,35.79999923706055,41.38887444673255,54.40106395890724,47.48480938574703,53.95140270152715,51.675273228681085
GKOS,2018-05-08,36.0,35.45000076293945,35.689998626708984,41.176354336252345,54.277183044682644,47.108514117679704,53.95086770617492,51.62991732257722
GKOS,2018-05-09,36.220001220703125,34.470001220703125,34.9900016784668,41.80926900858989,54.46861295436438,47.23252404932128,53.990972781562604,51.661176732412606
GKOS,2018-05-10,36.119998931884766,32.31999969482422,34.06999969482422,42.7857097141275,54.76993794530281,47.46594033376849,54.02995596635011,51.59900025691921
GKOS,2018-05-11,33.900001525878906,31.0939998626709,31.75,47.80937598329854,56.07536535407115,48.76751234924683,54.25468851194665,51.939676373108256
GKOS,2018-05-14,32.79999923706055,31.520000457763672,32.72999954223633,48.552912925945044,56.38831215907372,48.971222638540205,54.362273965947075,51.919776071957294
GKOS,2018-05-15,33.689998626708984,32.4900016784668,33.5,48.545804067539486,56.55284049811434,49.06105330500657,54.356983213615194,51.950499744346445
GKOS,2018-05-16,34.375,33.35599899291992,33.91999816894531,48.37860590403779,56.59420460744966,49.067440463540564,54.21514088406748,51.95733825922469
GKOS,2018-05-17,34.72999954223633,33.8120002746582,34.5,48.5237502907153,56.68402617761841,49.04049835695001,54.23765969500889,51.328669035556395
GKOS,2018-05-18,34.970001220703125,34.387001037597656,34.619998931884766,48.13060293581385,56.65814108145422,49.027364087316734,54.23083706713119,51.33006218805705
GKOS,2018-05-21,34.9900016784668,34.470001220703125,34.5,48.09259163281103,56.65760118563394,48.946244124093624,54.20231618002749,51.3166565711758
GKOS,2018-05-22,34.70000076293945,34.0,34.16999816894531,48.23311324291821,56.45686910615021,48.98206321643415,54.212107242026285,51.31867176479717
GKOS,2018-05-23,35.0,34.07500076293945,34.959999084472656,48.55735627726392,56.295708310905965,49.0850436992163,54.07828744104843,51.12615853907182
GKOS,2018-05-24,36.18000030517578,35.0,35.4900016784668,48.27077771529933,56.335065947333064,49.03265359316691,54.03829173821807,51.08199031984857
GKOS,2018-05-25,36.61000061035156,35.15999984741211,36.61000061035156,35.948549518326914,54.595662299173775,48.55460758414795,54.05192341795122,51.17875274889487
GKOS,2018-05-29,37.29999923706055,35.709999084472656,37.279998779296875,34.607286836666184,53.873598643741616,48.61389891569254,54.072995142268,51.21200049616091
GKOS,2018-05-30,37.75,37.0,37.15999984741211,34.49194953329366,53.73274948952993,48.081434069088154,54.07359164567986,51.1922886285916
GKOS,2018-05-31,38.189998626708984,36.91999816894531,37.77000045776367,34.578875026234776,51.96663657901327,48.11967673839994,53.99031889178198,51.21686295800869
GKOS,2018-06-01,38.970001220703125,38.04999923706055,38.349998474121094,34.40010639019782,50.730805247024854,48.081208729944144,53.994676878323986,51.22207872608793
GKOS,2018-06-04,38.400001525878906,37.029998779296875,37.630001068115234,35.32175278838267,50.825870105631786,48.147066345366085,48.55120178419681,51.252284960010854
GKOS,2018-06-05,38.5099983215332,37.5099983215332,38.2400016784668,35.26120904267758,50.89261948605829,47.9696576002481,47.747880387235895,50.59045231641362
GKOS,2018-06-06,39.0,38.17499923706055,38.959999084472656,35.39544017645702,50.94662633182696,48.009525037481424,47.716522411319474,50.50747051734099
GKOS,2018-06-07,39.16999816894531,37.1150016784668,37.790000915527344,36.53235951738779,51.41066271278497,48.273485826144345,47.84593302188154,50.5876973601194
GKOS,2018-06-08,40.04999923706055,37.83000183105469,39.939998626708984,38.87954754695116,52.14219203293025,48.98579577538572,48.2739552846868,50.7965915857576
GKOS,2018-06-11,40.56999969482422,39.61000061035156,40.220001220703125,38.640259478808794,51.66830049858569,48.64448189649958,48.23107015668238,50.79571045116166
GKOS,2018-06-12,41.650001525878906,40.040000915527344,41.52000045776367,39.15116762244107,51.11208970807017,48.43246075300723,48.366132430080825,50.70193836925828
GKOS,2018-06-13,42.0099983215332,41.529998779296875,41.91999816894531,39.153426914473464,50.671403435960386,48.43676370203978,48.23701932684865,50.49694492995873
GKOS,2018-06-14,43.810001373291016,41.709999084472656,43.790000915527344,40.28784165018789,51.011414617654324,48.81073586375838,48.29182993630371,50.6835036013243
GKOS,2018-06-15,44.099998474121094,42.31999969482422,43.02000045776367,40.951592160799635,51.11059018723668,48.843009662169585,48.278196590611486,50.71546447153327
GKOS,2018-06-18,43.959999084472656,42.900001525878906,43.83000183105469,40.506744006508484,51.17358289223599,48.88930710365549,48.309142127136404,50.73691301094537
GKOS,2018-06-19,44.04999923706055,42.75,43.439998626708984,39.73581884463317,40.225591824760485,48.90099399851378,48.32466954003599,50.72327849470548
GKOS,2018-06-20,45.0,43.810001373291016,44.5099983215332,39.95838206744333,40.25516619793557,48.447919976341325,48.37927102655471,50.7593227659647
GKOS,2018-06-21,42.5,39.43000030517578,40.650001525878906,48.51617983730283,44.901980035170716,50.68888837985672,49.596696157913684,51.451866906097564
GKOS,2018-06-22,41.11000061035156,40.5,40.880001068115234,47.57970573084456,44.90174381289693,50.650085244237154,49.588820678701076,51.42629227828968
GKOS,2018-06-25,44.11000061035156,40.5,41.2400016784668,41.67007461947262,44.892450798343646,50.44211048338477,49.581863755590646,51.43109090744691
GKOS,2018-06-26,42.810001373291016,41.119998931884766,42.0,41.267804294172336,44.954923188371886,50.49845677685164,49.571477043766706,51.46423999230384
GKOS,2018-06-27,42.150001525878906,40.68000030517578,40.83000183105469,42.33356662322672,45.304995175403675,50.71588243502774,49.61437012059912,51.159547159532906
GKOS,2018-06-28,41.189998626708984,40.34000015258789,41.029998779296875,42.29930266236739,45.19939511015991,50.39791118298028,49.5694160908066,51.112241034401215
GKOS,2018-06-29,41.13999938964844,40.1150016784668,40.63999938964844,42.418902591293005,45.24538667568546,50.37673318335253,49.58523525711838,51.06554615701705
GKOS,2018-07-02,40.779998779296875,39.4900016784668,40.540000915527344,42.477916063364766,45.0340916815972,50.34807256188872,49.446496941710464,51.0658734678494
GKOS,2018-07-03,41.08000183105469,40.47999954223633,40.9900016784668,42.426815565109585,45.00278454945483,50.087564866236676,49.46040713221429,51.07214826229013
GKOS,2018-07-05,42.029998779296875,40.935001373291016,41.9900016784668,42.4915710762083,45.17085699709359,50.10239070866945,49.511714446513935,50.99299904530481
GKOS,2018-07-06,43.15999984741211,41.58000183105469,42.709999084472656,42.333739221946644,45.22225766422412,50.138445655591305,49.525387642306754,50.996108993155445
GKOS,2018-07-09,43.10499954223633,42.41999816894531,42.79999923706055,42.2774607511841,45.000529258131685,50.12222256332181,49.402550202927216,50.96249991555464
GKOS,2018-07-10,41.849998474121094,40.0,40.38999938964844,45.48632302631401,40.940709605475455,50.654127872949715,49.78820410983844,50.90987471308571
GKOS,2018-07-11,41.790000915527344,40.02000045776367,41.36000061035156,45.6737350049603,40.381643901590344,50.756079270943786,49.76707672288141,50.89663608874565
GKOS,2018-07-12,43.599998474121094,41.459999084472656,43.25,47.150932545189924,41.011499233633074,51.165038162651996,50.03289879234687,51.05079307546351
GKOS,2018-07-13,43.20000076293945,41.849998474121094,42.130001068115234,47.87627213380876,41.55236892150352,51.37844299681714,50.13197002827238,51.116823196956304
GKOS,2018-07-16,42.18000030517578,40.95000076293945,41.4900016784668,48.05151455732472,41.715971689237136,51.45966945686702,50.160512329237726,51.140405490777695
GKOS,2018-07-17,42.709999084472656,41.279998779296875,42.5099983215332,47.998552085757545,41.88963670161069,51.54840813479715,50.217807240496725,51.19055621698612
GKOS,2018-07-18,42.689998626708984,41.7599983215332,42.439998626708984,47.88778637223943,41.833290008793696,51.55009238193811,50.09959523807629,51.11741044186583
GKOS,2018-07-19,42.869998931884766,41.70000076293945,41.83000183105469,47.9378704898181,42.02133588055021,51.44561745588745,50.13168855617729,51.12728688723137
GKOS,2018-07-20,42.529998779296875,41.790000915527344,42.09000015258789,46.92103263989119,41.737184933921625,51.25024482013193,50.134933287910044,51.12967563761909
GKOS,2018-07-23,42.9900016784668,42.0099983215332,42.779998779296875,44.47997546114239,41.593551865539716,51.27197919753912,50.156773272574895,51.14781604145562
GKOS,2018-07-24,42.779998779296875,39.939998626708984,40.11000061035156,48.46409094000407,43.781646529336854,51.071867697185155,50.74734257384156,51.49866769206414
GKOS,2018-07-25,40.869998931884766,39.97999954223633,40.470001220703125,47.60140807963491,43.662751833043124,50.555781212887965,50.703941050725746,51.453517216947986
GKOS,2018-07-26,40.849998474121094,39.439998626708984,40.380001068115234,47.499257709720446,43.65716013987755,50.46508098960736,50.65839977961738,51.44808601848367
GKOS,2018-07-27,40.61000061035156,39.13999938964844,39.77000045776367,45.69468916832006,43.583624958077905,49.41169361259313,48.76210698723516,51.342485072888756
GKOS,2018-07-30,40.70000076293945,39.349998474121094,39.54999923706055,45.493972379387216,43.60797087326129,48.59181105469551,48.21202406499866,51.34526836468611
GKOS,2018-07-31,41.66999816894531,39.380001068115234,41.61000061035156,47.709050918851226,44.567978327685594,49.13352382044801,48.380994395346235,51.54584679508761
GKOS,2018-08-01,43.709999084472656,41.29999923706055,43.5099983215332,49.50020682593503,44.79565593011057,49.577295209696764,48.559464681112615,51.697019958403835
GKOS,2018-08-02,46.5,42.702999114990234,45.0099983215332,49.98290788589574,45.21143662583887,49.78900157538061,48.70147563638474,51.798701782025994
GKOS,2018-08-03,43.834999084472656,39.064998626708984,39.38999938964844,57.675218753792244,53.06051450035153,54.319809251132824,50.96429868415673,52.92938065670608
GKOS,2018-08-06,39.81999969482422,36.88999938964844,38.130001068115234,58.346663905071175,53.209047518701844,54.40896917446736,50.82449524333019,53.012614330985464
GKOS,2018-08-07,40.83000183105469,38.040000915527344,40.2400016784668,60.514749245796274,52.074167788905044,54.73140726721377,51.169255475577025,53.19207344054375
GKOS,2018-08-08,40.90999984741211,39.79999923706055,40.4900016784668,60.28477189015662,51.78451414127093,54.20239784721256,51.08215541153205,53.11462103727212
GKOS,2018-08-09,41.709999084472656,40.56999969482422,41.16999816894531,59.93896948724582,51.694835702984285,54.02363834971358,50.57539296186029,52.91529884901964
GKOS,2018-08-10,42.810001373291016,41.060001373291016,41.95000076293945,60.16635753611324,51.758006160252194,53.88568414834728,48.92126132186221,52.93383100616757
GKOS,2018-08-13,41.83000183105469,40.459999084472656,40.61000061035156,60.86927619158465,52.19999052389901,54.09230611743987,48.90421090315451,52.940614921034154
GKOS,2018-08-14,41.42100143432617,40.220001220703125,40.45000076293945,60.87596293397266,52.217554633443875,54.09119088482143,48.78917074871503,52.942276010238544
GKOS,2018-08-15,40.68000030517578,39.369998931884766,39.5,61.15895526779301,52.48319976084371,48.6275869881085,48.84645542285684,52.98502498915428
GKOS,2018-08-16,40.13999938964844,39.04999923706055,39.9900016784668,60.82938665365746,52.463916386186206,48.54774417580574,48.271285770968134,52.99714028881994
GKOS,2018-08-17,40.2599983215332,39.189998626708984,40.16999816894531,60.6041165672351,52.29610734762392,48.547642834805444,48.25374075888065,52.99534976249453
GKOS,2018-08-20,40.45000076293945,39.8849983215332,40.13999938964844,60.5927866626245,52.23201043218811,48.548320095428934,48.18561288716545,52.993931511399936
GKOS,2018-08-21,40.7400016784668,39.93000030517578,40.20000076293945,58.23800622104627,51.88070208838472,48.531662118197964,48.14170602973325,52.98614196541265
GKOS,2018-08-22,41.400001525878906,40.060001373291016,41.310001373291016,58.37167198677917,52.03821328392626,48.68293779210223,48.16307730262313,53.02094727620753
GKOS,2018-08-23,43.41999816894531,41.400001525878906,42.720001220703125,57.71659517043114,52.4338146255764,48.8177617030309,48.268265558399385,52.81252871791121
GKOS,2018-08-24,43.869998931884766,42.16999816894531,43.83000183105469,57.65823151466727,52.575309098936295,48.8830267819306,48.34149361749929,52.86178771828085
GKOS,2018-08-27,45.86000061035156,43.40999984741211,45.36000061035156,58.20577381214317,52.91719748593887,49.11346687576243,48.45651757130695,52.90459287668301
GKOS,2018-08-28,45.58000183105469,44.65999984741211,44.79999923706055,58.00971851163936,52.8193842128856,49.059238129443564,48.48998882762416,52.810290617682
GKOS,2018-08-29,70.91000366210938,58.95000076293945,62.86000061035156,113.55436236902376,86.74388337797019,72.34113353520898,62.41279681494022,62.68866946253755
GKOS,2018-08-30,69.19999694824219,62.0,67.4000015258789,114.39744990418849,87.6318538592802,73.01390071534605,62.73379071073578,63.049969351135196
GKOS,2018-08-31,69.81999969482422,66.52999877929688,68.37000274658203,114.36183203474175,87.24667127947565,73.00894018255319,62.73058900096146,63.049221052097515
GKOS,2018-09-04,70.4800033569336,66.91999816894531,67.5,114.66972859426726,86.8471270762406,72.97999981650044,62.76764314860852,63.06745045062206
GKOS,2018-09-05,68.16999816894531,62.849998474121094,64.77999877929688,113.45522145793525,87.44653234654463,71.15681136577473,62.97648245239098,63.10748689117853
GKOS,2018-09-06,65.0999984741211,61.04999923706055,63.09000015258789,114.10728311972167,87.58214018418153,71.15137936314615,63.079158459040755,63.13622396533738
GKOS,2018-09-07,64.02999877929688,60.689998626708984,61.5099983215332,114.60321762430556,87.83011467399643,71.30310110794802,63.17422402084614,63.13332741954844
GKOS,2018-09-10,64.31999969482422,61.599998474121094,63.75,114.42503950428859,87.70221665741519,71.44548603176007,63.277021682764925,63.21540400150499
GKOS,2018-09-11,64.36000061035156,62.290000915527344,64.08999633789062,114.29273428504152,87.55990234158205,71.41594218735841,63.231981421072526,63.21639242874076
GKOS,2018-09-12,64.41899871826172,61.130001068115234,62.970001220703125,114.20835490062524,87.66301942140554,71.52943791897766,63.2784404110169,63.16150165288262
GKOS,2018-09-13,66.0790023803711,61.35300064086914,62.77000045776367,113.92701397814358,87.62894376926201,71.52676139959647,63.23730348700107,63.15108890247786
GKOS,2018-09-14,63.29999923706055,61.31999969482422,61.689998626708984,114.04784834460484,87.67563949627008,71.63144735727327,63.2881189655627,59.85234103539753
GKOS,2018-09-17,61.939998626708984,60.27000045776367,60.47999954223633,106.06848889182778,85.53223397346528,71.67176816827227,63.35334448645836,59.390756858834074
GKOS,2018-09-18,62.57500076293945,59.720001220703125,62.34000015258789,105.21873376122308,85.66922997208788,71.71098787755996,63.37979695305097,59.41714238776014
GKOS,2018-09-19,63.16600036621094,59.27000045776367,59.939998626708984,105.79656399534375,86.19150504518791,72.03727971223348,63.32114512300057,59.5577763031335
GKOS,2018-09-20,60.84000015258789,59.77000045776367,60.45000076293945,105.78535497474118,86.15649585995922,72.00437412666902,63.3228260659478,59.55928824851714
GKOS,2018-09-21,60.86000061035156,58.11000061035156,58.84000015258789,106.42171175967712,86.1354780293645,72.19055303508345,63.19165421246369,59.60060652824216
GKOS,2018-09-24,61.16999816894531,58.22999954223633,60.720001220703125,106.5561977886515,86.29152992560812,72.24804019198905,63.27092079127053,59.67073517440858
GKOS,2018-09-25,63.29999923706055,60.369998931884766,63.099998474121094,105.94629335388983,86.46990052920911,72.43633854294836,63.37021969949457,59.69253995973944
GKOS,2018-09-26,65.33999633789062,61.45000076293945,64.11000061035156,105.79894099006289,86.46285412179887,72.36907357659256,63.36070692886098,59.59702442115893
GKOS,2018-09-27,66.25,64.47000122070312,65.0999984741211,105.14763570480845,86.47451143475975,72.19988040403555,63.28996776191943,59.575312298247006
GKOS,2018-09-28,66.43000030517578,64.58999633789062,64.9000015258789,105.29739816957762,86.43382681608877,72.19987882500746,63.28926615626806,59.569299724890776
GKOS,2018-10-01,65.55999755859375,61.709999084472656,62.2599983215332,106.57677432087928,86.98256731356085,72.4791457084508,63.506667801922966,59.73247388694757
GKOS,2018-10-02,63.2400016784668,60.779998779296875,61.58000183105469,106.74604687110003,87.05072831686773,72.34339761912112,63.53261071836683,59.737376375050374
GKOS,2018-10-03,63.2400016784668,61.68000030517578,62.59000015258789,106.67830337630666,86.04244814783478,71.31359496519315,63.40990282303712,59.75321146114511
GKOS,2018-10-04,62.189998626708984,60.2400016784668,61.41999816894531,107.04594978350232,86.13786462117035,71.32724270066952,63.282289249603075,59.7867235261075
GKOS,2018-10-05,62.650001525878906,59.630001068115234,61.369998931884766,106.94192028592337,85.78241692751189,71.28389436174417,63.28278867824345,59.78057069105499
GKOS,2018-10-08,62.790000915527344,59.880001068115234,60.90999984741211,107.00817042374516,85.56907321741012,71.30876538977617,63.28255525504032,59.75400163965428
GKOS,2018-10-09,61.86000061035156,60.029998779296875,60.400001525878906,106.91464852590265,85.50685703051496,71.32192755646466,63.26184776404735,59.7113975107842
GKOS,2018-10-10,60.369998931884766,57.119998931884766,57.310001373291016,108.25350123227567,86.26053524506743,71.91572191987679,63.60858702427856,59.93290560278105
GKOS,2018-10-11,59.05799865722656,55.90999984741211,56.599998474121094,43.67418327119561,86.32450102685911,71.95698208418936,63.62462486428962,59.95003083851902
GKOS,2018-10-12,59.4900016784668,57.58000183105469,58.86000061035156,39.9596335166476,86.5124881034558,72.12198758500067,63.52468150376325,59.98672431048118
GKOS,2018-10-15,60.33000183105469,57.060001373291016,59.810001373291016,40.03310261102897,86.53830901733053,72.08808351601766,63.53282122416272,60.00214841352292
GKOS,2018-10-16,64.02999877929688,59.81999969482422,63.2400016784668,43.56753456075487,87.11791934098815,72.51572654505254,63.81007870121469,60.2232978379856
GKOS,2018-10-17,64.58000183105469,61.540000915527344,64.2699966430664,42.26031280420245,85.87090988200787,72.42189666160431,63.723927554389405,60.22373662435334
GKOS,2018-10-18,64.5,61.915000915527344,62.31999969482422,42.51406454001486,86.23516331022051,72.62324825745688,63.85863052849188,60.250153164252694
GKOS,2018-10-19,62.9900016784668,59.36000061035156,60.0,43.304324095185486,86.71106245511307,72.93340543136,64.03607615301938,60.31455730068196
GKOS,2018-10-22,62.30500030517578,59.470001220703125,61.84000015258789,42.92408939203895,86.72254780346248,73.02268425877642,63.9662988604897,60.32922954397839
GKOS,2018-10-23,62.2400016784668,59.560001373291016,61.36000061035156,42.92419784778281,86.7380355432019,73.03144794098802,63.95716374192556,60.337840133525276
GKOS,2018-10-24,62.5099983215332,58.41999816894531,58.61000061035156,44.59543021205491,86.93070023432517,73.37723656910953,64.21171694570164,60.52692743809877
GKOS,2018-10-25,60.619998931884766,57.45000076293945,59.81999969482422,45.08170457872579,86.6084459840851,73.39808538744751,64.1184006139262,60.54725608016622
GKOS,2018-10-26,59.790000915527344,55.8849983215332,58.40999984741211,45.317685026203705,86.60286753752679,73.49916796769847,64.16556042039663,60.594939184473276
GKOS,2018-10-29,60.709999084472656,55.15999984741211,56.25,46.22113984168884,82.2125819834317,73.5939794186058,64.34983357737472,60.65902261760069
GKOS,2018-10-30,57.61000061035156,54.310001373291016,57.52000045776367,45.78702940467669,81.88466405503611,73.19311149579806,64.38062382715628,60.693097089913636
GKOS,2018-10-31,59.040000915527344,57.09000015258789,57.939998626708984,44.525719022481525,81.2968539247586,73.19346157970264,64.20759866576586,60.69465888652938
GKOS,2018-11-01,60.709999084472656,57.400001525878906,60.459999084472656,46.229228954745786,81.64026613138799,73.31870452447443,64.3713440953099,60.822398842072914
GKOS,2018-11-02,61.65999984741211,59.470001220703125,60.08000183105469,45.56329141500267,81.65607089391182,73.32994404771192,64.3703835959995,60.826242295033936
GKOS,2018-11-05,60.59000015258789,56.529998779296875,57.900001525878906,45.86358143675559,82.09013946181709,73.32587833777082,64.54928022876642,60.92408373788151
GKOS,2018-11-06,59.15999984741211,57.11000061035156,58.779998779296875,44.57320337657848,81.7317009668183,73.27703171996974,64.56330499718756,60.90664457874516
GKOS,2018-11-07,62.08000183105469,58.5099983215332,61.84000015258789,46.89838955376899,82.20998073643923,73.62649456882367,64.79275569730451,59.94083931154369
GKOS,2018-11-08,61.7400016784668,53.130001068115234,59.810001373291016,47.52704243776217,82.38739458492363,73.83302763348932,64.94084546611285,59.71471549247326
GKOS,2018-11-09,62.810001373291016,57.61000061035156,61.279998779296875,48.171472512662675,82.45732292548136,73.83264490557278,64.90349590728536,59.654679076844275
GKOS,2018-11-12,60.970001220703125,55.720001220703125,57.15999984741211,50.79313420855034,83.94261299346684,73.22254430247656,65.39942689564013,60.038657467528445
GKOS,2018-11-13,58.89500045776367,56.31999969482422,56.68000030517578,50.76303044232997,83.98329374609588,73.2457018353839,65.40418215370065,60.04615813533242
GKOS,2018-11-14,57.834999084472656,55.8390007019043,57.11000061035156,50.54153829082437,83.97935966874849,73.24364107742828,64.84670999505649,59.84979409099327
GKOS,2018-11-15,60.27000045776367,56.529998779296875,59.470001220703125,51.839065939383865,84.16725823329773,73.44432669115444,64.7572978839683,59.775934999179285
GKOS,2018-11-16,62.790000915527344,58.7599983215332,61.36000061035156,52.68114075473963,84.13678933446018,73.39769995750021,64.79443519100624,59.82366207677639
GKOS,2018-11-19,61.209999084472656,55.86000061035156,56.560001373291016,57.715237378116726,85.91473812522659,74.64258537632348,65.08221930927007,60.36357594098563
GKOS,2018-11-20,57.099998474121094,54.650001525878906,55.29999923706055,57.98596177351598,85.85493890758839,74.7274481491502,64.81484358370504,60.101219893216054
GKOS,2018-11-21,57.869998931884766,54.51499938964844,57.08000183105469,56.854608114360516,85.98559219115913,74.8594301748291,64.87384474355777,59.154960639751685
GKOS,2018-11-23,59.900001525878906,56.20000076293945,57.91999816894531,56.88580709896737,50.39624232932447,74.87082082438576,64.88690431929965,59.04683408266178
GKOS,2018-11-26,59.689998626708984,57.22999954223633,58.77000045776367,55.88169838195011,48.29643335001968,74.81917673703778,64.88910665840308,58.98909145701363
GKOS,2018-11-27,59.540000915527344,57.22999954223633,58.95000076293945,55.683925469778536,48.18654804297211,74.78720872604958,64.88674040400336,58.966581331853206
GKOS,2018-11-28,62.45000076293945,58.63999938964844,62.38999938964844,55.76803710860586,49.63425522050566,75.26734556950748,65.0930075132391,58.87450280994402
GKOS,2018-11-29,64.79000091552734,62.04999923706055,64.26000213623047,56.246876599600334,49.32463052814284,74.72041999931139,65.03768599141152,58.91988137948315
GKOS,2018-11-30,66.0,63.75,65.87999725341797,55.911968429432946,49.277401323992834,74.72822724426898,64.8565232429033,58.91351891336204
GKOS,2018-12-03,68.0,66.11000061035156,67.93000030517578,55.19946060704536,49.34784863381657,74.56986587097569,64.8158143649343,58.94567110760843
GKOS,2018-12-04,69.18000030517578,64.87000274658203,65.31999969482422,56.00925787592009,49.52495673784828,74.73384771263734,64.9336397023475,59.057761690341174
GKOS,2018-12-06,66.58000183105469,63.0,66.5199966430664,56.128026967196995,49.649803788095014,74.69840275914164,64.92999863995415,59.05329350846474
GKOS,2018-12-07,66.37200164794922,64.01000213623047,64.37000274658203,55.27103733148005,49.98574148012393,74.86798175318586,65.06686727921056,59.16525218346638
GKOS,2018-12-10,67.05000305175781,63.91999816894531,65.25,55.11995992222404,50.052894942733,74.87698856056755,62.513222405213476,59.15916726309298
GKOS,2018-12-11,67.7300033569336,65.36000061035156,66.29000091552734,54.644074239779314,50.004941635911806,74.83800301100912,62.490107462397724,59.17048490225274
GKOS,2018-12-12,67.5199966430664,65.3499984741211,65.79000091552734,53.31861255173996,49.84799653668777,74.86245621985223,62.50479881172474,58.989820048655474
GKOS,2018-12-13,66.95999908447266,62.51499938964844,64.16999816894531,53.758671772930555,49.765746562568296,74.98276255294736,62.600093846104485,58.93906789589431
GKOS,2018-12-14,66.0,63.560001373291016,64.58999633789062,53.75470525585098,49.08398953481626,74.17445668755232,62.59578388736753,58.93340373433347
GKOS,2018-12-17,64.31999969482422,62.0,63.36000061035156,52.83960336186419,49.23780647682491,74.26881102411332,62.6531055864898,58.97758847216256
GKOS,2018-12-18,64.12999725341797,59.83000183105469,60.43000030517578,54.677504982374344,49.90043610383171,74.71660844980777,62.90340852594797,59.16790806919512
GKOS,2018-12-19,60.2599983215332,56.470001220703125,57.72999954223633,55.249906120506644,50.35605237703443,75.07247239400678,63.14551660433545,59.36716496640469
GKOS,2018-12-20,57.90999984741211,52.540000915527344,54.68000030517578,57.21606037183248,50.8492409818374,75.62227190893756,63.50386478393201,59.636761011460734
GKOS,2018-12-21,54.9900016784668,52.119998931884766,53.58000183105469,55.148604835518064,50.83502373358913,75.32631958889459,63.5152542312378,59.6757522428387
GKOS,2018-12-24,53.310001373291016,51.5,52.18000030517578,54.873218040895445,50.91354613975903,75.15995280951987,63.601982766153476,59.72009473291554
GKOS,2018-12-26,54.75,52.04999923706055,54.63999938964844,56.2147523701598,51.92480719834093,75.31687243110977,63.80627638654636,59.872970955208075
GKOS,2018-12-27,55.2400016784668,52.709999084472656,55.16999816894531,52.74207839263424,51.35346687916068,72.13103737887084,63.809375061178756,59.846767661383915
GKOS,2018-12-28,57.0,54.650001525878906,55.79999923706055,52.817405286695774,51.39089044887919,71.91141144742731,63.77363149888002,59.85117405436655
GKOS,2018-12-31,58.06700134277344,55.869998931884766,56.16999816894531,52.80550668218831,51.28511663013966,71.46406503633122,62.464691517385006,59.851811876169705
GKOS,2019-01-02,55.939998626708984,53.25,53.75,52.77922215706429,51.89858034933235,71.85673687605342,62.54545434960184,60.00852772257087
GKOS,2019-01-03,53.72999954223633,50.599998474121094,50.75,53.96701887743611,53.115745781783254,72.4539713488039,62.91477457574731,60.08889999740755
GKOS,2019-01-04,54.369998931884766,51.18000030517578,53.0099983215332,50.921991394241374,53.962078542047855,72.70579445744205,63.09638833825781,60.22909964196324
GKOS,2019-01-07,55.154998779296875,53.0,54.279998779296875,51.07658714236758,54.207377345166464,72.5677840184408,63.134248898149195,60.0974693836817
GKOS,2019-01-08,55.54999923706055,53.72999954223633,55.40999984741211,50.56621400249162,53.34885929145875,72.61344905114946,63.16567576008754,60.12167857152711
GKOS,2019-01-09,57.65999984741211,55.61000061035156,57.220001220703125,51.28648728684203,53.705844144687354,72.62838659316047,63.23152024811046,60.167430089898474
GKOS,2019-01-10,59.31999969482422,56.290000915527344,59.119998931884766,52.008741112702275,53.52092414740262,72.76147683383446,63.32024286284634,60.21878662263639
GKOS,2019-01-11,59.05099868774414,56.66999816894531,57.619998931884766,52.53648750709865,53.67283174593447,72.91301413119238,63.34477557357449,60.21652664556677
GKOS,2019-01-14,58.09000015258789,55.689998626708984,57.47999954223633,49.629927941693666,52.37084410876748,72.91606750051253,63.29561970799505,60.21067683054944
GKOS,2019-01-15,61.06999969482422,57.90999984741211,60.86000061035156,51.78754555917916,53.622594522054335,73.40873329598611,63.580810112199295,60.44537589337185
GKOS,2019-01-16,62.689998626708984,60.72999954223633,60.81999969482422,51.16817609064568,53.25925670134556,73.31889237244697,63.55261253723068,60.44619921895441
GKOS,2019-01-17,63.2400016784668,60.7400016784668,62.38999938964844,50.89761295485412,52.93537731695971,73.24680634950826,63.603201913519925,60.37687306016779
GKOS,2019-01-18,63.11000061035156,61.40999984741211,62.68000030517578,49.75017618270628,52.58383053042836,73.16305439996121,63.555469353245165,60.24503246975155
GKOS,2019-01-22,62.650001525878906,60.72999954223633,61.36000061035156,49.71613456391684,52.74414378850073,73.10084707031812,63.62136228626194,60.293492335014875
GKOS,2019-01-23,61.803001403808594,59.75,60.88999938964844,48.91798187255426,51.9002147394954,73.07925110249938,63.59447560135144,60.28892060716042
GKOS,2019-01-24,62.779998779296875,61.08000183105469,62.189998626708984,49.17308768469501,51.91165771734576,49.55559135266386,63.492188313707956,60.284588603955925
GKOS,2019-01-25,63.65999984741211,62.25,62.349998474121094,48.91466566985206,51.660837377450484,48.27654993744404,63.48800913698566,60.27994604240939
GKOS,2019-01-28,62.064998626708984,60.29999923706055,61.220001220703125,49.118161459211045,51.18998898474915,48.29473034869306,63.48054970857143,60.30908758671754
GKOS,2019-01-29,61.70000076293945,59.13999938964844,61.0099983215332,48.6541980682336,51.012364512984696,48.259831756686026,63.386736502245355,60.12516510558859
GKOS,2019-01-30,62.47999954223633,59.38999938964844,62.369998931884766,49.08780076202562,51.17974938137482,47.964118401296226,62.813958991319055,60.15084708500008
GKOS,2019-01-31,65.00499725341797,61.709999084472656,63.790000915527344,49.243665117845275,50.649911376613034,47.91663998339779,62.773771520293174,60.169447409834234
GKOS,2019-02-01,64.75,62.59000015258789,64.69000244140625,47.2640061996286,50.69768122316346,47.7913290435515,62.7427727808066,60.1080798987946
GKOS,2019-02-04,66.94000244140625,64.62000274658203,66.87000274658203,45.81117465244826,50.47724372516056,47.7438056322028,62.831302194921214,60.183193152651526
GKOS,2019-02-05,69.04000091552734,66.94999694824219,68.0999984741211,42.36219872003836,50.515064426261624,47.82102822478686,62.835240293957106,60.191521867832655
GKOS,2019-02-06,68.68000030517578,67.0250015258789,67.68000030517578,41.75455154017433,49.528044547538734,47.74438703207245,62.84629353976962,60.09331189564886
GKOS,2019-02-07,68.7300033569336,65.8499984741211,66.30000305175781,41.36850539789289,49.21191447449596,47.86056874885852,62.90655555032222,60.119964249290284
GKOS,2019-02-08,66.97000122070312,64.51499938964844,66.91999816894531,39.768814157298785,49.01396428656204,47.79381251830624,62.89032305267461,60.11081927631561
GKOS,2019-02-11,68.86000061035156,67.20999908447266,68.0,39.85161960724025,46.80245659069286,47.73860132714506,62.86622823315516,60.033968950429994
GKOS,2019-02-12,69.4800033569336,67.31999969482422,69.4000015258789,40.023371840129265,46.877040379979256,47.61047107788248,62.882947064617575,60.02720326881899
GKOS,2019-02-13,69.76499938964844,67.87999725341797,68.8499984741211,40.26618968007442,46.92570752305084,47.192971977726906,62.813538129543666,60.034842848852456
GKOS,2019-02-14,69.16999816894531,68.1500015258789,68.7699966430664,37.37738496238451,46.2806522888712,47.18092772314444,62.791773641076944,60.03051161907944
GKOS,2019-02-15,69.41000366210938,68.5,69.25,31.791890582772602,45.8995581673171,46.97020561761218,62.78820346016511,59.89610416346809
GKOS,2019-02-19,70.41000366210938,68.88999938964844,69.94000244140625,30.193223748098706,42.49578162911346,46.746029007779214,62.77441314860525,59.89737785021105
GKOS,2019-02-20,70.12999725341797,68.52999877929688,69.31999969482422,30.315815720582222,42.22970443096186,46.39417135774997,62.77543282741838,59.90137849707511
GKOS,2019-02-21,69.20999908447266,67.20999908447266,68.01000213623047,31.071723196603752,42.07756327635619,46.43950764549678,62.7760621807238,59.94238702693073
GKOS,2019-02-22,68.8499984741211,67.63999938964844,68.66000366210938,30.1481698238643,42.03002698753715,46.401720098697,62.76202772753724,59.945438970244695
GKOS,2019-02-25,69.30999755859375,68.25,68.31999969482422,29.22261875034704,41.987725924809446,46.40642418043017,62.742642937719154,59.94276794481718
GKOS,2019-02-26,68.18000030517578,65.12000274658203,66.4800033569336,29.37130141057735,42.42944317252026,46.13248600576178,62.71971894901098,60.01858400569966
GKOS,2019-02-27,68.75,66.20999908447266,67.86000061035156,29.635635023352908,41.062853911036285,46.201467570795515,62.446617016857154,59.98297177711323
GKOS,2019-02-28,75.51000213623047,67.55000305175781,74.16999816894531,35.32767647471444,44.46291114881484,48.20928790837621,63.268241706792615,60.52854350650573
GKOS,2019-03-01,74.6500015258789,72.4800033569336,72.69999694824219,36.10993393712024,44.444635916849286,48.22210160377368,63.23778513508768,60.56603439138879
GKOS,2019-03-04,73.0,67.83999633789062,68.29000091552734,40.69806083185388,45.927848919785475,49.288587004919535,63.708474962415465,60.49359337083578
GKOS,2019-03-05,68.36000061035156,67.11100006103516,67.73999786376953,40.82079386945102,45.229127655231174,49.29116525414789,63.53436490614691,60.32159134590698
GKOS,2019-03-06,67.92500305175781,65.25,66.7699966430664,40.519447776671704,45.18115157683247,49.329815759120436,63.52075374164825,60.312988500019316
GKOS,2019-03-07,66.95500183105469,65.75,66.0199966430664,40.61408763222497,44.72399365139047,48.62042760123189,63.51199347389771,59.953961682178246
GKOS,2019-03-08,66.08999633789062,63.119998931884766,66.02999877929688,40.24028216614078,44.63986185116467,48.569964280544106,63.498504652956946,59.68871285201301
GKOS,2019-03-11,68.16999816894531,65.97000122070312,67.80999755859375,40.86783069319673,44.855256459517356,48.36297139532458,63.510132625675006,59.71381965650595
GKOS,2019-03-12,69.27999877929688,66.29000091552734,69.16000366210938,40.64745687243625,44.99703463738606,48.394969555867874,62.56939680067587,59.73639877055792
GKOS,2019-03-13,72.1510009765625,69.125,71.4000015258789,41.363282427814404,45.1136561998409,47.85814795915587,62.66219420301604,59.796423347434036
GKOS,2019-03-14,71.32499694824219,68.95099639892578,69.30000305175781,42.256437660439275,45.56397916266325,48.04942449078792,62.77951173571211,59.886182014776765
GKOS,2019-03-15,72.38500213623047,69.43000030517578,72.23999786376953,43.346389165896184,46.100989991120386,48.21221299391147,62.92013027712492,59.935179227367996
GKOS,2019-03-18,73.66999816894531,70.69000244140625,73.08000183105469,43.30374878036077,44.964320363349195,47.82088958352555,62.81787716366834,59.83959484239417
GKOS,2019-03-19,75.81999969482422,72.45999908447266,75.1500015258789,43.025048468055836,44.06911728868889,47.78805953136997,62.88555326710511,59.708677172798176
GKOS,2019-03-20,78.4800033569336,74.69999694824219,77.51000213623047,43.54672227350363,42.66064107526644,47.981941918789566,62.95084954186399,59.684321099516225
GKOS,2019-03-21,82.23999786376953,77.30999755859375,80.54000091552734,44.51557194698491,42.819434031720974,47.690246833276305,63.080693673135144,59.72049230550601
GKOS,2019-03-22,80.80999755859375,79.02999877929688,80.0999984741211,43.948411492304764,42.33609954026757,47.628945274380555,63.084333279597274,59.70578880970344
GKOS,2019-03-25,81.05000305175781,78.28500366210938,80.06999969482422,43.9804637480905,41.575377746927295,47.43846116357148,63.03946676412361,59.70196028803346
GKOS,2019-03-26,83.13999938964844,79.5,79.93000030517578,43.92970092840527,41.60257461937726,46.991971148159905,63.02232889244287,57.72547927973272
GKOS,2019-03-27,79.66000366210938,74.27999877929688,76.02999877929688,46.50529549761094,43.1492922396504,47.653551197178565,63.33938489970503,57.945854400313266
GKOS,2019-03-28,77.8499984741211,75.01000213623047,76.6500015258789,46.408250068058614,43.15258153538842,47.65576840517694,62.9224815757627,57.94695362824619
GKOS,2019-03-29,78.72000122070312,75.9800033569336,78.37000274658203,46.69370911422771,42.046481658926375,47.331472547856855,62.91579261680812,57.97610621519732
GKOS,2019-04-01,79.70999908447266,75.30999755859375,76.77999877929688,47.235633287157036,40.30096344910126,47.452860513661946,62.78843533536047,58.022373335885945
GKOS,2019-04-02,78.38999938964844,75.33000183105469,78.3499984741211,47.4529554143828,39.67308163070569,47.11111286625082,62.722586049666496,58.04372688909136
GKOS,2019-04-03,80.31999969482422,77.69999694824219,78.70999908447266,47.30031369641576,39.51291330007181,47.07216675460745,62.682998915636446,58.009987729379375
GKOS,2019-04-04,79.27999877929688,76.63400268554688,77.2699966430664,47.27433519452684,39.71502828698375,46.56156180460103,62.68806248128779,58.03085128321521
GKOS,2019-04-05,78.41999816894531,76.7509994506836,78.12999725341797,47.291522315404976,39.34524166842975,46.22982215619493,62.691932001764386,58.02905203792944
GKOS,2019-04-08,77.98999786376953,75.91000366210938,77.48999786376953,47.356472656992636,39.01672349700928,46.13095137286449,62.67120648176881,58.000830093467684
GKOS,2019-04-09,78.41999816894531,75.93000030517578,76.08999633789062,46.90304628124809,38.79917929004719,44.79301323339564,62.72263179391261,58.033897251545255
GKOS,2019-04-10,77.05999755859375,75.91999816894531,76.72000122070312,46.67231928942128,38.777818876957234,44.76421321005598,62.706464646102134,58.03489592953428
GKOS,2019-04-11,76.95999908447266,74.80999755859375,75.33999633789062,39.53331720343354,37.48675201817596,44.88386583364681,62.24044299432828,58.07405588078075
GKOS,2019-04-12,76.44300079345703,75.45999908447266,76.23999786376953,39.172393236210965,37.51454533364748,44.49990637073758,62.24502758761549,58.04528327413958
GKOS,2019-04-15,77.38999938964844,75.83000183105469,76.05000305175781,34.17199111568072,37.26000775678191,44.26585945939485,62.24538500304375,57.02043512863435
GKOS,2019-04-16,76.54000091552734,72.55500030517578,72.98999786376953,36.41453853769817,38.351340600057455,42.763034361722305,62.42978484096626,57.061602156603406
GKOS,2019-04-17,73.4000015258789,67.76499938964844,69.0999984741211,39.76581547836923,39.82526363709755,43.54341759156608,62.799347589353104,57.326750357934195
GKOS,2019-04-18,69.74500274658203,67.41000366210938,69.44999694824219,39.60337333592872,39.778712721224856,43.289379022142626,62.54318402857374,57.326185587088155
GKOS,2019-04-22,71.625,69.04000091552734,70.41000366210938,39.752795053143316,39.65703953842732,43.28305568779659,62.358954838217265,57.32871321159594
GKOS,2019-04-23,72.76000213623047,69.4800033569336,71.62999725341797,39.34069106596619,39.77774806323127,43.30439628830378,62.27244578579795,57.344028708015706
GKOS,2019-04-24,71.77999877929688,70.16000366210938,71.01000213623047,39.07901977932867,39.61373630848304,43.33710889610387,60.15161574620448,57.33663193023496
GKOS,2019-04-25,71.95999908447266,70.08999633789062,71.37999725341797,37.990073964846594,39.59824406754841,42.439613033889074,60.00108460593553,57.332468344736434
GKOS,2019-04-26,73.80999755859375,70.4000015258789,73.30000305175781,37.65506495714081,39.70306208784557,42.39170117468828,59.76478781312594,57.32355618767073
GKOS,2019-04-29,73.36000061035156,71.18000030517578,71.37000274658203,36.584941990288456,39.933496976711766,42.45208745189187,59.86913061604996,57.360302817584596
GKOS,2019-04-30,72.55000305175781,69.80000305175781,72.12999725341797,36.5584852380862,39.8952462981991,42.21195191362178,59.85417264481877,57.33585690714455
GKOS,2019-05-01,72.30999755859375,68.7300033569336,68.9000015258789,37.81236060769573,40.52356269482108,42.38388130508252,60.103663204341686,57.51916073709067
GKOS,2019-05-02,71.4000015258789,68.11299896240234,71.12000274658203,37.87451956451579,40.86833041508683,42.58102287735664,60.05387630375476,57.58820669574008
GKOS,2019-05-03,75.56999969482422,71.56999969482422,75.37999725341797,40.11872110872215,42.49945653199003,43.20417262300787,60.39987010213692,57.814227992244824
GKOS,2019-05-06,75.9800033569336,72.93000030517578,75.63999938964844,40.1388310879958,42.24314770347627,43.162458070720774,60.31295259947543,57.81385968210093
GKOS,2019-05-07,76.19999694824219,72.87999725341797,73.47000122070312,40.900017244512306,42.69812417031028,43.3712506497305,60.42778621619325,57.872600989812604
GKOS,2019-05-08,75.7300033569336,72.5,73.47000122070312,40.90731626505771,42.59258260067178,43.34968597925101,60.42895930444276,57.763868196362964
GKOS,2019-05-09,76.0,67.4000015258789,69.91000366210938,40.87184105584318,43.65753763711426,43.9021900713165,60.75207492258446,57.9993076843983
GKOS,2019-05-10,70.33000183105469,67.12999725341797,69.0999984741211,40.81459085770632,43.693321578884294,43.93728298471172,60.77682802449317,57.97330873523049
GKOS,2019-05-13,68.5,64.40599822998047,65.81999969482422,42.088859430103234,44.81854408626748,44.520384322156666,61.01353404071828,58.126529340450794
GKOS,2019-05-14,67.11000061035156,65.5999984741211,66.2300033569336,41.9910684842386,44.81334175374892,43.86587381637938,60.90377996671329,57.66181128237348
GKOS,2019-05-15,67.86000061035156,65.6050033569336,67.25,41.756752686923136,44.881333859878545,43.28032078635838,60.86048151584647,57.60927060883879
GKOS,2019-05-16,69.1500015258789,67.25,68.83999633789062,42.483555905479555,45.11464841352987,42.4796792571793,60.793376893498255,57.60967885728455
GKOS,2019-05-17,69.63999938964844,66.95999908447266,67.2300033569336,42.65884685138759,45.20668998254815,42.528290938869,60.846284301760846,57.662470685971975
GKOS,2019-05-20,67.8499984741211,65.04000091552734,66.33000183105469,42.466205814818004,45.24140360628975,42.35434144752173,45.85248009982503,57.66732260886713
GKOS,2019-05-21,68.06999969482422,66.33999633789062,66.6500015258789,42.560390224095954,45.24526326611173,41.77400256307951,45.105765834424346,57.667683392370584
GKOS,2019-05-22,67.9800033569336,66.1500015258789,66.55000305175781,42.38504873364213,44.89798952789752,41.75942273772993,45.073719941179,57.66593698033458
GKOS,2019-05-23,66.16000366210938,63.459999084472656,64.48999786376953,42.90843809779712,45.146235319346125,42.06369065481219,45.20115551520919,57.75364106479156
GKOS,2019-05-24,66.33999633789062,64.59300231933594,65.48999786376953,43.168968763880656,41.248705126356306,42.1141623445501,44.97571122877773,57.73206179365696
GKOS,2019-05-28,68.94999694824219,65.5,67.5,44.09807625033863,41.599026140563886,41.71676630497294,45.00549647117834,57.78515734745406
GKOS,2019-05-29,67.01000213623047,64.19999694824219,64.33999633789062,45.88918056672609,40.777446176828256,41.397114527190645,45.26589239171053,57.93367783703025
GKOS,2019-05-30,66.48999786376953,64.50499725341797,65.95999908447266,45.434182911470394,41.090645325445365,41.028188719820356,45.163719263186216,57.956130242206385
GKOS,2019-05-31,66.05999755859375,64.26000213623047,64.4800033569336,43.17646461687496,41.24548387563101,41.07025070496337,45.24048279269521,58.0073197396011
GKOS,2019-06-03,66.0,63.0,63.59000015258789,43.24509443217354,41.277799258501396,41.0316723250959,45.22212526613308,58.01220607166897
GKOS,2019-06-04,66.83999633789062,63.630001068115234,66.66999816894531,45.40972527265152,42.43046899744029,41.38990218408989,45.56442634220241,58.17365063600126
GKOS,2019-06-05,68.66000366210938,66.41999816894531,67.69999694824219,45.345671627002396,42.19272284512513,41.14873030507819,45.54990279009195,58.149544172942
GKOS,2019-06-06,68.4000015258789,65.79000091552734,68.18000030517578,45.36995199151181,42.01924209483907,40.9285109463872,45.49202996301524,58.13512838310805
GKOS,2019-06-07,69.73999786376953,68.44000244140625,69.1500015258789,45.55546300860622,41.595183691683935,40.97052346662437,45.38391666866811,58.12410168019334
GKOS,2019-06-10,72.26699829101562,69.1500015258789,71.6500015258789,46.09880819577646,41.784042106376596,40.3670661227179,45.32227418596321,58.12529162193801
GKOS,2019-06-11,72.86000061035156,70.30999755859375,72.31999969482422,45.5165261973078,40.9470760795223,40.38367076524291,45.324322190073715,57.88731196531661
GKOS,2019-06-12,73.69999694824219,71.83000183105469,72.94000244140625,45.480568354241015,40.91534167858134,40.219186730333604,45.21024125505362,57.88876457246182
GKOS,2019-06-13,74.18499755859375,72.30000305175781,73.56999969482422,43.36386753666988,40.54113053508364,40.231816450061,45.075583992863166,57.81670598437828
GKOS,2019-06-14,73.87999725341797,72.66999816894531,73.33000183105469,42.470084825832686,40.01669858846583,40.07227789464089,44.85827056523701,57.814662180110346
GKOS,2019-06-17,75.29000091552734,72.93000030517578,75.18000030517578,39.57617788858576,39.545604050201014,40.210140693669224,44.91364085393893,57.710186133964136
GKOS,2019-06-18,78.56999969482422,75.66000366210938,77.33999633789062,40.41726923840271,39.99180475002463,40.31294342544961,44.99875329442503,57.73467745292435
GKOS,2019-06-19,78.41999816894531,76.94999694824219,77.94999694824219,39.45346922493199,40.02920663558307,40.32297789578998,45.003549318145744,57.71411672932807
GKOS,2019-06-20,79.12999725341797,77.41999816894531,77.48999786376953,39.516431030276586,40.044115452712695,40.210372422978644,44.72598058393609,57.70901189917246
GKOS,2019-06-21,76.97000122070312,75.2249984741211,75.6500015258789,37.24978659279577,39.01262489051423,40.418272590404776,44.80266859182975,57.72625701671378
GKOS,2019-06-24,75.95800018310547,73.25,73.45999908447266,38.18279376093805,39.43042465975847,40.597889056876525,44.911119327739954,57.05806427095445
GKOS,2019-06-25,74.76000213623047,72.75,74.5,35.15661206134866,39.26354532154356,40.50932161151854,44.87614452703663,57.06914778921583
GKOS,2019-06-26,75.13999938964844,73.5,74.3499984741211,35.195115360086824,39.05053595818931,40.46372469110032,44.87708054240427,57.067220487697575
GKOS,2019-06-27,76.08000183105469,74.4000015258789,75.8499984741211,35.3533686378948,39.04448935875382,40.25413351443488,44.92090502035319,57.07227614132424
GKOS,2019-06-28,76.69999694824219,75.03500366210938,75.4000015258789,34.97765247163026,39.0451209903418,40.177635005488035,44.91443043483267,56.99575555978302
GKOS,2019-07-01,77.61499786376953,75.83999633789062,77.0199966430664,34.41663239229273,39.12246357244087,40.288415727018226,44.518072807474304,57.02633193075347
GKOS,2019-07-02,78.25,76.41000366210938,77.80999755859375,34.02197618012353,39.11237730916272,40.15887934321157,44.49773706451187,57.01864075980574
GKOS,2019-07-03,78.7249984741211,77.55000305175781,77.79000091552734,34.06026467559883,39.075473326680886,40.14085415587723,44.27537643151495,57.01710906401928
GKOS,2019-07-05,78.23999786376953,76.23999786376953,78.02999877929688,34.008336808349036,38.892924141990655,40.074349588832234,44.24233780567383,57.01081747443231
GKOS,2019-07-08,77.11000061035156,75.43499755859375,76.80000305175781,32.82604481549061,38.99985378946889,40.05013669511588,43.814829480717435,56.99932204276033
GKOS,2019-07-09,78.83999633789062,76.1050033569336,77.41000366210938,32.70806604295966,38.84671713186036,40.038888189141645,43.78574042478815,56.983182567607926
GKOS,2019-07-10,78.08999633789062,77.16999816894531,77.37999725341797,31.89613893760179,38.773920441473756,40.037927028783535,43.62191260298645,56.983839704715756
GKOS,2019-07-11,78.18499755859375,76.25,77.08000183105469,27.900232691609496,38.77916252626461,40.03510020936662,43.377154656411115,56.664970716131556
GKOS,2019-07-12,77.70999908447266,75.12999725341797,75.16000366210938,28.725205505914726,38.19003592999166,40.22568019096319,43.35460872068626,56.69283980223453
GKOS,2019-07-15,76.0,74.33999633789062,75.55000305175781,27.556931389984324,36.420467703201396,40.20202165441212,43.344382968949844,56.53423658781913
GKOS,2019-07-16,76.1500015258789,75.04000091552734,75.58999633789062,26.995854767910892,36.41335308934207,40.07477234900521,42.98212036422998,56.46231681941478
GKOS,2019-07-17,77.12999725341797,74.36499786376953,76.75,24.159141728242332,36.436331560144176,40.1157350806091,42.954094177347955,56.449178177400526
GKOS,2019-07-18,77.25,76.0999984741211,76.23999786376953,24.158720411967792,36.323858685722335,40.12321268400692,42.85996921671929,56.41376553088576
GKOS,2019-07-19,77.22000122070312,75.12999725341797,75.13999938964844,24.72191770729885,36.410308426544155,39.94397584019357,42.64920675210982,56.437570469075716
GKOS,2019-07-22,75.97000122070312,74.02999877929688,75.83000183105469,24.57291059257411,36.438954093345,39.844461217392215,42.58752251146504,56.41663442676962
GKOS,2019-07-23,76.1500015258789,74.25,75.5,22.640076472686943,36.062433271456456,37.281262092566294,42.58769974252573,56.41930642942119
GKOS,2019-07-24,76.68000030517578,75.41999816894531,76.44999694824219,22.751552039404253,35.693475605397374,37.190165616751095,42.326946833814326,56.41123722206491
GKOS,2019-07-25,76.31999969482422,75.12999725341797,75.44000244140625,23.071935290017755,35.759179917128826,35.8615464661332,42.35272950219706,56.034241058080916
GKOS,2019-07-26,76.56999969482422,75.23999786376953,76.23999786376953,23.133632116741783,34.46681964858242,35.86342588907455,42.12150042370825,56.036331440524975
GKOS,2019-07-29,76.7699966430664,75.43000030517578,76.63999938964844,23.12254101873988,33.904189377694955,35.78136386311992,42.092986053322676,56.03496193495345
GKOS,2019-07-30,78.93000030517578,76.01000213623047,78.87999725341797,23.49014908199211,32.29412623634886,35.98554269156262,41.81051070874157,56.06779588164035
GKOS,2019-07-31,83.3499984741211,78.69999694824219,81.68000030517578,24.20422143080284,33.03993813815883,36.365864026774894,41.7923562302443,56.15365770746035
GKOS,2019-08-01,84.6500015258789,80.68000030517578,83.91000366210938,25.227721532116988,32.8340009320365,36.371644375367914,41.81369920444137,55.99990075575144
GKOS,2019-08-02,83.66999816894531,80.58000183105469,81.08000183105469,27.303117385763464,33.67489762515276,36.716244659548444,41.169511373098224,55.96387388349244
GKOS,2019-08-05,80.37899780273438,73.70999908447266,75.05999755859375,34.90329161637064,35.863156531919245,38.46457184598564,42.203174730171035,56.437520927681305
GKOS,2019-08-06,76.69499969482422,75.06999969482422,76.31999969482422,34.10695127078482,35.89940966405989,38.23818380251105,42.23505076388109,54.79393061895082
GKOS,2019-08-07,75.13999938964844,70.70999908447266,73.0999984741211,36.204470271937424,35.58536913211219,38.31252664351694,42.30982214405141,54.87233565883939
GKOS,2019-08-08,68.73500061035156,61.09000015258789,64.52999877929688,51.034699277924986,44.00201798221271,43.085393485244,44.70328766837852,56.088802674031925
GKOS,2019-08-09,65.2699966430664,62.939998626708984,63.29999923706055,50.64994389518817,44.044214597482096,42.92278112169034,43.69662217212695,56.126807928844755
GKOS,2019-08-12,63.11000061035156,60.38999938964844,60.63999938964844,51.76663037741297,44.56956897271539,43.09410288751597,43.91494719681812,56.28425645743472
GKOS,2019-08-13,62.900001525878906,60.0,62.029998779296875,51.83547847223294,44.62400331769045,42.7869469737789,43.83773713886492,56.29757400496024
GKOS,2019-08-14,61.40999984741211,60.36000061035156,60.52000045776367,51.80181572104602,44.81200135129057,42.9275781643293,43.905386799845914,56.25555168531644
GKOS,2019-08-15,61.16999816894531,60.130001068115234,60.70000076293945,51.854182119010076,44.80245432043223,42.93567625445917,43.873547851879046,56.2529765404281
GKOS,2019-08-16,63.220001220703125,60.88999938964844,62.939998626708984,53.35363716788605,45.46717042109125,43.379836577589046,44.07936362122485,56.30121647066834
GKOS,2019-08-19,64.43000030517578,62.66400146484375,63.7400016784668,53.58812024191286,45.09950517107796,42.76445245611195,43.591872869895376,56.30178832843209
GKOS,2019-08-20,64.5999984741211,62.880001068115234,63.0,53.440005468775645,45.04114573523845,42.763460505882,43.472955576118515,56.31738773248651
GKOS,2019-08-21,63.84000015258789,62.83000183105469,63.029998779296875,53.44968996848751,44.5803702260921,42.58985398056622,43.37109520256908,56.31696826510644
GKOS,2019-08-22,63.400001525878906,60.81999969482422,61.15999984741211,53.86291237011419,43.925813272533105,42.72235709547393,43.35773657093621,56.407286806157856
GKOS,2019-08-23,60.880001068115234,58.25,58.58000183105469,54.61190116685742,44.43212823020968,43.054606297583746,43.40931976238734,56.52555536363838
GKOS,2019-08-26,60.02000045776367,57.529998779296875,59.2599983215332,54.77937447177765,44.304131834734456,43.09956214924507,43.37581995527158,56.442536431066614
GKOS,2019-08-27,60.7400016784668,59.22999954223633,59.630001068115234,54.88206106637167,44.253702085293966,43.049882287023976,43.21339568507693,56.39179304161194
GKOS,2019-08-28,62.279998779296875,59.16999816894531,62.0,56.168339149692194,43.89656252182901,43.50086644433137,43.43318450105962,56.42118763963189
GKOS,2019-08-29,66.08000183105469,62.40999984741211,65.77999877929688,59.36516457890506,45.493185544488924,44.57056250197314,43.95940013896905,56.7007740359712
GKOS,2019-08-30,66.54000091552734,61.9900016784668,64.30999755859375,59.524530645391806,45.68887379531253,44.617334116333076,44.03154635849789,45.54341877842624
GKOS,2019-09-03,64.04000091552734,62.400001525878906,63.2400016784668,59.456331517210394,45.69159382900181,44.65242660839884,43.977412621786314,45.034040640502596
GKOS,2019-09-04,63.790000915527344,62.599998474121094,63.36000061035156,59.49943192206489,45.0435448928418,44.58042056361131,43.97103603184794,45.0109090901858
GKOS,2019-09-05,66.25,63.20500183105469,66.0199966430664,60.82970211465696,45.85092136666614,45.047037433672045,44.180926475528985,45.18325399616717
GKOS,2019-09-06,66.5199966430664,64.5199966430664,64.95999908447266,60.8701234806491,45.899251220902286,45.10759330458918,43.86121730334655,45.024340877134485
GKOS,2019-09-09,66.79000091552734,63.16999816894531,65.04000091552734,60.72322073346177,45.851854980107134,44.662510232397054,43.516792208139385,44.94612488493279
GKOS,2019-09-10,69.47000122070312,63.95000076293945,68.87000274658203,63.32016980303202,47.43184686341821,44.778426182986266,43.534736017797485,45.23376641390983
GKOS,2019-09-11,72.76000213623047,69.0999984741211,72.20999908447266,64.36384416231896,48.173691128413715,45.400026918742064,43.79762915396713,45.33933598083142
GKOS,2019-09-12,74.29000091552734,70.6500015258789,73.01000213623047,63.51111117570277,47.8582556376706,45.381792078631975,43.683088839467686,45.34900479188936
GKOS,2019-09-13,76.05999755859375,73.06999969482422,73.98999786376953,63.06096763775829,47.91448304708789,45.34961829038783,43.387497738675215,45.33030932531137
GKOS,2019-09-16,74.91999816894531,70.25,70.55999755859375,63.7188705505383,48.84896579055805,45.95946435875196,43.76455095373777,45.583404630858396
GKOS,2019-09-17,71.99500274658203,70.12999725341797,71.79000091552734,60.15848099801773,48.770963241587864,46.0346512363902,43.78920665424159,45.57905775228366
GKOS,2019-09-18,73.70999908447266,70.88999938964844,73.23999786376953,60.25395615609217,48.58778111963887,45.9504304946957,43.84024793256618,45.57391090196124
GKOS,2019-09-19,75.18499755859375,72.44000244140625,72.66999816894531,58.98464326706401,48.52323893072932,45.76887537322822,43.519151034869836,45.4852268287054
GKOS,2019-09-20,74.45999908447266,71.94000244140625,73.7300033569336,45.76953260736612,48.61767695200494,45.79554961771177,42.972498559087484,45.32951980151069
GKOS,2019-09-23,74.19000244140625,72.05000305175781,72.58000183105469,45.622188986704984,48.537212332702765,45.271731206198865,42.73850499747058,45.353077779493645
GKOS,2019-09-24,73.125,68.91999816894531,69.2300033569336,46.0287686117993,49.45624429076388,45.62100577176055,43.049026665311494,45.52234357545268
GKOS,2019-09-25,69.66999816894531,67.06999969482422,67.97000122070312,46.151334955409794,49.34667976012809,44.7345680738182,43.05062108827355,45.456423198198394
GKOS,2019-09-26,68.16500091552734,65.18000030517578,66.37999725341797,46.10140908067342,49.47456744943211,44.87233609147283,42.991144401016555,45.359400742845146
GKOS,2019-09-27,66.86000061035156,60.58000183105469,61.16999816894531,52.246728668848384,52.05710065346556,46.452379519756335,43.919359001621785,46.06557039984152
GKOS,2019-09-30,62.84000015258789,59.0,62.5099983215332,51.540744717359374,52.30399712850395,46.601267185753386,43.88387633374943,46.09138432855771
GKOS,2019-10-01,62.709999084472656,58.619998931884766,60.38999938964844,52.32328121468704,52.62744795342884,46.264178543828045,44.07719351995239,46.21830428695873
GKOS,2019-10-02,59.97999954223633,57.63999938964844,58.13999938964844,53.30036268753589,53.02218082422685,46.59911267774173,43.785375144141526,46.187780407657314
GKOS,2019-10-03,60.70000076293945,56.61000061035156,59.41999816894531,53.765329839280426,53.29431896405941,46.13326275600707,43.8628598119469,46.2276695044241
GKOS,2019-10-04,60.060001373291016,57.97999954223633,59.41999816894531,53.0994684682787,53.3018740826634,46.119010700920896,43.756854196011915,46.19830582849925
GKOS,2019-10-07,60.09000015258789,58.61000061035156,58.83000183105469,51.663788305871336,53.13801657022267,46.06510850684272,43.76794699245381,46.17079067550897
GKOS,2019-10-08,58.93000030517578,57.15999984741211,58.34000015258789,51.604214570733205,53.10969846465131,45.90705883480124,43.70761259177317,46.17801874932149
GKOS,2019-10-09,60.599998474121094,58.0,60.02000045776367,52.25181127067987,53.52340253084208,46.01537107808625,43.829817440210014,46.26042116504267
GKOS,2019-10-10,61.380001068115234,57.650001525878906,59.290000915527344,51.04505339909723,53.401196514405555,46.007324089202314,43.7803170594022,46.2689435965564
GKOS,2019-10-11,62.400001525878906,60.5,61.689998626708984,49.314538174077384,54.15298715483377,46.45263255001444,44.03362550723149,46.138209540158854
GKOS,2019-10-14,61.93000030517578,60.76499938964844,61.5,48.93382107108962,54.10443108708648,46.453944067581105,43.98172364840843,46.12169877318819
GKOS,2019-10-15,64.63999938964844,61.93000030517578,63.02000045776367,49.2707019950612,54.344923443875274,46.36189589917728,44.074222969842296,46.020583605558905
GKOS,2019-10-16,63.939998626708984,62.4900016784668,63.83000183105469,49.40991659637021,54.44106273385515,46.341318706801026,44.02307203523074,46.01059744448484
GKOS,2019-10-17,65.61000061035156,63.90999984741211,64.97000122070312,48.176965001534555,54.51384378971399,46.17389838629131,43.99231113357185,45.70602325833422
GKOS,2019-10-18,65.69000244140625,63.80799865722656,64.76000213623047,47.9570847610139,54.469360413018364,45.54273463064554,43.96286869101641,45.67879151062518
GKOS,2019-10-21,66.0999984741211,63.0099983215332,63.20000076293945,48.467087699516306,54.581070740564854,45.53109545027878,43.879267800843465,45.63973238327963
GKOS,2019-10-22,63.400001525878906,61.0099983215332,61.33000183105469,45.89551354457587,54.8283704629909,45.637278909486255,43.96367799788046,45.58048673510626
GKOS,2019-10-23,63.27000045776367,61.5099983215332,62.58000183105469,43.89176306113909,54.6378834174199,45.703169071086876,44.026978078171545,45.52495120063059
GKOS,2019-10-24,63.77000045776367,62.4900016784668,62.97999954223633,43.76700090628481,54.08409424010685,45.078893822780614,43.968685150482266,45.52249691499004
GKOS,2019-10-25,65.01000213623047,62.709999084472656,64.44999694824219,44.208856878526454,53.994417251430264,45.16506798241503,44.041068940745454,45.345356489571394
GKOS,2019-10-28,66.30000305175781,64.38999938964844,65.63999938964844,42.75263317132184,53.8257397977157,45.24800869808836,44.053747853953894,45.33636035329308
GKOS,2019-10-29,65.9000015258789,64.5,65.22000122070312,42.35403773121551,51.5990791002656,45.19786150777809,43.99160953981636,45.2763279654778
GKOS,2019-10-30,65.2699966430664,63.415000915527344,64.95999908447266,41.779158460901364,51.447805413457495,44.828252330499346,43.98445567470738,45.11662283448624
GKOS,2019-10-31,65.55999755859375,63.5,63.83000183105469,41.95130945066157,50.85334231073612,44.87406734444976,44.03156316679562,45.09978691036693
GKOS,2019-11-01,66.5,63.5,65.43000030517578,42.45429857795629,44.28365760897962,45.037687166884375,44.12379500903549,45.1603363896876
GKOS,2019-11-04,66.69999694824219,64.94999694824219,65.44000244140625,42.321944789449034,44.0973234468467,45.01139591218416,44.10704743344661,44.96218173963148
GKOS,2019-11-05,66.11000061035156,64.2699966430664,64.6500015258789,40.341217858288374,43.24376518788306,45.043974004886564,44.11754338700779,44.974606074792476
GKOS,2019-11-06,65.1500015258789,62.04999923706055,62.43000030517578,41.19254802218101,43.62480883999732,45.16066678287231,44.25188542369232,44.958279492517825
GKOS,2019-11-07,62.75,56.16999816894531,58.959999084472656,43.73277598265459,44.904440456258484,45.742266214057295,44.740973288650245,45.299245786190774
GKOS,2019-11-08,62.569000244140625,58.79999923706055,62.209999084472656,40.27444516350972,46.24993068209284,46.58176699195497,45.200299421126495,45.33286399160932
GKOS,2019-11-11,64.12999725341797,61.52000045776367,62.810001373291016,39.874670923470475,45.68729161994962,46.615823662617615,45.10327058790217,45.21852026782131
GKOS,2019-11-12,64.87999725341797,62.939998626708984,64.26000213623047,38.99612358204006,45.855416098232176,46.64809811687733,45.118902665152504,45.210959765839334
GKOS,2019-11-13,64.4800033569336,62.31999969482422,62.689998626708984,37.99101430498893,46.07664648383678,46.58360951480445,43.94376287170047,44.73578369267643
GKOS,2019-11-14,64.61000061035156,62.5,62.70000076293945,37.55252739258761,46.07652834384552,46.51700553632352,43.88521305952568,44.727066232358744
GKOS,2019-11-15,64.2699966430664,62.869998931884766,63.779998779296875,37.807092472376254,45.77694775614846,46.612615805830266,43.31553171865713,44.75248653250161
GKOS,2019-11-18,63.70000076293945,60.880001068115234,61.4900016784668,39.31618742969165,45.52880594873338,46.81224076822837,43.517462045235796,44.72346199095129
GKOS,2019-11-19,63.060001373291016,61.189998626708984,62.650001525878906,39.509297514747395,45.62424595355402,46.92391332661629,43.54507822757531,44.65304881512215
GKOS,2019-11-20,63.119998931884766,60.900001525878906,63.099998474121094,38.76673454709168,45.62927155131016,46.80036714098498,43.53453522305214,43.90141175217458
GKOS,2019-11-21,63.97999954223633,62.439998626708984,63.06999969482422,38.54940066725992,44.93579566047386,46.760200897333114,43.53451676359068,43.84094800340665
GKOS,2019-11-22,63.310001373291016,59.43000030517578,61.5,37.622921830685954,43.51732025869637,46.902701480895935,43.516168603657384,43.80409472737061
GKOS,2019-11-25,64.37999725341797,61.52000045776367,62.40999984741211,37.85244726055185,43.40204136856607,46.97305502880889,43.487293037706024,43.80435608283882
GKOS,2019-11-26,64.81999969482422,62.34000015258789,63.279998779296875,37.393035782597174,43.36518599691176,46.99017201439167,43.3500151905226,43.80204430465701
GKOS,2019-11-27,64.2699966430664,63.279998779296875,63.709999084472656,37.257082501434915,43.38575151089813,46.984442976120626,43.21932158964145,43.80597239710832
GKOS,2019-11-29,64.30000305175781,62.849998474121094,64.12999725341797,36.934139644356115,42.55997780186941,47.00330512166772,42.93784236801576,43.44320771992255
GKOS,2019-12-02,64.36000061035156,61.61000061035156,62.689998626708984,37.48961341968972,42.68361125864217,47.118624127013284,42.99194587131529,43.40207168124843
GKOS,2019-12-03,62.380001068115234,60.33000183105469,61.099998474121094,37.56200334745396,42.989949133366494,47.12450459852741,42.95467735011035,43.40438597085795
GKOS,2019-12-04,61.599998474121094,59.33000183105469,59.61000061035156,37.2349692664867,41.50025459897687,47.24591439881889,42.87403465320022,43.36102937530478
GKOS,2019-12-05,60.380001068115234,59.31999969482422,59.68000030517578,36.70163361149804,40.19358538399989,47.24703155487123,42.61297219251268,43.187225353015776
GKOS,2019-12-06,60.16999816894531,58.790000915527344,59.939998626708984,36.66818913890259,40.11614048709558,47.1754148616155,42.61645336933238,43.149642135185964
GKOS,2019-12-09,60.060001373291016,58.16999816894531,58.34000015258789,36.60960226345548,40.25510810195885,47.33233569513045,42.72236018955704,43.109748836863766
GKOS,2019-12-10,59.310001373291016,57.7599983215332,59.25,36.47388902368583,39.40747402706176,47.38070076395914,42.7710132366732,43.11634616900698
GKOS,2019-12-11,59.869998931884766,56.959999084472656,57.31999969482422,37.472087156829744,39.65716494812707,47.5936311666877,42.54809056076116,43.20934945754287
GKOS,2019-12-12,57.689998626708984,53.720001220703125,56.9900016784668,37.4743588324713,39.34849890405818,47.59533987110841,42.53529851643887,43.20680212934899
GKOS,2019-12-13,57.150001525878906,54.68000030517578,56.529998779296875,37.28509966124374,39.34969269801805,47.53892438453113,42.447225072299375,43.14426474802498
GKOS,2019-12-16,58.130001068115234,55.439998626708984,56.38999938964844,36.27862249813167,39.159091001643596,47.51038451755819,42.38907984293993,43.13893659370548
GKOS,2019-12-17,56.970001220703125,55.71500015258789,56.45000076293945,36.290724424950824,39.10413829977955,47.465827182592896,42.309892964075225,43.09838610915286
GKOS,2019-12-18,57.7869987487793,55.82500076293945,56.599998474121094,36.288361462411,38.08073963637327,47.45619728414493,42.30639463499583,42.84151353866497
GKOS,2019-12-19,56.869998931884766,55.869998931884766,56.38999938964844,35.116653249908516,37.95222591062354,47.18080610951791,42.26073201380493,42.59937475982751
GKOS,2019-12-20,56.790000915527344,55.25,55.29999923706055,31.62595144729089,37.865610062606656,46.847696482033534,42.28508043649028,42.296208925902654
GKOS,2019-12-23,56.974998474121094,55.209999084472656,56.810001373291016,28.303732984627473,34.63065741434625,46.84776072459565,42.41576311301607,42.33175851112272
GKOS,2019-12-24,57.18000030517578,56.22999954223633,56.7400016784668,28.05690335793143,34.30023963064204,46.59483450667777,42.37029056395453,42.24703386197631
GKOS,2019-12-26,56.91899871826172,54.970001220703125,55.400001525878906,27.526873085549582,33.93285854796761,45.20033287431513,42.43547477055796,42.06557423385115
GKOS,2019-12-27,55.439998626708984,54.689998626708984,54.970001220703125,26.89922276628237,33.098518452385875,45.09579371992542,42.39699447380091,42.061783753625896
GKOS,2019-12-30,54.78499984741211,53.529998779296875,54.18000030517578,27.018747593556636,32.86909218588733,44.679297380469876,42.392408392235,42.07099979837996
GKOS,2019-12-31,54.810001373291016,53.53499984741211,54.470001220703125,26.397201973150313,32.897959642925066,40.20796247871466,42.400985546370215,42.06915218300263
GKOS,2020-01-02,55.42499923706055,53.689998626708984,54.43000030517578,24.692343233590307,32.85010779935153,40.10955435269767,42.14362110869867,41.837526435744685
GKOS,2020-01-03,54.86000061035156,53.18899917602539,54.4900016784668,23.793780441948563,32.820379422861535,39.55735469403311,41.66766519137675,41.43766225123018
GKOS,2020-01-06,56.5099983215332,54.400001525878906,55.29999923706055,24.21958634233883,32.412871631246496,39.456379741360564,41.70435694433336,41.235153178761976
GKOS,2020-01-07,55.599998474121094,54.66999816894531,55.0,24.192438542870374,32.34535265705739,39.2826749586644,41.66899120754725,41.17124929482946
GKOS,2020-01-08,55.54499816894531,53.369998931884766,55.040000915527344,23.42485830461564,31.204886181924902,39.278582217517716,41.6113076150778,41.11958089103903
GKOS,2020-01-09,57.310001373291016,54.099998474121094,57.220001220703125,25.979322173214385,32.30076824495706,39.34353773622845,41.874341919269256,41.17762362835631
GKOS,2020-01-10,58.400001525878906,57.189998626708984,58.25,26.227722018908818,32.1055780277059,39.397980622017336,41.92822106138322,41.086134549602185
GKOS,2020-01-13,59.13999938964844,57.52000045776367,58.939998626708984,26.425109276540855,32.08757320506464,39.41059409902387,41.82729780529673,41.02218938729141
GKOS,2020-01-14,59.56999969482422,58.13999938964844,59.529998779296875,26.54525559606767,31.93029755248927,39.44633373194442,41.73776316503213,41.033256912284095
GKOS,2020-01-15,60.84000015258789,57.77000045776367,57.9900016784668,26.795191627772112,32.32957651824982,39.37664652251024,41.82083431157644,40.71611684833453
GKOS,2020-01-16,59.68000030517578,57.86000061035156,58.779998779296875,26.263915073952106,32.133523947168555,38.84088291867058,41.51820093219862,40.739202310850445
GKOS,2020-01-17,59.5,57.2599983215332,57.349998474121094,26.259301596706397,31.944919648097645,38.99222524915064,41.430594036670996,40.7310061162745
GKOS,2020-01-21,58.15999984741211,56.20000076293945,57.91999816894531,26.45112792156955,31.720809129817013,39.0122403719986,40.84630815734115,40.740828381453476
GKOS,2020-01-22,58.689998626708984,57.689998626708984,57.959999084472656,26.408117090836054,31.683549666776745,38.501415119102695,40.842950843016794,40.68649273551899
GKOS,2020-01-23,58.279998779296875,56.720001220703125,57.61000061035156,25.293767309223163,31.28303329360999,37.29367879135664,40.71428924018972,40.68381407911559
GKOS,2020-01-24,58.04999923706055,57.02000045776367,57.650001525878906,24.845278941439346,31.00515774812801,37.13843535554891,40.71469631867839,40.62745683129299
GKOS,2020-01-27,57.619998931884766,56.09000015258789,56.529998779296875,23.60189013338976,31.19994166261651,37.171697422241515,40.36637316568758,40.67228352116683
GKOS,2020-01-28,58.06999969482422,55.849998474121094,57.959999084472656,24.66000601563386,31.697192794834734,37.39935777180084,40.46517568174453,40.711241136598794
GKOS,2020-01-29,58.4900016784668,57.380001068115234,57.5099983215332,24.650697150480617,31.55423245986991,36.801908953522606,40.07472653086086,40.717033048322385
GKOS,2020-01-30,57.56999969482422,55.70500183105469,57.45000076293945,24.63875657797707,31.068191445831488,36.72526278514815,40.0661815717596,40.655600868503804
GKOS,2020-01-31,57.220001220703125,54.939998626708984,56.25,25.42947675059855,31.305022123937082,36.8581652877659,40.09202384630333,40.64359708478328
GKOS,2020-02-03,57.4900016784668,56.4900016784668,57.45000076293945,26.156441131171082,31.608750893355854,35.82637700914814,40.07358767049213,40.675226959097806
GKOS,2020-02-04,59.93000030517578,57.27000045776367,59.599998474121094,28.142898861513903,31.82784016562083,35.49355346727745,40.229781707381576,40.70664746734812
GKOS,2020-02-05,61.130001068115234,59.220001220703125,60.630001068115234,27.726890792700985,29.77996223665651,35.56351253019094,40.255619163024114,40.70175979894284
GKOS,2020-02-06,62.209999084472656,59.68000030517578,62.209999084472656,27.63818380565759,28.15494250593379,35.75216916920906,40.37035781206421,40.781717242853745
GKOS,2020-02-07,63.58000183105469,61.45000076293945,63.54999923706055,28.10465631000315,28.426508380200634,35.17520684270154,40.45161608731155,40.78797467571791
GKOS,2020-02-10,65.26000213623047,62.369998931884766,65.20999908447266,27.53613254622304,28.533523159571445,35.313629634117184,40.39717499937191,40.859630947881975
GKOS,2020-02-11,67.80000305175781,65.37000274658203,66.7300033569336,27.69878930685828,28.4267949688028,35.36290979860745,40.44817795833872,40.893508454636276
GKOS,2020-02-12,70.25,66.26000213623047,69.80999755859375,29.13273777376899,29.826293402178315,36.09159819670308,40.6422485745237,41.09213696521537
GKOS,2020-02-13,70.95999908447266,68.08000183105469,70.13999938964844,29.139068814443085,29.662804364566774,36.0223230618721,40.23987994620259,41.08696942342615
GKOS,2020-02-14,70.56999969482422,66.9000015258789,67.33000183105469,32.37982690499546,29.912408552704367,36.511239164050465,40.43052780198499,41.29050368959519
GKOS,2020-02-18,68.06999969482422,65.83999633789062,67.88999938964844,32.331282395003456,29.732659835362803,35.76749310986006,40.35057193358663,41.29298869551042
GKOS,2020-02-19,68.81999969482422,67.20500183105469,67.3499984741211,32.548461161309305,29.768030640126643,35.67106568973588,40.32736599660277,41.288294051150444
GKOS,2020-02-20,67.20999908447266,65.18000030517578,65.5,33.8878101379364,30.35239506881986,35.747527896628725,40.07438199433434,41.37202653309021
GKOS,2020-02-21,65.31999969482422,61.810001373291016,63.970001220703125,34.92596124700999,30.296892297172874,33.48989830854251,40.12836048259307,41.395380458038346
GKOS,2020-02-24,62.90999984741211,61.04999923706055,62.810001373291016,34.03128082552813,30.39843903163276,33.44620988301546,40.17489289903019,41.42299854997841
GKOS,2020-02-25,63.5099983215332,60.03499984741211,60.439998626708984,35.78053818798851,31.266534086739302,33.55607232211407,40.387483939114674,41.59552975435423
GKOS,2020-02-26,61.89500045776367,59.70000076293945,61.25,35.822646954864304,31.36246440820596,33.06255583490853,40.1917983311135,41.53089208476465
GKOS,2020-02-27,63.59000015258789,56.88999938964844,61.470001220703125,35.735978700674764,31.33904091720174,32.890526417152294,40.177096679604205,41.479921051302114
GKOS,2020-02-28,45.0,40.0,43.97999954223633,103.63395703692721,75.23275020124994,62.550008788016,56.33292635855969,52.49946438634359
GKOS,2020-03-02,44.310001373291016,42.25,44.27000045776367,103.5207833449238,75.16091654604648,62.55824505411329,56.32765442163484,52.4755491883671
GKOS,2020-03-03,46.04999923706055,42.279998779296875,42.77000045776367,103.68534307053716,75.29491751496235,62.75385187259225,56.451986895422166,52.224285953715956
GKOS,2020-03-04,44.25,41.470001220703125,42.27000045776367,103.51821363726752,75.29236420423211,62.56431902971854,56.363428070691945,52.22997570979088
GKOS,2020-03-05,41.47999954223633,39.07500076293945,39.90999984741211,104.34033062561447,76.00027206050827,63.13403758136893,56.601281944052516,52.51027087546885
GKOS,2020-03-06,40.08000183105469,38.41999816894531,39.5,104.32497973247486,75.88687378106009,62.752108256367976,56.59001527712718,52.50864432755748
GKOS,2020-03-09,37.560001373291016,35.689998626708984,35.79999923706055,107.14136573146055,78.03410913592533,64.49713954707616,57.68554475052884,53.38405544812104
GKOS,2020-03-10,42.04999923706055,38.75,41.470001220703125,117.06260975085485,84.09421355068827,68.73769248789782,60.350427349871524,55.36304395584162
GKOS,2020-03-11,40.810001373291016,37.47999954223633,38.63999938964844,117.83616174406231,85.1521568898037,69.48623696308928,60.79754866473465,55.74456542031818
GKOS,2020-03-12,39.2400016784668,32.47800064086914,39.099998474121094,118.05609721912944,85.2338808331012,69.44362608825946,60.78904093665612,55.65713205029338
GKOS,2020-03-13,40.90700149536133,35.529998779296875,40.25,118.63674932914161,85.53509578666245,69.65346915754725,60.91084646304279,55.676660190651894
GKOS,2020-03-16,38.2400016784668,32.849998474121094,33.349998474121094,129.16696563291748,93.32955797994872,75.433363270676,64.64532316754045,58.528314025420826
GKOS,2020-03-17,37.13999938964844,28.219999313354492,35.91999816894531,131.44195904403148,94.84451834653703,76.41123508822243,65.3139261849114,59.019110178214916
GKOS,2020-03-18,34.189998626708984,26.479999542236328,30.790000915527344,136.37674270740752,99.47743188938104,79.85996849166193,67.61015010382,60.84593204830257
GKOS,2020-03-19,30.709999084472656,27.0,28.690000534057617,136.55979151247098,100.2333525967793,80.46295636023272,68.0280316165519,61.1154417413448
GKOS,2020-03-20,30.1200008392334,24.170000076293945,25.530000686645508,138.19657939403683,102.21779876638894,82.13676127970157,69.28413101730182,61.99851904592638
GKOS,2020-03-23,27.93000030517578,23.309999465942383,27.6200008392334,141.00832367062483,103.91980676789142,83.20498921612176,70.0003691905012,62.55476905840845
GKOS,2020-03-24,32.33000183105469,28.389999389648438,30.81999969482422,145.78815837705955,106.82875124644382,85.29729656360846,71.3080526681145,63.58144436663184
GKOS,2020-03-25,33.93000030517578,29.030000686645508,32.869998931884766,147.45506805713754,107.90491920833307,86.05631269861482,71.76458841587605,63.945769475690525
GKOS,2020-03-26,37.41999816894531,32.88999938964844,37.20000076293945,152.32005441106546,111.24833855207976,88.49617232747173,73.35646181058704,65.02911646586378
GKOS,2020-03-27,35.49300003051758,33.08000183105469,33.34000015258789,154.23308201201183,113.21076956074782,89.8885544846155,74.41059740835351,65.88901171970836
GKOS,2020-03-30,34.529998779296875,33.0,33.36000061035156,154.32552115982477,113.21484867737799,89.88945497942024,74.37282897833761,65.84049156151464
GKOS,2020-03-31,34.38999938964844,30.34000015258789,30.860000610351562,154.80819348798804,114.09301960701458,90.59338195791625,74.86835830071945,66.2392291642453
GKOS,2020-04-01,30.8799991607666,27.90999984741211,28.780000686645508,155.2090690909484,114.64020498617973,91.03077501037421,75.25678776239295,66.52478895738938
GKOS,2020-04-02,30.25,27.579999923706055,30.040000915527344,156.57505166889987,115.16411796950446,91.03286420726099,75.43394090022049,66.68407182139474
GKOS,2020-04-03,30.875,28.40999984741211,29.209999084472656,156.574492889241,115.19957450802565,90.57562902367958,75.48203226633494,66.71197291041912
GKOS,2020-04-06,31.389999389648438,29.68000030517578,30.25,157.5645405370354,115.131598699891,90.7874509246311,75.6242965770024,66.80850834653502
GKOS,2020-04-07,32.28499984741211,29.68000030517578,30.520000457763672,157.7935471988091,115.05163938143814,90.69663037218675,75.62362884512875,66.81895234878115
GKOS,2020-04-08,33.88999938964844,30.440000534057617,32.61000061035156,159.58075892051332,116.04461668433245,91.40217551920647,76.09265251980187,67.1674776455696
GKOS,2020-04-09,34.08000183105469,32.70000076293945,33.88999938964844,160.36732405582993,116.3997417700075,91.67590841946736,76.23726170175496,67.28800720794479
GKOS,2020-04-13,33.529998779296875,31.420000076293945,33.099998474121094,129.68361939290833,116.3847925161461,91.64088328132762,76.26365353352482,67.30229235875682
GKOS,2020-04-14,35.150001525878906,33.13999938964844,34.93000030517578,130.90850875163292,117.01405546389093,92.00994475295306,76.55569929971735,67.52728862387654
GKOS,2020-04-15,33.869998931884766,31.440000534057617,33.470001220703125,131.07520825659566,117.17774595779495,92.11248612302923,76.6813042344239,67.6432558916364
GKOS,2020-04-16,34.78499984741211,32.810001373291016,34.65999984741211,131.66156870751487,117.4620646256779,92.32088086801478,76.72231225709534,67.64370881233418
GKOS,2020-04-17,37.13999938964844,35.400001525878906,35.689998626708984,131.15038319490313,117.70414614721068,92.48686354826907,76.68464319867266,67.51942645728532
GKOS,2020-04-20,36.16999816894531,34.119998931884766,34.150001525878906,131.6625929890842,117.9342882913587,92.63691264104712,76.73404694918929,67.64218316455727
GKOS,2020-04-21,33.68000030517578,31.5,32.34000015258789,129.5515210687654,118.28743571306913,92.89601610987236,76.87931263343128,67.81817957153241
GKOS,2020-04-22,34.224998474121094,32.630001068115234,34.0099983215332,122.64409025137752,118.90272441087313,93.28022218622766,76.67715258553704,67.99858221548315
GKOS,2020-04-23,35.81999969482422,34.20000076293945,34.970001220703125,121.49008446139543,118.93845600438986,93.41467301655207,76.73179504478512,68.065723174822
GKOS,2020-04-24,35.7599983215332,34.540000915527344,35.06999969482422,121.42056811479216,118.96087604333903,93.40380953430689,76.5974483552287,68.06336021114156
GKOS,2020-04-27,36.29999923706055,34.79999923706055,35.0,121.02882803845054,118.95857014808013,93.36755291084987,75.2411723903475,67.99955199066397
GKOS,2020-04-28,35.93000030517578,34.5099983215332,35.040000915527344,107.8174945036757,118.943314879975,93.31940964296767,75.2193910748574,67.9588999195683
GKOS,2020-04-29,39.040000915527344,35.81999969482422,37.4900016784668,107.44489628830863,119.80547317410904,93.98518541895686,75.5353032687853,68.309916376569
GKOS,2020-04-30,37.9900016784668,35.849998474121094,36.689998626708984,97.14670803199076,119.48938215962146,94.01873202401553,75.50775367042797,68.1988559108477
GKOS,2020-05-01,35.970001220703125,34.7599983215332,35.84000015258789,94.8535809364523,119.41290642411066,94.05289806034209,75.50300824431491,68.14405842621217
GKOS,2020-05-04,36.290000915527344,34.41999816894531,34.58000183105469,88.32854298702739,119.3195090152644,94.11488672402908,75.5997247832648,67.94860901068131
GKOS,2020-05-05,38.84000015258789,34.7400016784668,38.439998626708984,90.48310547753175,121.4974469269601,95.70028561465159,76.55214981439471,68.81326295065692
GKOS,2020-05-06,44.279998779296875,40.369998931884766,40.709999084472656,86.72444242601316,122.0480787142542,96.08470815854008,76.86107334620803,69.02300629024009
GKOS,2020-05-07,42.61000061035156,40.720001220703125,41.15999984741211,85.14175347379204,121.94274494481702,96.11112304115362,76.86973316388243,69.03550577958248
GKOS,2020-05-08,41.0,38.5099983215332,39.900001525878906,78.32435475264178,121.52280456652672,96.2098673191179,76.94401342339745,68.93244473441949
GKOS,2020-05-11,39.77000045776367,37.810001373291016,39.18000030517578,71.12943730077164,121.50050305193669,96.23808938928498,76.89681640014192,68.94456402339955
GKOS,2020-05-12,39.380001068115234,37.22999954223633,37.939998626708984,71.94974934903605,121.41797844026468,96.3412104282454,76.82631242688888,68.8529373360984
GKOS,2020-05-13,37.709999084472656,35.040000915527344,35.7400016784668,70.32119517976085,121.79065681438388,96.74020947517815,77.10643344821375,69.0876039678361
GKOS,2020-05-14,35.60499954223633,34.119998931884766,34.630001068115234,67.6143363040732,121.86400240607172,96.83461537223096,77.17364057616469,69.12565586742329
GKOS,2020-05-15,36.5099983215332,34.099998474121094,35.54999923706055,66.9993758855949,122.04995301461344,96.9307219642714,77.09063511183663,69.13701316929573
GKOS,2020-05-18,37.70000076293945,35.279998779296875,35.7599983215332,66.23669879241123,122.0609676514044,96.81491106956058,76.74169419738118,69.10986594875386
GKOS,2020-05-19,37.130001068115234,35.04999923706055,35.369998931884766,65.87209637355036,122.04813284025104,96.81854974425943,76.7130247559005,69.10631908970831
GKOS,2020-05-20,38.130001068115234,35.599998474121094,37.54999923706055,67.74565826648305,122.71436697007125,97.30726623466627,77.05834635362375,69.38299403039409
GKOS,2020-05-21,37.810001373291016,36.150001525878906,37.439998626708984,65.40783714212411,122.63937443708267,97.30536231020444,77.0562373026749,69.38298115129878
GKOS,2020-05-22,37.7400016784668,36.59000015258789,37.5,64.61563579234677,122.63190190019945,97.2941025302252,76.87987498053825,69.3222084490952
GKOS,2020-05-26,39.83000183105469,38.27000045776367,39.20000076293945,65.14947933601249,102.46442121343884,97.5826340386728,77.06859418529342,69.45605553951134
GKOS,2020-05-27,41.06999969482422,39.06999969482422,40.880001068115234,64.47515481598523,102.8456804093592,97.8461498885098,77.24912351786601,69.52066657770851
GKOS,2020-05-28,42.189998626708984,40.0,40.119998931884766,63.29115929381195,102.67974900093613,97.87648504093927,76.94363536690831,69.38811811809111
GKOS,2020-05-29,40.4900016784668,37.672000885009766,38.97999954223633,63.45927441202688,102.81514774101386,97.91904685146594,76.76948601579419,69.38810919220813
GKOS,2020-06-01,41.279998779296875,38.51900100708008,40.38999938964844,63.70174864425654,102.41329016192948,98.11418780064834,76.88912702157822,69.45877394938553
GKOS,2020-06-02,41.279998779296875,39.869998931884766,41.209999084472656,62.17717852309191,102.46952991012816,98.18152742608983,76.91387999049864,69.48279349694548
GKOS,2020-06-03,45.3650016784668,41.66400146484375,44.869998931884766,63.475293217663165,101.78926157324044,98.9533581059,77.43844935325306,69.85224309241566
GKOS,2020-06-04,44.630001068115234,42.43000030517578,42.720001220703125,64.64013214136999,97.85941283389533,99.17464417785058,77.59772054445628,69.99274195110308
GKOS,2020-06-05,47.81999969482422,43.380001068115234,46.83000183105469,68.9041609679054,98.47734120850602,100.28891514467833,78.35812206195418,70.61175554225294
GKOS,2020-06-08,46.85499954223633,42.650001525878906,43.150001525878906,73.83510262819313,99.98641190745235,101.05910524615385,78.91657056004053,71.04945066092768
GKOS,2020-06-09,42.369998931884766,40.5,40.72999954223633,76.1491191738192,100.5509541672704,101.36488238098538,79.1547681570968,71.16851195409825
GKOS,2020-06-10,41.380001068115234,39.2599983215332,39.349998474121094,77.0027456372204,92.90537893648599,101.44556059217574,79.22724733171808,71.23179915688593
GKOS,2020-06-11,38.79999923706055,36.34000015258789,37.599998474121094,75.83734750496127,92.20852009856495,101.60741604394244,79.2137812766951,71.35319767431402
GKOS,2020-06-12,39.75,36.75,38.63999938964844,75.94615083285417,86.51389920728523,101.70637841863184,79.27641272367842,71.40716111694407
GKOS,2020-06-15,40.52000045776367,37.0099983215332,39.79999923706055,75.97404327148061,85.26036176707386,101.8439310483518,79.3325994484506,71.47938042693947
GKOS,2020-06-16,41.88999938964844,39.33000183105469,39.88999938964844,75.05933262746515,81.37818209666517,101.84770991450756,78.7771691839955,71.42826370432076
GKOS,2020-06-17,41.06999969482422,39.380001068115234,39.869998931884766,68.67354995620079,80.02386699554967,101.84658098496908,78.72556114216293,71.36143868342255
GKOS,2020-06-18,40.03099822998047,39.34000015258789,39.939998626708984,66.58134987785537,77.06335110056203,101.8179903728368,78.63488708516861,71.35504534540516
GKOS,2020-06-19,41.540000915527344,39.88999938964844,40.439998626708984,66.60464461560736,76.0624825470947,101.74821561317874,78.53909528568124,71.37022891235138
GKOS,2020-06-22,41.31999969482422,39.90999984741211,41.25,66.21218803070492,71.91106197913525,101.81371285598249,78.53113571118664,71.37265884630229
GKOS,2020-06-23,41.939998626708984,40.54999923706055,40.7599983215332,66.07819228602906,68.1436470463117,101.82221766312274,78.53952030013012,71.32780679103932
GKOS,2020-06-24,40.25,38.165000915527344,38.72999954223633,67.13072802822536,69.04996719097076,102.06560444606258,78.74795524596719,71.47480424838099
GKOS,2020-06-25,39.04999923706055,37.130001068115234,37.65999984741211,65.25307520340904,67.30438329119156,102.05918389830401,78.80349121129117,71.51996105781328
GKOS,2020-06-26,37.7400016784668,36.77000045776367,36.88999938964844,64.84522963415114,65.7608335243853,101.87934253741957,78.74709574699055,71.50605501661133
GKOS,2020-06-29,38.38999938964844,36.61000061035156,38.18000030517578,65.15094213327608,65.57035033342285,102.01045570583113,78.86068408408985,71.6021822457108
GKOS,2020-06-30,38.72999954223633,37.79499816894531,38.41999816894531,65.15279652332849,65.2309420766489,101.90980407018742,78.70835401548852,71.56750628106064
GKOS,2020-07-01,39.349998474121094,38.2599983215332,38.77000045776367,65.0545460037274,64.93031145311483,101.84841197692671,78.72050257643406,71.56552999807818
GKOS,2020-07-02,39.630001068115234,38.54999923706055,38.63999938964844,62.80334603646447,64.94054156602516,101.72960598983344,78.65506732255795,71.56511111655735
GKOS,2020-07-06,39.77000045776367,37.970001220703125,38.91999816894531,62.81767727555889,63.63530905162518,101.64864134025429,78.64241971398161,71.5697099414895
GKOS,2020-07-07,38.904998779296875,37.0,37.22999954223633,64.19729742671596,63.92417117574109,101.50948313538683,78.75821524061796,71.67888655157037
GKOS,2020-07-08,38.060001373291016,36.3849983215332,37.31999969482422,62.80242589743562,63.70891436050362,101.5037905434585,78.76090886380759,71.67269053714875
GKOS,2020-07-09,37.84000015258789,35.650001525878906,37.43000030517578,61.45203604521434,62.7882027733754,101.36210297658714,78.7231210486532,71.67463444456956
GKOS,2020-07-10,38.150001525878906,37.16999816894531,37.959999084472656,61.45384784416105,62.16960598942389,101.38678569870916,78.68210721819065,71.69457569761148
GKOS,2020-07-13,40.152000427246094,38.099998474121094,39.0,61.45503554714883,62.01211846814917,101.51996719985014,78.71428194993115,71.72097997720238
GKOS,2020-07-14,40.25,38.61000061035156,40.22999954223633,61.24330587438169,62.04641584791687,101.61987925101113,78.80811268535332,71.79579585808888
GKOS,2020-07-15,43.04999923706055,40.959999084472656,42.65999984741211,63.33338469596805,62.358174766281834,102.07169207384052,79.08251369063878,72.05519473973092
GKOS,2020-07-16,42.540000915527344,38.95000076293945,39.31999969482422,62.55030220741579,63.66967946901379,102.7873543379119,79.5970182186171,72.46773539011268
GKOS,2020-07-17,39.91999816894531,38.459999084472656,39.56999969482422,61.1557399361016,62.91368786472846,102.65854403112336,79.60327015083557,72.47217414811612
GKOS,2020-07-20,40.380001068115234,39.33000183105469,39.779998779296875,54.30596871826666,62.69554721758931,102.63153880435326,79.60885381080054,72.4665241801868
GKOS,2020-07-21,41.040000915527344,39.630001068115234,39.9900016784668,49.29366612338979,62.69865377683861,102.63517706657687,79.59481102251542,72.46129686730409
GKOS,2020-07-22,40.67900085449219,39.91999816894531,40.560001373291016,46.6314781595411,62.73995221979458,87.92603648384144,79.55338074767687,72.48027251547087
GKOS,2020-07-23,41.61000061035156,40.310001373291016,41.09000015258789,45.61277899628662,62.77626559297671,87.94562112382222,79.57423979288369,72.48127979043544
GKOS,2020-07-24,40.91999816894531,39.58000183105469,40.060001373291016,44.16427941404201,61.54855709105719,87.86874030457797,79.61204867549708,72.50949429961827
GKOS,2020-07-27,41.310001373291016,39.599998474121094,41.16999816894531,44.16663119626891,61.594966446604616,87.96206035636553,79.59751763944513,72.55924931725654
GKOS,2020-07-28,41.45000076293945,40.4900016784668,41.130001068115234,43.39663335976176,61.371566501994735,87.48302367114337,79.32938742228657,72.55531024389697
GKOS,2020-07-29,42.810001373291016,41.2599983215332,42.29999923706055,44.09482361954516,61.073328336788514,87.57641630873049,79.13408011063254,72.55206359007367
GKOS,2020-07-30,43.689998626708984,41.45000076293945,43.66999816894531,44.928580034799054,57.553097501722185,86.25777415595472,79.22445227291718,72.53714046096601
GKOS,2020-07-31,43.810001373291016,42.369998931884766,43.70000076293945,44.93228816931818,56.38956708587184,83.063550189279,79.170009507446,72.47772217621788
GKOS,2020-08-03,47.36000061035156,43.810001373291016,46.84000015258789,48.83423569521826,58.06853278257519,82.9832175823211,79.57415472298182,72.76335294089596
GKOS,2020-08-04,48.45000076293945,46.4900016784668,47.2599983215332,48.64635338108656,57.66772765610866,82.97566205111417,79.58367469828197,72.3810577425513
GKOS,2020-08-05,50.25,47.689998626708984,50.040000915527344,50.69191901871597,58.555426981035076,83.32954776643155,79.85672606830653,72.59796270932797
GKOS,2020-08-06,50.66999816894531,48.52000045776367,49.09000015258789,48.310742801561105,58.271837653296785,77.63388896294249,79.775201860453,72.50020114931513
GKOS,2020-08-07,49.92499923706055,43.11000061035156,43.45000076293945,60.52723002662337,62.4457956395449,79.3391781173096,81.008341544282,72.4554297772957
GKOS,2020-08-10,43.68000030517578,41.4109992980957,41.75,61.47974395270346,62.667963724122224,75.606691662355,81.12452212580314,72.5354756834731
GKOS,2020-08-11,42.45500183105469,40.5099983215332,40.720001220703125,61.34877797658581,62.74014930259245,74.81726412221985,81.16858771287515,72.45508114866716
GKOS,2020-08-12,43.31999969482422,40.709999084472656,42.38999938964844,62.32694098698784,63.216896764206595,72.51125176164295,81.27901516995126,72.53513098095773
GKOS,2020-08-13,42.88999938964844,41.665000915527344,42.439998626708984,62.305185476363945,63.152619538211496,71.54574961930469,81.25552212518639,72.49840261355249
GKOS,2020-08-14,43.39899826049805,41.86000061035156,41.91999816894531,62.43900643023112,62.10449931803487,69.56759221480628,81.24204045172515,72.50526765395084
GKOS,2020-08-17,42.5,41.369998931884766,41.9900016784668,62.42493471835774,62.09656755670899,68.86932780396242,81.23627184734151,72.40711383739314
GKOS,2020-08-18,42.220001220703125,40.814998626708984,41.59000015258789,60.94877417878406,62.14115370424304,66.08789150204699,81.23386465181447,72.39732486244863
GKOS,2020-08-19,42.709999084472656,41.11000061035156,41.56999969482422,60.959822318165,61.504073163207565,63.66241396137363,81.1982157319191,72.39048132746974
GKOS,2020-08-20,41.56999969482422,40.400001525878906,40.599998474121094,61.46817964531165,61.10454539288249,63.79383872265198,81.19014907451233,72.42344455002576
GKOS,2020-08-21,40.900001525878906,40.15999984741211,40.61000061035156,61.37683910053473,60.98077727243027,62.49665456980068,81.14681653549418,72.36764915467877
GKOS,2020-08-24,41.540000915527344,40.65999984741211,40.95000076293945,60.95875243201563,60.70014168688335,61.409968420606866,81.15535196469817,72.25439305639173
GKOS,2020-08-25,41.45500183105469,40.07500076293945,40.720001220703125,60.34411758367039,60.279483276030824,61.10124497016949,81.15279408935415,72.24387058816401
GKOS,2020-08-26,44.90999984741211,40.63999938964844,44.77000045776367,64.16731520412633,63.210192122427735,62.60485315015551,81.90391404371753,72.8792722539055
GKOS,2020-08-27,45.119998931884766,43.709999084472656,44.349998474121094,59.265077663582176,60.78550407368325,62.44698913239457,81.88436614499363,72.77245415318929
GKOS,2020-08-28,47.619998931884766,44.3650016784668,47.20000076293945,61.62668267918639,61.24208049158648,63.1286550939421,82.14517259206409,72.79898726320026
GKOS,2020-08-31,48.27000045776367,46.59000015258789,47.83000183105469,61.66335666447683,58.3478741109345,62.36240956788034,82.16072729497874,72.78204809239
GKOS,2020-09-01,47.65999984741211,44.9900016784668,45.0,64.66237452417437,57.23926466577699,62.951620928950206,82.46308876583943,73.01113708332156
GKOS,2020-09-02,47.59000015258789,44.77000045776367,47.279998779296875,65.94215182770792,56.77859152837406,63.23788491367597,82.68074912808166,73.18684463302303
GKOS,2020-09-03,48.2599983215332,45.209999084472656,48.11000061035156,66.00042659859854,56.33000332265965,62.76383490349963,82.70902901386698,73.08761248336097
GKOS,2020-09-04,49.95000076293945,47.72999954223633,48.33000183105469,65.35977369928018,55.40269264249061,62.331007564062645,82.71048811077677,73.07450881800254
GKOS,2020-09-08,49.290000915527344,46.540000915527344,48.380001068115234,65.06664624083068,55.196019000997524,62.13019540855716,82.71010218025224,73.07444646102994
GKOS,2020-09-09,50.5099983215332,48.470001220703125,49.4900016784668,65.22702143934738,55.07615190597848,62.068831744725095,82.72674104730481,72.87873105687827
GKOS,2020-09-10,50.209999084472656,47.599998474121094,47.91999816894531,65.80730676900707,55.56445609898134,61.86647593554982,82.7455514898922,72.77965630974109
GKOS,2020-09-11,48.755001068115234,46.52000045776367,47.0099983215332,65.60184230514466,55.746979439251085,61.27745127410377,82.77365012185241,72.7896104996062
GKOS,2020-09-14,48.86000061035156,47.15999984741211,48.7400016784668,66.31951172878863,56.16469586129851,61.04340064260505,82.84508302776598,72.87272916869874
GKOS,2020-09-15,50.15999984741211,48.058998107910156,49.439998626708984,63.43190244434821,56.178547297558026,60.9441508991559,82.85963695097658,72.74446341662404
GKOS,2020-09-16,51.209999084472656,49.11000061035156,49.189998626708984,63.42497764209669,56.09822447583197,60.95914359613155,82.84491697124695,72.7211321269403
GKOS,2020-09-17,49.040000915527344,47.689998626708984,48.7599983215332,61.222735329029156,56.06605463906674,60.98388586761531,82.84766372764157,72.69265880126325
GKOS,2020-09-18,49.83000183105469,46.41999816894531,46.900001525878906,61.99720198734404,55.61763327696505,61.35025813617554,82.97136895201652,72.78564670560608
GKOS,2020-09-21,47.54999923706055,43.65999984741211,47.459999084472656,50.448437597775275,55.26131384769799,60.48679997517994,82.984674012337,72.78027224329949
GKOS,2020-09-22,49.189998626708984,46.494998931884766,48.209999084472656,48.89384379448368,55.074313654731746,60.40068297197999,82.98717806190734,72.78748476321294
GKOS,2020-09-23,48.09000015258789,46.0099983215332,46.09000015258789,50.275460068606606,55.6313645602462,60.733929719081345,83.15019803051601,72.7734621171287
GKOS,2020-09-24,48.22999954223633,45.060001373291016,47.58000183105469,49.80978499613076,55.938310628054296,60.59664644529656,83.24051390444738,72.83048339057592
GKOS,2020-09-25,49.11000061035156,47.25,48.849998474121094,50.22469462004737,56.12261794095444,58.44543179334545,83.16978789389859,72.84876225410295
GKOS,2020-09-28,51.709999084472656,49.38999938964844,50.54999923706055,50.66366326013424,56.44362999214708,58.004756917142664,83.24416727516366,72.48385861564253
GKOS,2020-09-29,52.029998779296875,50.17499923706055,50.970001220703125,50.64804056124213,56.44623074508222,57.99582871887823,83.23775817400232,72.45462019345686
GKOS,2020-09-30,51.5,48.709999084472656,49.52000045776367,51.48029137965477,55.959282897999366,57.964379208025505,83.29378015630354,72.43047018552707
GKOS,2020-10-01,50.7400016784668,49.6349983215332,49.849998474121094,51.44594767893216,55.95843936445877,57.87625915380213,83.24461228009082,72.33787159947829
GKOS,2020-10-02,50.36000061035156,48.68000030517578,49.15999984741211,51.03602965965519,56.089478204924895,57.67113729022222,83.2412998607655,72.31506258898192
GKOS,2020-10-05,50.220001220703125,49.15999984741211,49.47999954223633,51.00292583526833,56.05605922124439,56.80097800130447,83.19832512625833,72.3186507633023
GKOS,2020-10-06,50.40999984741211,48.880001068115234,48.900001525878906,51.275743237349594,55.95169615969869,56.5789772323992,83.1985832438004,72.3212055859555
GKOS,2020-10-07,53.02000045776367,49.430999755859375,52.540000915527344,54.565861097406085,57.404520973390106,57.500963532134705,83.64243110345396,72.67966207337385
GKOS,2020-10-08,52.9900016784668,51.43000030517578,52.459999084472656,48.080518832628314,56.291707285667,57.506497522318355,83.63994561875298,72.62216870441827
GKOS,2020-10-09,55.43000030517578,52.77000045776367,54.59000015258789,48.881906210975345,53.91022667115466,57.73817401658854,83.77581473438221,72.7243397092867
GKOS,2020-10-12,55.029998779296875,53.099998474121094,54.0,46.20785314954079,54.01358036361369,57.09633155461516,83.75380320276106,72.62074100237467
GKOS,2020-10-13,54.5,53.29999923706055,54.45000076293945,46.148343999799046,54.017357053614646,57.09128994455458,83.7062834866534,72.62563969743772
GKOS,2020-10-14,54.900001525878906,53.72999954223633,54.5,41.819949803228404,54.02458982883272,57.09204642289697,83.70171855258833,72.58276233869488
GKOS,2020-10-15,55.18000030517578,53.779998779296875,54.75,39.77931078117248,53.992137762697546,56.72005570171878,83.70365597203897,72.57225802755158
GKOS,2020-10-16,55.0,54.2599983215332,54.84000015258789,39.6104077134706,53.97054069886621,56.38131291419038,83.6671843642872,72.54934100464179
GKOS,2020-10-19,56.08000183105469,54.709999084472656,55.0,39.612574547587585,53.604616224383015,56.27381549096936,83.62981515591375,72.549765202406
GKOS,2020-10-20,56.2599983215332,54.724998474121094,55.849998474121094,39.72653290111024,53.4500254746001,56.07128438583801,83.53485353081876,72.52802611590188
GKOS,2020-10-21,56.65999984741211,55.0,56.0,39.364791309800516,53.43759043770079,55.8370131750675,83.50973986332062,72.46798889056046
GKOS,2020-10-22,57.900001525878906,56.06999969482422,57.869998931884766,38.654484862442686,53.53439538782253,55.97134553297888,83.5453985597762,72.5151028343623
GKOS,2020-10-23,58.290000915527344,57.400001525878906,58.25,37.893604185823094,53.24671622641382,54.420541747488784,83.50963243571907,72.515265470866
GKOS,2020-10-26,58.72999954223633,56.779998779296875,57.75,37.13052619971043,53.311562558374746,53.81747001253583,83.45647344287786,72.48191553353125
GKOS,2020-10-27,59.77000045776367,57.349998474121094,59.56999969482422,37.78063614007438,51.88226823624422,52.1003201386685,83.49376924033163,72.52612325910252
GKOS,2020-10-28,58.9900016784668,55.7400016784668,55.849998474121094,42.89975055906121,53.73316535505121,51.45468357182453,83.65522885231275,72.80650602570681
GKOS,2020-10-29,57.849998474121094,54.650001525878906,57.38999938964844,43.21764283898596,52.78063097609924,50.68167158583776,83.72004193102187,72.85878158687521
GKOS,2020-10-30,57.630001068115234,54.779998779296875,55.91999816894531,42.21520984231701,52.91645620904269,50.537328277203756,83.63874746506842,72.88336168568355
GKOS,2020-11-02,57.0099983215332,53.2400016784668,54.4900016784668,43.157322726205585,46.56411064970866,50.14800669540328,83.68295622771475,72.88299961833256
GKOS,2020-11-03,55.689998626708984,53.93000030517578,55.25,43.119793636821534,45.7054341722778,50.03247556780551,83.6979930516754,72.8975294719454
GKOS,2020-11-04,57.709999084472656,54.95000076293945,56.02000045776367,40.54345603550993,45.32061873361361,49.88643252073702,83.65575232499245,72.90278154089616
GKOS,2020-11-05,58.06999969482422,55.9900016784668,56.5,39.83567512153724,44.740728545331585,49.89265946364928,83.61908014494837,72.82656932912393
GKOS,2020-11-06,63.369998931884766,57.5,60.310001373291016,43.052420974110625,46.41580129316761,50.842059763715184,83.95513796064567,72.89723580319962
GKOS,2020-11-09,66.55999755859375,63.06999969482422,63.16999816894531,43.8534967145926,46.98747958429308,51.27942532941569,84.01091858118002,72.84685836933976
GKOS,2020-11-10,65.88999938964844,61.959999084472656,64.5999984741211,44.067307526406566,47.0819111287272,51.34246273250047,84.03763807914937,72.87488228247837
GKOS,2020-11-11,66.45999908447266,64.08000183105469,66.0,42.81483565416095,47.03958303620136,51.35517674078438,84.07402435766497,72.87068692311661
GKOS,2020-11-12,67.26000213623047,63.959999084472656,65.12999725341797,43.31935203562771,47.20725405833069,51.36649266427612,74.0343255401588,72.84045834601305
GKOS,2020-11-13,67.12000274658203,65.44000244140625,66.61000061035156,42.93397375570564,46.85413275540956,50.655775105817014,74.07148478882473,72.87464103075372
GKOS,2020-11-16,68.05000305175781,65.27999877929688,66.05999755859375,43.25526762429406,46.94900959124745,50.42057445466037,73.9533521115036,72.85994707870462
GKOS,2020-11-17,67.69999694824219,65.68000030517578,67.63999938964844,42.94806433286249,47.05675239309755,50.323160955311465,73.97642610484873,72.8041526189069
GKOS,2020-11-18,68.94999694824219,66.12000274658203,66.63999938964844,39.45928082787809,47.212446406182686,50.22532711373409,73.66069057400712,72.79680867108699
GKOS,2020-11-19,68.41000366210938,65.83000183105469,68.33000183105469,39.657293734465405,43.78659383347996,50.32032094567443,73.69051245826192,72.83582440672066
GKOS,2020-11-20,68.1500015258789,63.630001068115234,64.29000091552734,43.3896818041229,45.83926374024044,51.41848863900314,73.09639641221261,73.09298004493778
GKOS,2020-11-23,67.8499984741211,64.63999938964844,67.0199966430664,44.328547889575134,44.9451257138727,51.72533291515421,71.21733215555581,73.1661661086773
GKOS,2020-11-24,68.54000091552734,66.66999816894531,66.76000213623047,44.44284969431026,44.961649128237944,51.74601640505946,70.68537384838127,73.15317456731756
GKOS,2020-11-25,67.70999908447266,65.73999786376953,66.0999984741211,44.67824195299871,42.90443411245824,51.18818164061631,70.69416587262648,73.14751535969066
GKOS,2020-11-27,68.27999877929688,65.72000122070312,67.97000122070312,45.10332262458965,42.20367167773741,51.30574747993637,70.68862500918681,73.19713937982272
GKOS,2020-11-30,68.75,67.01000213623047,67.4800033569336,45.271617346245954,42.22263129635165,51.34658653099569,66.95061398485014,73.19820296729581
GKOS,2020-12-01,69.61499786376953,67.68000030517578,67.94999694824219,45.25573779597398,42.222854518412106,51.33019788064208,66.4269665900824,73.16506764247055
GKOS,2020-12-02,69.69000244140625,67.20999908447266,69.54000091552734,45.4357864888728,42.36163835595876,51.292916479495574,63.762157677583986,73.15370087422237
GKOS,2020-12-03,71.95999908447266,69.44999694824219,70.87000274658203,45.53628900394442,42.30581082727949,51.17698278862868,63.15352627029176,73.13290786506323
GKOS,2020-12-04,71.29000091552734,67.80999755859375,70.2300033569336,45.155793966318825,41.67351831834246,50.51709643328983,61.495411330814406,73.13939892620613
GKOS,2020-12-07,70.52999877929688,68.72000122070312,68.83000183105469,45.80845052269253,41.69919667184014,48.75001693643195,60.95168120410983,73.1679323260193
GKOS,2020-12-08,69.98999786376953,68.27999877929688,69.48999786376953,45.62184482346823,41.24150450674655,48.75390851838809,59.67175290177412,73.12082130727269
GKOS,2020-12-09,70.98999786376953,66.97000122070312,67.27999877929688,46.311444872626886,41.93768178581345,49.12476055401936,59.40211337186905,73.17999554060076
GKOS,2020-12-10,69.45999908447266,66.37999725341797,68.19000244140625,41.55231136334882,41.916823360482375,49.141920216092046,57.67990625389686,73.11330687671443
GKOS,2020-12-11,69.70999908447266,66.80999755859375,67.44000244140625,41.38765174383317,41.95244989803945,49.18974684724251,56.12165769155537,73.11990837002391
GKOS,2020-12-14,69.86000061035156,68.0,68.01000213623047,40.311792178780564,40.9266156563804,49.17642445204202,56.122780418279426,73.11867237965942
GKOS,2020-12-15,71.72000122070312,68.38999938964844,70.88999938964844,40.33175261256884,41.54699217415169,49.26877248833794,55.44495354586475,73.23130459218493
GKOS,2020-12-16,73.16000366210938,71.1500015258789,71.94000244140625,40.34183366382401,41.53844971064992,49.168371545989935,54.7456553699896,73.2442961888821
GKOS,2020-12-17,74.17500305175781,72.0199966430664,72.98999786376953,40.349325616127196,40.14512504436979,49.177179442302524,54.57284638019131,73.25660315125417
GKOS,2020-12-18,73.83000183105469,72.0999984741211,72.26000213623047,40.71866055140853,39.98581719750518,49.109025274073765,54.461412543450294,73.26344472327622
GKOS,2020-12-21,74.72000122070312,70.41999816894531,74.66000366210938,37.73715490062164,40.13764820322273,49.120177863523374,54.44420019101685,73.30269934485855
GKOS,2020-12-22,75.73500061035156,74.08499908447266,74.13999938964844,36.04860291702923,39.8347490644322,49.153881382331164,54.4607275661666,73.26155578155293
GKOS,2020-12-23,75.23999786376953,73.48200225830078,74.87000274658203,35.71440258330455,39.83906275215781,48.074104498895586,53.97354541169869,73.26639941884365
GKOS,2020-12-24,75.51000213623047,73.38999938964844,73.98999786376953,35.67837591183102,39.34478270938785,48.14036193816229,53.85710491235365,73.23497373676581
GKOS,2020-12-28,75.12999725341797,72.91999816894531,72.9800033569336,35.69839108431425,39.567100823192625,47.476749155822326,53.797819485025165,73.2446875460954
GKOS,2020-12-29,74.08999633789062,72.47000122070312,72.58000183105469,35.3454234038166,39.419738538870305,47.358050306675395,53.487593995967316,73.23098872449602
GKOS,2020-12-30,76.19999694824219,73.45999908447266,74.79000091552734,36.03083660052548,39.71287761312547,43.01619995935989,53.28409750480488,73.28659949968991
GKOS,2020-12-31,75.61000061035156,74.08999633789062,75.26000213623047,35.562649924765225,39.52213095830998,42.39736004345423,53.16113105388743,73.28803108834538
GKOS,2021-01-04,75.70999908447266,69.88999938964844,70.43000030517578,40.643320883883064,40.01188168302519,43.65330650753745,53.72944232794501,73.59928330207755
GKOS,2021-01-05,73.4800033569336,70.58999633789062,72.44999694824219,40.81414870806584,40.273296941714285,43.452628672287,53.50340462510884,73.63703348119614
GKOS,2021-01-06,76.4800033569336,72.62000274658203,75.44999694824219,37.706807175861044,40.30184351049647,43.80473307999985,53.21796684395974,73.73987100253954
GKOS,2021-01-07,77.41000366210938,75.5999984741211,76.51000213623047,36.21940659529398,40.19496409554057,43.72718527597076,52.95207663117777,73.75077850623272
GKOS,2021-01-08,79.5,76.80000305175781,78.2300033569336,36.48927988483243,40.33303740335756,43.796925546609984,52.921455622939284,73.6845734542525
GKOS,2021-01-11,78.5199966430664,76.53500366210938,77.19000244140625,36.62767392512393,40.516672818919716,43.83607501243236,52.96330680018123,73.68010824206208
GKOS,2021-01-12,78.9000015258789,76.56999969482422,77.98999786376953,36.02916421893098,40.52631115462701,43.82778217191829,52.962453587196556,73.67812584320245
GKOS,2021-01-13,84.47000122070312,76.31999969482422,84.18000030517578,41.39562290001224,43.00931921915389,44.95106682549788,53.64005138669765,74.05659219765856
GKOS,2021-01-14,88.20999908447266,83.78500366210938,86.70999908447266,41.89364009224425,43.244590894797064,45.07545105637625,53.20140435427801,74.05822208721564
GKOS,2021-01-15,87.44000244140625,85.375,86.33999633789062,41.79363582873724,43.28126012305637,45.114553240805044,53.12066502142891,74.05081944362905
GKOS,2021-01-19,89.41000366210938,86.88999938964844,88.5,41.96728257177674,43.41694988186083,45.147538632739064,53.0663644907036,74.04022773082536
GKOS,2021-01-20,90.2699966430664,88.5199966430664,89.95999908447266,41.74637738724504,43.138503335711945,42.96163566578938,52.860090936788374,74.05022558740166
GKOS,2021-01-21,90.70999908447266,88.20999908447266,88.73999786376953,41.40423268204616,43.352749987703405,43.00795587737911,51.53553207791022,74.06617344889088
GKOS,2021-01-22,88.12000274658203,86.6500015258789,87.16999816894531,42.09787956069139,43.53581957706183,42.257763451466246,51.219670596880654,74.08794482201209
GKOS,2021-01-25,87.26000213623047,83.12000274658203,84.97000122070312,41.58406739056198,43.73840010486631,42.53958691921508,51.334212580557036,74.13783047887577
GKOS,2021-01-26,86.48999786376953,84.58999633789062,85.56999969482422,41.54980850844646,41.20391723136716,41.17171987164442,51.16496380430373,74.10936842628536
GKOS,2021-01-27,88.4800033569336,81.31400299072266,88.37000274658203,41.75558884695598,41.32054619009666,40.80293168381296,51.20122430128673,74.13569080854002
GKOS,2021-01-28,92.19000244140625,87.88999938964844,90.63999938964844,42.022676287988865,40.8986196415141,40.87779265969837,51.07331053758936,74.1673178436559
GKOS,2021-01-29,91.5199966430664,87.24500274658203,88.69000244140625,41.84684852754069,40.759869856629024,41.11948392792798,50.592674481173525,74.2041936217055
GKOS,2021-02-01,90.12000274658203,86.25,89.5199966430664,41.79499478911417,40.743219932000066,41.114675706574836,50.407203603819816,74.17257097548276
GKOS,2021-02-02,92.93499755859375,91.27999877929688,92.11000061035156,42.200986908693345,40.943042359461884,41.18479880846631,50.421400909707046,74.1956007923343
GKOS,2021-02-03,93.16999816894531,91.08999633789062,92.63999938964844,41.86885436526242,40.946336149925635,40.72093420006451,50.42137859057492,74.11405478045837
GKOS,2021-02-04,96.70999908447266,93.57499694824219,95.18000030517578,41.61506479211626,39.39318070923271,40.63749631384439,50.44947246120668,74.14134314410727
GKOS,2021-02-05,96.4800033569336,94.02999877929688,95.83999633789062,41.37155756202877,38.55747148825387,40.36898818639206,50.03432632783159,74.10422134801252
GKOS,2021-02-08,97.18599700927734,95.63999938964844,96.66999816894531,41.36989727917329,38.42505541758163,40.35225245921234,50.02654410997964,74.08139355852596
GKOS,2021-02-09,97.44999694824219,95.87000274658203,96.66999816894531,41.005028052784276,38.32529015406338,40.322611761671894,50.028556013645584,74.04196563649775
GKOS,2021-02-10,97.78500366210938,95.1500015258789,95.5199966430664,40.92286142907531,38.29772450070854,40.35703268701748,49.852701144620774,74.02276383347063
GKOS,2021-02-11,96.05000305175781,93.75,95.30000305175781,40.835204480087654,38.18965108640428,39.71720968351663,49.66477077339254,73.89348595628273
GKOS,2021-02-12,96.08999633789062,94.4000015258789,94.95999908447266,40.498663806070304,38.12659707672927,39.74555848519037,49.596189879115116,73.8942155350707
GKOS,2021-02-16,96.20999908447266,94.21499633789062,94.73999786376953,40.606148339662305,37.9859992916701,39.747469801731675,49.442209920609855,73.77421279714326
GKOS,2021-02-17,94.0,89.6500015258789,90.7300033569336,37.37323405351126,39.06889118287275,39.691319095875116,49.63413443096658,73.90548561002481
GKOS,2021-02-18,90.31999969482422,87.80000305175781,88.91000366210938,37.78029404283695,39.186364879101234,39.71589264576212,49.68524073734358,73.93091808841733
GKOS,2021-02-19,94.55500030517578,88.9000015258789,93.36000061035156,38.491099541861914,37.803086122951285,40.163589948797835,49.03603542262709,74.02707212759103
GKOS,2021-02-22,94.94000244140625,91.91000366210938,94.91000366210938,38.53687150824407,37.144020416257774,39.949946711535155,48.64725914955126,73.99948764105783
GKOS,2021-02-23,94.87000274658203,91.2300033569336,94.06999969482422,38.53644855911799,37.213828697453515,40.02120641724285,47.54647388698999,73.98010596610898
GKOS,2021-02-24,97.48999786376953,93.30000305175781,96.43000030517578,38.44298836622734,37.270223316930604,39.7323150146033,46.502600235062495,73.90650997989442
GKOS,2021-02-25,98.23999786376953,91.56999969482422,92.11000061035156,41.40562483044833,38.48801672397322,40.596924807928495,46.299694298536124,74.0509708917814
GKOS,2021-02-26,97.48999786376953,91.05999755859375,94.55999755859375,36.17246089060284,38.64243065922198,40.59228327168058,46.136728861190576,74.09168963782385
GKOS,2021-03-01,98.26000213623047,93.02999877929688,97.41999816894531,36.18394527210277,38.95831947819763,40.75980013258796,45.838776541391255,65.99402339464494
GKOS,2021-03-02,99.0,95.57499694824219,96.08000183105469,36.476735564401366,39.00112140933823,40.7849782209624,45.81929106803918,66.01500568975473
GKOS,2021-03-03,96.45500183105469,88.2020034790039,89.0199966430664,42.62208996191541,42.331201526516374,41.54288372015228,46.72584507561225,66.3855820781454
GKOS,2021-03-04,88.27999877929688,82.26499938964844,83.7300033569336,45.87702040161854,44.31396261993618,42.853434901794245,47.368289071321264,66.67932881996053
GKOS,2021-03-05,86.0,79.68000030517578,85.76000213623047,46.36707367557949,44.254934472742036,42.59590473719212,47.42306164179302,66.4383872740135
GKOS,2021-03-08,87.62000274658203,81.6500015258789,81.80999755859375,48.032693174484535,45.44270508262615,43.312941847529636,47.81085552175782,66.61457959311879
GKOS,2021-03-09,86.44999694824219,83.37000274658203,85.19999694824219,49.04339708034821,45.49840036726122,43.69351118851333,47.99673446280233,65.94015553610511
GKOS,2021-03-10,88.2300033569336,86.33999633789062,87.05000305175781,49.39858190210351,45.59992335208068,43.77273956942369,48.00472298082129,64.37208473157429
GKOS,2021-03-11,89.43499755859375,87.30500030517578,89.13999938964844,48.98654725133806,45.66417216123704,43.87698129916564,48.02187405179518,63.97909515637461
GKOS,2021-03-12,89.0199966430664,86.5199966430664,88.8499984741211,48.412509221359926,45.685715967669566,43.893065392140386,47.575988038997146,63.97672497469111
GKOS,2021-03-15,90.63999938964844,87.87999725341797,89.22000122070312,48.01270353386789,45.029571528692216,43.89213092266177,47.41738392603437,63.92462751789605
GKOS,2021-03-16,90.8499984741211,88.30999755859375,88.94000244140625,47.94287184761422,44.99408162730347,43.8776476379075,47.3302484258473,60.9780408380484
GKOS,2021-03-17,90.30999755859375,86.30999755859375,89.73999786376953,47.25412866606796,44.950800177349684,43.88177413383192,47.20272978792043,60.57003411725999
GKOS,2021-03-18,88.9800033569336,85.43000030517578,85.94000244140625,48.76895123347646,45.88248140187861,44.30119734309324,47.54292567116276,58.65595477202543
GKOS,2021-03-19,88.63999938964844,85.91999816894531,88.43000030517578,48.85052294517661,45.77609042111839,44.471509836404834,47.62533105730496,58.224605267656095
GKOS,2021-03-22,90.25,87.29000091552734,87.55000305175781,48.81476149405648,45.80781066179275,44.48215861659959,47.64740072424297,56.959347363406756
GKOS,2021-03-23,87.55000305175781,83.31999969482422,84.33000183105469,49.680225988849,46.516970810594124,44.75727776480568,47.90481311114625,56.631901564109036
GKOS,2021-03-24,85.7300033569336,81.63999938964844,81.87999725341797,50.17784756857838,46.88021350044797,43.737797897969486,47.72360862044941,55.73910977841907
GKOS,2021-03-25,85.62000274658203,80.5,85.0,51.646127877257,47.330528559244534,43.90612427691636,47.88257177404624,55.50970898366929
GKOS,2021-03-26,86.2300033569336,83.01000213623047,85.58000183105469,51.737745584557395,47.30842578571019,43.645904650217325,47.88289856403146,54.188133772145996
GKOS,2021-03-29,86.9800033569336,82.83999633789062,82.95999908447266,52.348356290454575,47.461838704659534,43.74482234031703,48.05497782254566,53.10474817437031
GKOS,2021-03-30,85.01000213623047,81.81999969482422,84.4800033569336,52.757360438788915,47.57282825802447,43.774319834800814,48.007456300349126,53.12374957343737
GKOS,2021-03-31,86.83000183105469,83.62999725341797,83.93000030517578,51.42946698272903,45.438934040949356,43.7801271597322,47.91843214557224,52.49908413552055
GKOS,2021-04-01,85.18000030517578,81.0,81.97000122070312,51.53908985272344,45.447052487956505,43.99335820388175,47.58726191161996,52.04910157578644
GKOS,2021-04-05,82.52999877929688,78.87000274658203,80.41999816894531,49.34911681391906,44.92928896633466,43.016991497354084,46.577016397656294,51.955242736423145
GKOS,2021-04-06,82.98999786376953,80.0,81.73999786376953,49.34214097874788,44.96035198746765,42.50576461903188,46.59896882199719,51.87072837806666
GKOS,2021-04-07,81.91999816894531,79.44999694824219,79.94999694824219,49.582305461707236,44.98931942584488,42.56526777086114,46.70145736758412,51.843615444695644
GKOS,2021-04-08,85.8499984741211,82.44000244140625,85.83999633789062,53.680068392218736,47.16473784242154,43.84865543899758,47.373472434312916,52.275491353379735
GKOS,2021-04-09,85.80999755859375,80.33999633789062,83.12999725341797,52.8880751379063,47.63462326132811,44.123059425818035,47.55281949322968,52.02621462553259
GKOS,2021-04-12,82.95999908447266,80.91500091552734,82.5,52.14263970997973,44.999819737827224,44.03376148050468,47.56039011630001,51.920892524699724
GKOS,2021-04-13,84.11000061035156,82.1500015258789,82.94000244140625,51.21600374399882,44.582760874387986,44.00469156713725,47.43305146027269,51.84973666266261
GKOS,2021-04-14,86.0,83.23999786376953,84.47000122070312,51.59848917011354,44.7457008976223,43.94667751279745,47.382547014741,51.6258335653439
GKOS,2021-04-15,86.44999694824219,84.61000061035156,85.9000015258789,47.17090783816098,44.58525155376618,43.92035581562686,47.40294033339912,51.4337157838966
GKOS,2021-04-16,86.5,84.81999969482422,85.0199966430664,43.716991470745135,44.48932981204435,43.817593687542036,47.3472049147708,51.35711235594735
GKOS,2021-04-19,85.73999786376953,83.93000030517578,84.01000213623047,43.280078962113336,44.4699009150501,42.69671978995165,47.26627618484416,51.31527549757477
GKOS,2021-04-20,86.66999816894531,83.27999877929688,86.58000183105469,41.84241617189869,44.77552439750417,42.4691209261014,47.36872100734168,51.16206958097903
GKOS,2021-04-21,90.79000091552734,86.6500015258789,90.56999969482422,42.218569702145544,45.39572603849527,42.98745507397814,46.98025187411235,50.994031269000914
GKOS,2021-04-22,93.0999984741211,89.80999755859375,91.75,41.948557684327724,45.445046437482866,42.96495855851676,46.98899330111413,50.79010931127142
GKOS,2021-04-23,96.03500366210938,92.19000244140625,94.98999786376953,42.5644239076444,45.52099166601235,43.07767017606187,46.70349948802267,50.82718404550981
GKOS,2021-04-26,96.2300033569336,93.08999633789062,95.83999633789062,42.576925540928556,45.27222223089578,43.052945981547644,46.62923365688657,50.82946119187538
GKOS,2021-04-27,96.86000061035156,95.06500244140625,95.98999786376953,42.57492256034985,45.0248564991168,43.050495709435104,44.164420780923834,50.826496690605225
GKOS,2021-04-28,98.28500366210938,95.18000030517578,97.69999694824219,42.76438110791529,45.12050277757754,42.99556165030305,43.875539579031425,50.843991179948475
GKOS,2021-04-29,98.22000122070312,94.11000061035156,95.04000091552734,43.63553859785668,45.14868952022897,43.201658023960555,43.90163523973527,50.54028016778791
GKOS,2021-04-30,95.66000366210938,92.81999969482422,94.16000366210938,41.64460702549449,45.17968208741422,43.203305714043424,43.728701274121065,50.493585662639006
GKOS,2021-05-03,95.25,92.69000244140625,92.87000274658203,41.19633984125095,44.92038238278167,43.1287848363665,43.78025304567757,50.450655890112614
GKOS,2021-05-04,91.5,88.69999694824219,90.77999877929688,41.67273938291331,45.12499699391006,43.3084606419409,43.85355482900499,50.36482468831874
GKOS,2021-05-05,92.4800033569336,89.77999877929688,90.44000244140625,40.068087524140196,45.08465525713656,42.9569261462755,43.862811025892064,49.31809249482704
GKOS,2021-05-06,88.2699966430664,81.05999755859375,82.62999725341797,47.46187129351075,48.6480999908301,45.40055463823026,45.24010710051571,49.90305135516419
GKOS,2021-05-07,85.33499908447266,82.5,83.04000091552734,46.172477324518326,48.6327339973799,45.35515206431544,45.23741199497394,49.8967596783076
GKOS,2021-05-10,82.33000183105469,76.37000274658203,76.41000366210938,51.902735623152196,51.37950418666406,47.319084160673604,46.284140104984175,50.52030555250264
GKOS,2021-05-11,78.19999694824219,72.97000122070312,77.51000213623047,51.492428762003506,51.5114199306445,46.92477106945947,46.30002231073662,50.49057670238382
GKOS,2021-05-12,77.20999908447266,74.88999938964844,75.76000213623047,51.45034010815841,51.664690489483135,47.02184099197122,46.4018465426363,50.43450865839938
GKOS,2021-05-13,78.2300033569336,73.4000015258789,74.37999725341797,51.62276755554029,51.10049438280021,47.06274844532886,46.461348007893776,50.08852668706222
GKOS,2021-05-14,75.76000213623047,73.93000030517578,74.76000213623047,51.34547964416092,51.00537422664676,47.040276490037954,45.16942025132564,49.969328719502165
GKOS,2021-05-17,74.88500213623047,72.16999816894531,73.75,51.22115272580358,49.89378489473717,46.80361767409537,45.18809660156135,49.94264584162859
GKOS,2021-05-18,76.44999694824219,73.52999877929688,74.69999694824219,51.11778175869694,49.83538387003764,46.8351244216395,44.64758145977169,49.95158284478916
GKOS,2021-05-19,74.45999908447266,72.61000061035156,74.30000305175781,50.80222541498357,49.82582316147034,46.816861070836694,44.63908514634027,49.939092593276264
GKOS,2021-05-20,75.25,73.61000061035156,74.5,45.82386330706889,49.48667127615417,46.78083918351333,43.99632078282075,49.611689301616416
GKOS,2021-05-21,77.06999969482422,74.68000030517578,74.91999816894531,45.16609749765422,48.76034508607703,46.73627684525424,43.646705462780055,49.60927965111567
GKOS,2021-05-24,76.18000030517578,74.83999633789062,75.94999694824219,45.416374897375796,48.500346280730916,46.77507155948595,43.63100746218064,49.6211116433452
GKOS,2021-05-25,77.82499694824219,74.93000030517578,75.0,45.43617553132537,48.027334301887436,46.578551063694555,43.66696772596211,49.46900345073761
GKOS,2021-05-26,75.61000061035156,73.2699966430664,74.66000366210938,44.971020985706204,47.98663338108595,46.57331454126845,43.67448470972043,49.315592396427014
GKOS,2021-05-27,75.66000366210938,73.95999908447266,74.55000305175781,44.54286098243475,45.57316842287517,45.346804679971235,43.61010082758434,49.27141191830023
GKOS,2021-05-28,75.6500015258789,73.37999725341797,73.58000183105469,44.58067338941411,43.982332061161635,45.17861136017468,43.45537067422831,49.196189617016216
GKOS,2021-06-01,74.83000183105469,72.38999938964844,73.05999755859375,44.53533409047652,43.65415261876921,44.72450100345906,43.39447675115874,49.093573277574926
GKOS,2021-06-02,73.9800033569336,72.62999725341797,73.62000274658203,43.4729062178773,42.703320112450605,44.68441570168078,43.213615051674495,49.06415223687956
GKOS,2021-06-03,73.79000091552734,71.47000122070312,73.4800033569336,40.783842159387206,41.78094655700734,44.53747747469107,43.192906465302656,48.35658136426307
GKOS,2021-06-04,74.93000030517578,72.83999633789062,73.6500015258789,40.44770092774016,41.49536858314753,44.49271149250026,43.18424278340014,48.08409635980506
GKOS,2021-06-07,76.62000274658203,73.36900329589844,76.33999633789062,40.554506302869314,41.89956220569716,44.834098273952286,43.34668368620702,47.356013586200156
GKOS,2021-06-08,78.30000305175781,76.88999938964844,78.08000183105469,41.21439711174092,42.214132781160075,43.28064548414309,43.12989225708989,46.647033144655225
GKOS,2021-06-09,79.44000244140625,77.51000213623047,78.54000091552734,41.309513852025724,42.22656955446978,43.01999536717002,43.11803769328383,46.25667645228823
GKOS,2021-06-10,79.0999984741211,77.73999786376953,78.5199966430664,40.714117585480295,42.227743765854974,43.01691144143301,43.09223570280337,46.10765153231489
GKOS,2021-06-11,79.97000122070312,78.4800033569336,79.91000366210938,40.85883939720785,42.36013936812619,42.92309219179494,42.751946064813474,45.875928983813694
GKOS,2021-06-14,81.47000122070312,79.83999633789062,80.55000305175781,41.03592703905053,41.51789488296094,42.85723765684487,42.6190235304928,45.813871950969755
GKOS,2021-06-15,80.4800033569336,79.26000213623047,80.0199966430664,40.957953049752895,41.06860901248174,42.81927588723366,42.542379422382474,45.7452734340609
GKOS,2021-06-16,80.73999786376953,78.88999938964844,80.11000061035156,40.63985162530444,41.03543858437551,42.73545613413867,42.377654579591734,45.74554181754111
GKOS,2021-06-17,82.41000366210938,79.80999755859375,81.70999908447266,41.22859022273769,40.56527032389137,42.67397065743512,42.4213237532863,45.77592654576952
GKOS,2021-06-18,82.3499984741211,80.66000366210938,81.9000015258789,31.95471762485309,40.116748812484225,42.65964416898259,42.25565443796899,45.7758255345728
GKOS,2021-06-21,84.1500015258789,81.37999725341797,83.87999725341797,32.6878691517347,39.672018612274506,42.51798429838138,42.3269698657934,45.81420283779283
GKOS,2021-06-22,85.4800033569336,83.83999633789062,84.79000091552734,21.116205210015224,39.710590109875376,42.35477965552406,42.28966589525369,45.789560440338676
GKOS,2021-06-23,86.55000305175781,84.56500244140625,86.37000274658203,21.33537187674547,39.35865282634533,42.32633373787937,42.327176285620375,45.79180663170306
GKOS,2021-06-24,87.23999786376953,85.98999786376953,86.25,19.881394811489884,39.191263281666515,42.298764763177005,42.293557320752676,45.471248898652114
GKOS,2021-06-25,87.17500305175781,85.4000015258789,86.25,18.738029597451998,39.165159001447236,42.04439868882156,41.498720178566764,45.36447615215198
GKOS,2021-06-28,86.61499786376953,84.1500015258789,84.38999938964844,20.276428579751524,39.1188952757153,42.16488139913963,41.59738430190883,45.37067796874403
GKOS,2021-06-29,84.68000030517578,81.72000122070312,82.08000183105469,21.710544248241007,39.34372563910462,42.13662116585004,41.51570171001835,45.368644426875676
GKOS,2021-06-30,84.91999816894531,81.76000213623047,84.83000183105469,23.190779805859975,39.77827042374806,42.470157317702665,41.64414091784151,45.466109880187915
GKOS,2021-07-01,86.3499984741211,84.0199966430664,84.2300033569336,23.258343249108606,39.52931209825721,42.45072968666963,41.653853053224005,45.473698153075
GKOS,2021-07-02,84.80999755859375,81.70999908447266,82.44999694824219,24.408317874535275,36.97315735813256,42.56833537422835,41.748481870828684,45.53486850701927
GKOS,2021-07-06,82.6500015258789,81.01000213623047,82.52999877929688,24.408424679491453,36.38981372589178,42.53759333377582,41.74789401666062,45.53335271786687
GKOS,2021-07-07,84.0999984741211,79.87999725341797,81.08000183105469,24.93203687734909,36.537505549349504,42.615738582791145,41.81490084130961,45.332426824213634
GKOS,2021-07-08,79.66999816894531,75.55999755859375,77.16999816894531,28.81207205599675,37.87656914969542,43.285696026670614,42.25807598517348,45.635562199014714
GKOS,2021-07-09,77.93000030517578,74.12000274658203,76.47000122070312,28.918009763629666,37.69036964935143,43.300103707910424,42.24749911665897,45.65132272243078
GKOS,2021-07-12,78.19999694824219,75.9800033569336,77.0,28.96275650432292,37.537920701735885,42.817437079031336,42.25177454100709,45.639265708109214
GKOS,2021-07-13,76.63999938964844,73.5,73.56999969482422,31.739583385179483,38.56005036629074,43.283477883435836,42.45798765348185,45.82942855288796
GKOS,2021-07-14,61.0,53.000999450683594,57.81999969482422,76.72978163827847,62.249936643099346,56.9268993222526,51.22104705738938,51.8084511532055
GKOS,2021-07-15,57.209999084472656,54.051998138427734,56.029998779296875,76.88260989727358,61.99239823207816,56.97957522303124,51.345932382859495,51.592550352691035
GKOS,2021-07-16,57.85599899291992,55.43000030517578,57.0099983215332,77.24060120827309,61.24933324848199,57.089192342386696,51.25430523742707,50.94643242169593
GKOS,2021-07-19,57.52000045776367,55.5,56.310001373291016,77.17982652376705,61.104130116789314,56.900042080784054,50.70267243272363,50.96280498538703
GKOS,2021-07-20,50.474998474121094,46.5,47.93000030517578,87.64822695512632,68.02783769921807,61.72568203560365,54.06778951949952,53.48986916550357
GKOS,2021-07-21,49.720001220703125,46.709999084472656,49.720001220703125,88.27466089702965,68.61706166314863,61.88840729064153,54.16854232089722,53.60857622460856
GKOS,2021-07-22,50.72999954223633,49.654998779296875,50.0,88.26937198543708,68.65360735044558,61.64669723081714,54.0900113544128,53.594125336412105
GKOS,2021-07-23,50.39500045776367,48.880001068115234,49.91999816894531,88.25061581545135,68.42486927084785,61.64104760789524,54.063277198144945,53.5807665956883
GKOS,2021-07-26,48.94599914550781,47.88999938964844,47.97999954223633,87.96829058093773,68.59239182474587,60.85416370133512,54.2327161418013,53.66949765604827
GKOS,2021-07-27,48.54499816894531,46.31999969482422,48.20000076293945,87.88982472915525,68.66936281974893,60.23153866969408,54.22508854907985,53.6044005957156
GKOS,2021-07-28,49.7599983215332,48.5099983215332,49.15999984741211,88.49254602342077,68.95737222324077,60.18252218644101,53.70837407297571,53.63813984474313
GKOS,2021-07-29,50.15999984741211,48.47999954223633,49.45000076293945,88.58436351744781,68.99148720311284,59.83751983999187,53.4175501576021,53.57045695844488
GKOS,2021-07-30,51.790000915527344,49.36000061035156,51.0,89.03152671483264,69.49097186910824,59.66819447739369,53.4799940520049,53.564631792593886
GKOS,2021-08-02,52.150001525878906,50.310001373291016,51.0099983215332,88.99622101527895,67.44331973085012,59.52203232536101,53.41177639204465,53.56464773824035
GKOS,2021-08-03,51.44499969482422,49.07099914550781,49.40999984741211,88.30092547493365,67.56244868221395,59.48514855666488,53.51504929512289,53.21528817816221
GKOS,2021-08-04,50.9900016784668,49.029998779296875,49.15999984741211,87.97618015900504,65.75308307279141,59.48379481187729,53.44029896311881,53.2106847414669
GKOS,2021-08-05,51.58000183105469,48.75,50.959999084472656,88.75205796322156,66.20609258887514,59.83414760274706,53.61951966831183,53.02459642642595
GKOS,2021-08-06,51.20000076293945,46.84000015258789,51.02000045776367,88.79587390177578,66.14346737536188,59.84259310637331,53.53742753906832,52.98950080226085
GKOS,2021-08-09,54.79999923706055,51.5,54.34000015258789,91.70772272802611,67.61206297240062,60.785029391940036,54.05597204746705,51.926044176662124
GKOS,2021-08-10,54.970001220703125,49.959999084472656,50.31999969482422,93.414050073406,69.14605672827311,61.55213737983889,54.70206389621435,52.34722804924674
GKOS,2021-08-11,50.917999267578125,48.790000915527344,50.20000076293945,93.4551250304014,69.1357327526097,61.313686725583715,54.24610551779717,52.28449281463804
GKOS,2021-08-12,50.709999084472656,49.099998474121094,49.54999923706055,92.28831797430531,69.03177056046842,61.32103623368508,54.021628428071885,52.15293932951421
GKOS,2021-08-13,50.720001220703125,48.61000061035156,48.959999084472656,92.24940863600087,69.03903779984405,61.11793095266843,54.034769403633995,52.16811715438814
GKOS,2021-08-16,49.94499969482422,47.67499923706055,49.18000030517578,92.47349019596,69.05072405105074,61.01553464126456,54.0308500541659,52.15348152511983
GKOS,2021-08-17,49.209999084472656,47.84000015258789,49.16999816894531,92.45405554964694,69.01583801067646,60.63976090157466,53.91674149436268,52.15344460337159
GKOS,2021-08-18,49.77000045776367,47.709999084472656,47.75,92.51997729955818,69.02775219982404,60.72454146215321,54.01122087508754,52.229459346844244
GKOS,2021-08-19,47.65999984741211,46.380001068115234,47.43000030517578,92.07219381913245,69.02060683621316,60.589597343017864,54.00385565080518,52.23442539057995
GKOS,2021-08-20,48.959999084472656,47.43000030517578,48.939998626708984,93.08465026818192,69.4795503816487,60.75704049057441,54.06633580360889,52.26855400296996
GKOS,2021-08-23,50.47999954223633,49.33000183105469,49.95000076293945,93.44139786183528,69.69911313670448,60.89549491326197,54.07468569406814,52.30558212440347
GKOS,2021-08-24,51.849998474121094,50.0,51.33000183105469,93.71558932304163,70.03005540266244,61.03882382945059,54.17798230564114,52.36703687140059
GKOS,2021-08-25,52.7400016784668,51.095001220703125,52.630001068115234,64.37160047037922,70.31716366882786,61.175143787094775,54.22551800620268,52.418311428244344
GKOS,2021-08-26,54.869998931884766,52.28499984741211,54.25,64.49988404392208,70.65051246440335,61.33535717064093,54.34061321302009,51.65070669479829
GKOS,2021-08-27,57.279998779296875,53.84000015258789,56.81999969482422,65.75148259218878,71.42924602555138,61.783228790709856,54.50612575128866,51.840486144953914
GKOS,2021-08-30,58.1349983215332,56.630001068115234,57.09000015258789,65.661488624022,71.44056445203843,60.63386557564502,54.48355087082981,51.475447455913645
GKOS,2021-08-31,59.959999084472656,57.189998626708984,59.630001068115234,45.63279706848595,71.64117076396333,60.93231597622074,54.72381083819919,51.638021269874734
GKOS,2021-09-01,60.07500076293945,57.36000061035156,58.31999969482422,45.52877364082228,71.51695202522865,61.00253847081485,54.77209168713628,51.31619079212315
GKOS,2021-09-02,60.040000915527344,58.220001220703125,59.79999923706055,45.887211256197645,71.74770811452083,61.15523271656309,54.62775255995474,51.143044538998815
GKOS,2021-09-03,59.79999923706055,57.79999923706055,59.09000015258789,46.132676672613165,71.75785697295436,61.07227982392208,54.61127737350338,51.13235442196098
GKOS,2021-09-07,60.040000915527344,58.939998626708984,59.5,44.091915082728924,71.64981464773128,61.00857359002491,54.58819675383339,51.13462577080781
GKOS,2021-09-08,59.81999969482422,57.31999969482422,57.36000061035156,45.88371228335739,71.88976223426774,61.22417908406991,54.73968075054588,51.27160091450082
GKOS,2021-09-09,57.380001068115234,54.880001068115234,55.099998474121094,47.55969091665399,72.23744393236355,61.48197258412246,54.782329775444374,51.386079788287475
GKOS,2021-09-10,55.42499923706055,52.31999969482422,52.369998931884766,50.114484677920956,72.79405393465059,61.673335232310436,55.08662652532934,51.53800157458169
GKOS,2021-09-13,52.36000061035156,50.189998626708984,50.25,50.85245259535852,72.90797519243347,61.411650860311305,55.26518684109415,51.669686241589794
GKOS,2021-09-14,51.060001373291016,49.5,50.02000045776367,50.86571140970685,72.87951916566601,61.33779527447689,55.25410720255574,51.54614552897755
GKOS,2021-09-15,52.720001220703125,50.970001220703125,51.779998779296875,50.96799054052471,73.11328833122684,61.33571562426873,55.4073018358546,51.64214663577569
GKOS,2021-09-16,53.15999984741211,51.400001525878906,52.83000183105469,51.204137470262346,73.24007618165159,61.43066183897865,55.46655917691832,51.677670991667036
GKOS,2021-09-17,53.97999954223633,52.75,53.939998626708984,50.524461891245586,73.27742870980146,61.566270752314956,55.403033808913136,51.7102057789808
GKOS,2021-09-20,53.939998626708984,51.22999954223633,51.77000045776367,52.03701243124219,73.57855194417257,61.703155616673975,55.58853809617945,51.72720431484239
GKOS,2021-09-21,52.83000183105469,50.7599983215332,50.93000030517578,48.725697397634235,73.57414280198552,61.63034436289148,55.08759988853916,51.741341231519186
GKOS,2021-09-22,52.040000915527344,50.40999984741211,51.25,43.30688141765332,73.58680495323051,61.660175283467446,54.97985777804809,51.72177010634932
GKOS,2021-09-23,52.59299850463867,51.34000015258789,52.560001373291016,43.8771690856179,73.7899438456661,61.84698063161236,54.84276442311089,51.581924014829475
GKOS,2021-09-24,52.599998474121094,50.5099983215332,50.599998474121094,45.17510273541747,73.56386753685834,62.001198973754434,54.974289588757266,51.6291457507699
GKOS,2021-09-27,51.369998931884766,49.959999084472656,50.619998931884766,45.01542267389343,73.58647766399773,62.008257459319225,54.897786110715366,51.562623237632245
GKOS,2021-09-28,50.599998474121094,49.36000061035156,49.970001220703125,45.184514113878144,73.54374631153723,60.52266571406656,54.89652117572531,51.46530198463209
GKOS,2021-09-29,50.54999923706055,48.45500183105469,48.790000915527344,45.736457809473215,73.58576712141007,60.57481494373188,54.934077878208456,51.51361718639426
GKOS,2021-09-30,49.540000915527344,48.0,48.16999816894531,45.07067053660096,73.56703187329795,59.28772586557043,54.13656273185627,51.448790204278424
GKOS,2021-10-01,49.09000015258789,47.0099983215332,48.5099983215332,45.06094831554607,73.14004945784455,59.23997553923822,54.01025691484796,51.44932120304689
GKOS,2021-10-04,48.0099983215332,45.5099983215332,46.13999938964844,46.41740162154908,73.65326826805122,59.60934298663315,54.29406924184236,51.673410466758995
GKOS,2021-10-05,46.86000061035156,45.88999938964844,46.349998474121094,45.977750928790456,73.63383294877353,59.58900798163816,54.199002859372904,51.671227383859005
GKOS,2021-10-06,46.43199920654297,45.5,45.689998626708984,45.21340144271016,73.23871584802923,59.58731485037559,54.16159384218883,51.67757186006118
GKOS,2021-10-07,46.79999923706055,45.72999954223633,45.95000076293945,44.48112462341466,54.86793172063389,59.594427951001805,54.160187771142986,51.17234385422855
GKOS,2021-10-08,46.22999954223633,45.11000061035156,45.15999984741211,43.368007221593146,54.64035781927225,59.560811154118234,54.15834545065623,51.19986373942604
GKOS,2021-10-11,45.88999938964844,44.369998931884766,44.66999816894531,40.43173525200784,54.48457022585605,59.56810133385114,54.10262112273196,51.04909192264475
GKOS,2021-10-12,47.650001525878906,44.63999938964844,47.25,44.39306098523185,55.831573518005854,60.34526365527153,54.54846295083245,51.35533759054612
GKOS,2021-10-13,48.0,46.25,47.0,41.810367521208164,45.06737723449235,60.32329076280749,54.38512850895213,51.349875277515444
GKOS,2021-10-14,47.65999984741211,46.38999938964844,47.20000076293945,41.728291564208256,44.41582434342921,60.26903723482941,54.28461399466039,51.35193125993922
GKOS,2021-10-15,48.2599983215332,44.77000045776367,44.81999969482422,42.52164293166991,45.59789247663968,60.71732460328564,54.54095622012085,51.6034421552421
GKOS,2021-10-18,45.560001373291016,43.709999084472656,45.369998931884766,42.97973560998887,45.688345777877906,60.7796906223562,54.55177015009838,51.61923590061191
GKOS,2021-10-19,46.650001525878906,45.54999923706055,45.93000030517578,43.177425814767375,45.076508033263494,60.83898942188408,54.450099863134106,51.634378138561445
GKOS,2021-10-20,46.415000915527344,45.220001220703125,46.27000045776367,42.577085736059125,45.09422925285747,60.85509365583125,54.45451122322316,51.61566512259683
GKOS,2021-10-21,46.70000076293945,45.40999984741211,45.779998779296875,41.430647884228996,44.93657429717755,60.86135644186348,54.335851253331604,51.623984047711126
GKOS,2021-10-22,45.540000915527344,44.70000076293945,44.90999984741211,39.43545550735904,45.06164677281511,60.87220421487957,54.349369795184565,51.54566794746845
GKOS,2021-10-25,45.709999084472656,44.52000045776367,45.02000045776367,37.95662871840753,44.560643850489676,60.88164788676643,54.33374718535088,51.54126911659763
GKOS,2021-10-26,45.27000045776367,44.209999084472656,44.279998779296875,38.14051497821138,44.65651031196218,60.89852615556685,54.35090179880018,51.55917322396413
GKOS,2021-10-27,44.099998474121094,42.685001373291016,42.779998779296875,37.301828879066264,44.7328135799152,60.71760679374103,54.46042057997317,51.565969496194164
GKOS,2021-10-28,45.810001373291016,43.0,45.75,42.34999460627789,46.940943440869226,61.65238568444692,55.11474278143823,51.62671072114154
GKOS,2021-10-29,46.029998779296875,44.9640007019043,45.709999084472656,41.67250362299985,46.29811057015401,61.63042816161665,55.11601490192651,51.55016109243056
GKOS,2021-11-01,47.97999954223633,45.720001220703125,46.38999938964844,40.66387336465719,46.419196514840856,61.70851340148883,55.16067927863825,51.512336056789074
GKOS,2021-11-02,46.400001525878906,44.75,45.060001373291016,41.17358275014526,44.75050408795795,61.713798325964,55.04404541967111,51.52893356434417
GKOS,2021-11-03,58.290000915527344,50.895999908447266,53.459999084472656,65.33949520655628,54.960900390826865,67.76079949164074,58.76653789363648,54.29608476038052
GKOS,2021-11-04,56.599998474121094,53.2599983215332,55.0099983215332,65.45248430377848,55.24487589967555,67.95761681216838,58.56435105792583,54.35414491561244
GKOS,2021-11-05,57.59000015258789,52.290000915527344,56.9900016784668,65.05555168017459,55.58935763452082,68.23684686160423,58.695015752549104,54.46288827964011
GKOS,2021-11-08,57.26900100708008,52.91999816894531,53.75,67.53117471222548,56.904383846019414,68.69049446643358,59.05989327832748,54.38127145311042
GKOS,2021-11-09,54.31999969482422,52.0,52.06999969482422,68.11083989880072,57.30794216307782,68.82116240662408,59.062882266987906,54.26725927363254
GKOS,2021-11-10,52.540000915527344,50.5,50.70000076293945,68.204651970548,57.58659392319976,68.7576672142323,58.912452222076894,54.27882693412738
GKOS,2021-11-11,51.63999938964844,50.459999084472656,51.310001373291016,68.13817930662802,57.29427225625495,68.76476790421225,58.83569077644495,54.247813760360856
GKOS,2021-11-12,52.4900016784668,50.70000076293945,50.70000076293945,68.24108285901127,57.33522730907524,68.66980695280293,58.711354497558155,54.24499745385211
GKOS,2021-11-15,50.9900016784668,48.959999084472656,49.0,67.34294853769418,57.430149059326396,68.81828922374156,58.809835820573966,54.29431413985859
GKOS,2021-11-16,50.54999923706055,48.65299987792969,50.11000061035156,67.5998315961585,57.46150525449845,68.95686817413781,58.25199179142019,54.34089998380925
GKOS,2021-11-17,49.779998779296875,48.61000061035156,49.66999816894531,67.49843801497218,57.20718370691239,68.9091954491678,57.84504945813991,54.28949072831589
GKOS,2021-11-18,50.2400016784668,46.810001373291016,47.20000076293945,69.2635694946818,57.87397398342314,69.20031070219173,58.034781130592584,54.50047662975266
GKOS,2021-11-19,48.27000045776367,46.650001525878906,48.11000061035156,69.23499385356419,57.65315807452873,69.03889113692786,57.85942281425489,54.474776378306785
GKOS,2021-11-22,49.04999923706055,46.970001220703125,46.970001220703125,69.55150340684412,56.93343121886733,69.0997635687058,57.679382371775304,54.19375697418582
GKOS,2021-11-23,47.22999954223633,45.38199996948242,46.66999816894531,67.63034903057073,56.9130843996353,69.05503851225602,57.604983734988004,54.02517647387288
GKOS,2021-11-24,49.0099983215332,45.970001220703125,48.540000915527344,68.57820045876085,56.770237222589934,69.41606068035095,57.73765646350609,54.17780573592233
GKOS,2021-11-26,47.90999984741211,44.790000915527344,45.5,71.16180103019141,58.02346818311498,70.02727891746247,58.19142364308174,54.5410889751766
GKOS,2021-11-29,46.290000915527344,43.875,44.0099983215332,70.21858020785277,58.001725698294415,69.81786066727012,58.28872384360617,54.55342760960576
GKOS,2021-11-30,44.099998474121094,41.93000030517578,43.029998779296875,70.38913804625207,58.095363708783054,69.86737250462464,58.33013213635644,54.59032568579426
GKOS,2021-12-01,44.40999984741211,41.56999969482422,41.72999954223633,70.7447208019472,58.2687240208209,69.94876003457429,58.39435217797262,54.659522325115894
GKOS,2021-12-02,43.20000076293945,41.400001525878906,41.59000015258789,70.67370075186778,57.91749038920537,69.66326739307158,58.20961669127265,54.601725012111146
GKOS,2021-12-03,41.65999984741211,39.349998474121094,40.27000045776367,71.13801690837491,57.73597408548059,58.751376455463436,58.17496029170511,54.64418912835277
GKOS,2021-12-06,42.150001525878906,39.41999816894531,41.45000076293945,71.6249088629874,57.35705865358982,58.804476357012014,58.303745595999644,54.728306849116315
GKOS,2021-12-07,44.099998474121094,42.23699951171875,43.380001068115234,72.96724296330717,57.696659588704094,59.2212449805417,58.46267804374434,54.90444436949999
GKOS,2021-12-08,44.61000061035156,43.345001220703125,44.060001373291016,72.97457037396565,57.812329744310496,59.27151412423832,58.42582896521894,54.92023483216016
GKOS,2021-12-09,44.439998626708984,42.369998931884766,42.61000061035156,72.93433454522557,57.649202408082644,53.782285227342776,58.33002851539211,54.926732047648095
GKOS,2021-12-10,43.36000061035156,40.85499954223633,41.290000915527344,70.59426291156792,57.72623622286991,53.64940054729813,58.40748300566274,54.98510030020051
GKOS,2021-12-13,42.125999450683594,40.63999938964844,41.130001068115234,70.5902251402377,57.49264134267352,53.63690718253559,58.31877952510802,54.977899379884235
GKOS,2021-12-14,43.29999923706055,40.650001525878906,43.2599983215332,72.13674317460003,58.065906112282306,54.27920324571874,58.615660352294,55.218113661787626
GKOS,2021-12-15,44.04999923706055,42.060001373291016,44.0099983215332,71.8914325019729,58.14305187399946,54.010003770818734,58.66680196390325,55.08028070598377
GKOS,2021-12-16,44.689998626708984,41.220001220703125,41.93000030517578,51.61020056141113,58.86900962958794,54.526778336274994,58.85899913322057,55.25074113694238
GKOS,2021-12-17,43.81999969482422,41.380001068115234,43.779998779296875,52.67386328665072,59.353747870112606,54.88391338368148,59.09078188268785,55.41166896645523
GKOS,2021-12-20,43.349998474121094,40.7599983215332,42.900001525878906,51.17713156957491,59.01840200213708,54.9557872268584,59.077988511796434,55.436056047883454
GKOS,2021-12-21,44.95000076293945,43.13999938964844,44.83000183105469,51.26317411169368,59.78940283039185,55.1914045679188,59.30343506221079,55.51887882890336
GKOS,2021-12-22,45.68000030517578,44.0,45.650001525878906,51.12798054924369,59.886185655064054,55.277016407895644,58.69732096913391,55.55312505992281
GKOS,2021-12-23,47.41999816894531,45.2400016784668,46.79999923706055,51.35832496779516,59.94152810315332,55.20724664297817,58.69390641209854,55.605522513530104
GKOS,2021-12-27,47.06999969482422,45.52000045776367,46.310001373291016,51.215076222091064,59.923810809339464,55.225417802038045,58.698012066080565,55.60333977044725
GKOS,2021-12-28,46.63999938964844,45.43000030517578,45.939998626708984,51.170699274955226,59.920723970366026,54.92483923071628,58.69195224261111,55.59400311864481
GKOS,2021-12-29,46.72999954223633,45.44499969482422,46.029998779296875,50.344072908922676,59.038960967109745,54.925779643742544,58.639288725295394,55.594073746109494
GKOS,2021-12-30,46.75899887084961,45.369998931884766,45.84000015258789,49.807208646479054,59.03698679145856,53.957772955789466,58.590257683801006,55.502749371871815
GKOS,2021-12-31,46.279998779296875,44.34000015258789,44.439998626708984,50.44520458043543,59.3060820680527,52.81099414035842,58.675382972320854,55.572570005825625
GKOS,2022-01-03,47.540000915527344,44.22999954223633,47.41999816894531,52.15828268703512,60.79147566759039,53.84411468814218,59.22357867524492,55.59905675699619
GKOS,2022-01-04,48.0,45.869998931884766,46.540000915527344,52.116822227923066,60.809585855775225,53.88527754922554,59.11878708858376,55.54439871646869
GKOS,2022-01-05,47.72999954223633,44.05500030517578,44.33000183105469,53.529045178589016,61.59885551813255,54.39398863936492,59.0761340364652,55.578339497044524
GKOS,2022-01-06,46.099998474121094,43.095001220703125,45.34000015258789,53.973727810588066,60.66514280598753,54.51552484358858,59.12562356520058,55.60983261314111
GKOS,2022-01-07,48.869998931884766,45.70000076293945,47.54999923706055,54.56240580068295,61.45661878443133,55.05445365324181,59.263641872363806,55.77869946274231
GKOS,2022-01-10,48.95000076293945,46.0620002746582,48.150001525878906,51.17793897048822,61.50345834113693,54.89447996654001,59.276197451078374,55.785708628075426
GKOS,2022-01-11,53.86000061035156,47.5099983215332,53.34000015258789,57.754759623665066,63.98923853437274,57.231898291484065,60.590537533410725,56.738930525033105
GKOS,2022-01-12,53.79999923706055,50.189998626708984,50.58000183105469,59.73458222357887,64.97680624310316,57.66780779168425,60.82488147673886,56.4313029263368
GKOS,2022-01-13,53.060001373291016,49.91999816894531,51.95000076293945,59.0356346665178,65.1435197432711,57.73230856330812,60.86344169830049,56.41579451414255
GKOS,2022-01-14,53.849998474121094,50.0,53.70000076293945,59.409112353980845,65.44654552641822,57.80941583883212,61.01198339775197,56.52477373167757
GKOS,2022-01-18,54.95000076293945,51.220001220703125,51.849998474121094,59.5817106122523,65.84570186680322,57.9461205907555,61.11614321595587,56.55842892084697
GKOS,2022-01-19,53.4900016784668,51.599998474121094,51.7599983215332,59.32854564898843,65.70199203409732,57.74018737037856,61.072201922934966,56.52799351473763
GKOS,2022-01-20,55.869998931884766,52.23500061035156,53.20000076293945,58.546002290311996,65.90266874555576,57.42841707535785,61.179095400808215,56.593682213161244
GKOS,2022-01-21,53.529998779296875,50.68000030517578,51.380001068115234,59.70003072419745,66.23655132188883,57.67642974649031,60.4108927308193,56.666640317182726
GKOS,2022-01-24,51.939998626708984,47.900001525878906,51.15999984741211,58.651065894223485,65.80504454872892,57.23337451374493,60.40444373933593,56.61811316623101
GKOS,2022-01-25,51.56999969482422,49.5,50.529998779296875,57.84438240727559,64.49949034998859,57.16422169892167,59.65197619585795,56.62026741236256
GKOS,2022-01-26,51.83000183105469,48.380001068115234,48.83000183105469,58.98526058461431,64.91610500419206,57.23942389472382,59.73815757304111,56.60601590123472
GKOS,2022-01-27,50.83000183105469,48.16999816894531,48.54999923706055,57.50964338025663,64.86777771009342,57.22055027420508,59.69073015394631,56.53853031151376
GKOS,2022-01-28,51.619998931884766,47.185001373291016,51.59000015258789,59.72952493751764,65.7089793766401,58.06471523046742,60.12629651264444,56.857026028711
GKOS,2022-01-31,53.27000045776367,50.720001220703125,53.2400016784668,57.94833659133716,55.90157216401871,58.02028206582619,60.251264252651424,56.945047992494814
GKOS,2022-02-01,54.40999984741211,51.81999969482422,54.349998474121094,57.12035915362743,55.75113811894137,57.77046998076545,60.29370456868713,56.9079703571162
GKOS,2022-02-02,54.65999984741211,52.060001373291016,52.900001525878906,57.434805422216016,55.51729919588597,57.3614189020529,60.34312369198488,56.95706575943448
GKOS,2022-02-03,54.88999938964844,52.880001068115234,53.5,56.37515276455577,54.26973895490451,57.0011366257123,60.36186225741776,56.89749422939118
GKOS,2022-02-04,54.55500030517578,52.33000183105469,54.13999938964844,56.28648838723351,53.91761383121651,57.02278928457156,60.381368753885965,56.90775732297345
GKOS,2022-02-07,56.38999938964844,54.0,54.900001525878906,56.051135152422994,53.68069790107075,56.80518046637106,60.4037291977071,56.92045469754099
GKOS,2022-02-08,56.44499969482422,53.86000061035156,56.040000915527344,56.01135319269082,53.782183588888465,56.80939730350546,60.43396504813864,56.965680172893464
GKOS,2022-02-09,57.18000030517578,55.9900016784668,56.77000045776367,55.87308377487348,53.75872527502792,56.75197003338103,60.44464293956977,56.977100625535535
GKOS,2022-02-10,57.529998779296875,55.13100051879883,55.83000183105469,56.28107605579024,53.377962782912235,56.428533660835235,60.470223780751354,56.99588229906204
GKOS,2022-02-11,57.33000183105469,54.189998626708984,54.97999954223633,56.556982190177926,53.32753858863736,56.42091461157851,60.49202859404993,57.011038938472005
GKOS,2022-02-14,56.150001525878906,53.63999938964844,53.79999923706055,56.08856190607461,53.4994542242087,56.526038670285075,60.52340226361932,57.04447185735682
GKOS,2022-02-15,56.16999816894531,54.2400016784668,55.5,53.833831160479775,52.70925210428237,56.5991032094853,60.644504277346314,56.99247516273621
GKOS,2022-02-16,56.2599983215332,53.875,55.22999954223633,53.445980147667704,52.61962881377592,56.26813303130559,60.635959553733045,56.96360013056749
GKOS,2022-02-17,54.709999084472656,51.63999938964844,52.25,54.08108720472985,53.67632045390164,56.974607117720446,60.97005828522833,56.98598184927154
GKOS,2022-02-18,52.630001068115234,49.18000030517578,50.02000045776367,55.64434293498084,54.454645577592174,57.36318860796158,61.16732096764793,57.10391913704247
GKOS,2022-02-22,51.33000183105469,48.185001373291016,49.06999969482422,54.373752516637666,54.022461833606904,57.31797066340454,61.03222299294322,57.124657389378086
GKOS,2022-02-23,53.970001220703125,47.150001525878906,50.959999084472656,55.321851303978654,52.83664815664565,57.59118952327722,61.14676127838212,57.20201676382205
GKOS,2022-02-24,54.470001220703125,48.15999984741211,54.25,49.98550284973561,53.75433246625877,58.4186485334459,61.62041167051463,57.40484326116956
GKOS,2022-02-25,54.900001525878906,53.130001068115234,54.849998474121094,47.38747618426458,53.50002969688043,57.8578020278283,61.639426285814324,57.349450232371794
GKOS,2022-02-28,55.849998474121094,54.29999923706055,55.310001373291016,46.87447902441948,53.013827245037646,57.86567755944423,61.60797950240675,57.26950976410007
GKOS,2022-03-01,56.369998931884766,54.40999984741211,55.0099983215332,45.979308973702395,53.02902514624446,57.81982954391955,61.59770678647685,57.258574614729575
GKOS,2022-03-02,55.47999954223633,53.91999816894531,54.72999954223633,44.752385621002375,52.51117923171893,57.827025412875244,61.59642654684119,56.77401313964553
GKOS,2022-03-03,55.5099983215332,53.150001525878906,53.58000183105469,45.240541410759256,52.5467656786558,57.86304077687513,61.63670252039014,56.494442603909846
GKOS,2022-03-04,54.959999084472656,52.22999954223633,54.34000015258789,44.728842698906824,51.884023213613986,57.860324002824534,61.611765497198064,56.4579250023596
GKOS,2022-03-07,55.525001525878906,53.11000061035156,55.15999984741211,43.60705646848797,51.87855852133223,57.244631520865575,61.64322131048675,56.298594415440476
GKOS,2022-03-08,55.7400016784668,52.95500183105469,53.09000015258789,45.14124402261957,52.03421214393384,57.58291190864799,61.71147334466487,56.25784530901715
GKOS,2022-03-09,55.43899917602539,53.349998474121094,53.84000015258789,45.097689728693666,51.555314248401594,57.61693158630702,61.722508119187225,56.23170724662832
GKOS,2022-03-10,54.380001068115234,52.029998779296875,54.290000915527344,43.785498884710314,51.53200461946332,56.99465084626084,61.68562271791338,56.1822920394181
GKOS,2022-03-11,54.650001525878906,50.40999984741211,50.65999984741211,48.55670863213123,52.80456676642123,58.07551322504501,62.18702599478158,56.58309324829441
GKOS,2022-03-14,51.72999954223633,47.91999816894531,48.59000015258789,46.725962335749905,53.486588239095646,58.44250638397889,62.35479312332185,56.71692506850769
GKOS,2022-03-15,49.970001220703125,48.33000183105469,49.47999954223633,46.050804122528795,52.556935868891685,58.49948357865772,62.36608354386517,56.754128060372686
GKOS,2022-03-16,53.58000183105469,50.08000183105469,53.43000030517578,51.097546364511594,54.09093681812771,59.70363134460646,63.00480609551429,57.292548986854584
GKOS,2022-03-17,55.7400016784668,52.91999816894531,55.459999084472656,51.60062333157149,54.30391859842767,59.87731749261454,63.0411131503918,57.277147246676684
GKOS,2022-03-18,56.970001220703125,55.119998931884766,55.59000015258789,51.519538242702964,53.669681640647326,59.87730479387332,63.04102130994856,57.197848306385744
GKOS,2022-03-21,56.0,54.314998626708984,54.97999954223633,51.537570390035825,53.66495518694212,59.83975192265941,63.00892377641232,57.19942044398525
GKOS,2022-03-22,56.90999984741211,54.66999816894531,56.31999969482422,51.84997818792186,53.65134755320463,59.64898730788144,63.08484534758647,57.14567785188692
GKOS,2022-03-23,56.2400016784668,54.09000015258789,55.060001373291016,51.93446503161654,53.83945978278919,58.88011084582521,63.10457104611916,57.11619677313441
GKOS,2022-03-24,55.459999084472656,53.65999984741211,55.18000030517578,51.78425598974602,53.791768672577554,58.87850599500531,62.85521280120566,56.98336369203497
GKOS,2022-03-25,57.20000076293945,54.97999954223633,56.619998931884766,52.12312468813468,53.99187612684457,58.96555332289828,62.933986210723106,57.043325416510136
GKOS,2022-03-28,58.470001220703125,55.65999984741211,56.459999084472656,51.919079878186935,53.98469812594484,58.76020774397438,62.92585003960506,56.9667757037143
GKOS,2022-03-29,58.13999938964844,56.650001525878906,57.75,51.83183181836923,53.63864716617637,52.28193812923253,62.77387526726888,56.98388301196938
GKOS,2022-03-30,58.459999084472656,56.941001892089844,57.310001373291016,51.17694335706339,52.1822930561144,52.107447372141515,55.936979511234405,56.984980278821304
GKOS,2022-03-31,59.68000030517578,57.0,57.81999969482422,51.19309812337575,51.993981309658,51.824026574639326,55.82165281916023,56.950993901547356
GKOS,2022-04-01,60.84000015258789,57.5,60.779998779296875,50.09829645914061,51.685287316907235,51.55751813635688,56.09520798756583,57.15340515472537
GKOS,2022-04-04,62.060001373291016,59.46500015258789,61.900001525878906,48.04372775133445,51.6317509213137,51.35397369213127,56.11450239834856,57.15979301795427
GKOS,2022-04-05,62.66999816894531,59.34000015258789,61.369998931884766,47.63711628247836,50.940281715224124,51.17952122174594,52.72842763469768,57.12578057330461
GKOS,2022-04-06,60.95000076293945,59.36000061035156,60.470001220703125,47.162008071508076,51.05790083447253,51.221828612686735,52.59482320217268,56.68079835343178
GKOS,2022-04-07,62.5099983215332,60.40999984741211,61.7400016784668,44.249709700351495,46.899056500593,51.26421823759516,52.64381082876866,56.63993826120897
GKOS,2022-04-08,64.48999786376953,60.939998626708984,63.77000045776367,44.95720410544664,45.83289993803369,51.159185235247406,52.771757093006975,56.73528495510527
GKOS,2022-04-11,64.31999969482422,61.95000076293945,62.18000030517578,45.788090293274266,45.96305479365115,51.24969393063543,52.641692256754745,56.78331421430962
GKOS,2022-04-12,63.20000076293945,60.56999969482422,60.59000015258789,46.52905565656707,45.9021228102314,51.41433377102644,52.73957572579384,56.803476513078834
GKOS,2022-04-13,62.08000183105469,60.38999938964844,61.27000045776367,46.5149968345336,45.280954384052976,50.725782144556554,52.70713034599128,56.78825440024331
GKOS,2022-04-14,61.86000061035156,59.724998474121094,60.97999954223633,45.98740084252059,45.29796462920911,50.669689427362684,52.70890474326273,56.782176118829554
GKOS,2022-04-18,61.81999969482422,58.689998626708984,59.2599983215332,46.855690701478046,45.448362088582655,50.736275754910864,52.706888483745985,56.83791120987435
GKOS,2022-04-19,62.58000183105469,59.349998474121094,60.9900016784668,47.33324156644437,45.12784679586501,50.889325459212564,52.81039407423557,56.830514835842905
GKOS,2022-04-20,61.845001220703125,59.959999084472656,61.2599983215332,45.66062711970375,45.104209205996284,50.550701628870875,52.66684952961545,56.64206384343324
GKOS,2022-04-21,61.86000061035156,59.849998474121094,59.95000076293945,46.19818850897636,45.277979516023144,49.55015412684718,52.730900637005654,56.65869759630936
GKOS,2022-04-22,60.0099983215332,55.58000183105469,57.0,48.74528762397345,45.96290643074797,49.94142374497312,52.91773057006173,56.74947302580795
GKOS,2022-04-25,57.439998626708984,54.88999938964844,55.16999816894531,45.14734650303179,46.4980026972873,50.096386561689656,53.06374287135955,56.821101385717434
GKOS,2022-04-26,55.189998626708984,52.220001220703125,52.93000030517578,45.124260314171686,45.70624931402049,50.306635572879756,52.76759592725073,56.95520315774418
GKOS,2022-04-27,53.400001525878906,46.75,47.0099983215332,56.95318132081163,51.35227137894533,53.84367562316486,53.84241728072682,58.093075089880855
GKOS,2022-04-28,48.15999984741211,45.68000030517578,48.15999984741211,52.51852052935264,51.42407644173079,53.695452626037735,53.92009314609,58.10276106243587
GKOS,2022-04-29,48.90999984741211,46.68000030517578,47.290000915527344,51.224160033447696,51.272405769443615,53.61114724377409,53.94096755827049,58.11980610120497
GKOS,2022-05-02,48.20000076293945,46.72999954223633,48.040000915527344,51.544146174105165,51.329319947369214,53.193119779771706,53.95587021264912,58.13839414552936
GKOS,2022-05-03,49.01499938964844,47.470001220703125,48.310001373291016,51.59667715771252,51.27386393313292,53.14735328483422,53.95737566325703,58.10890186241184
GKOS,2022-05-04,48.10499954223633,44.95000076293945,47.5099983215332,50.996963979767514,51.25407851088091,52.93748568295386,53.99311072359999,58.12611471961038
GKOS,2022-05-05,47.400001525878906,43.029998779296875,44.90999984741211,52.867720612211535,52.19394602719141,53.469743439343375,54.291396988851204,57.708353833022585
GKOS,2022-05-06,44.810001373291016,41.27000045776367,41.349998474121094,57.152575714257445,54.513968641321334,55.08212518565511,55.15220792942641,58.25744340434559
GKOS,2022-05-09,40.775001525878906,34.814998626708984,35.209999084472656,71.00350313609043,63.116478612811,60.13370009055687,58.17804435384858,59.827083595385574
GKOS,2022-05-10,36.63999938964844,33.33000183105469,36.41999816894531,72.36635727648891,63.66257701805923,60.32636944091691,58.27140327943607,59.91559793634057
GKOS,2022-05-11,37.9900016784668,34.7599983215332,34.86000061035156,71.9566456019161,64.04202556527616,60.23976869842612,58.379591392342654,60.021718706012315
GKOS,2022-05-12,36.310001373291016,34.209999084472656,35.16999816894531,72.29766939898924,63.6340278875202,59.83183115502128,58.30501887780674,60.01379636213859
GKOS,2022-05-13,39.040000915527344,35.75,38.630001068115234,78.77006939728065,66.94426631636942,61.66759990936993,59.280573414703106,60.78469999559828
GKOS,2022-05-16,39.79999923706055,38.13999938964844,38.369998931884766,76.48762889822397,66.14515988371522,61.248639768400395,59.005346180723905,60.77613483369736
GKOS,2022-05-17,41.45000076293945,38.560001373291016,40.869998931884766,79.25472094768101,67.10371499859808,62.02819695610127,59.50397863737016,61.11148425208941
GKOS,2022-05-18,40.560001373291016,38.7599983215332,39.119998931884766,79.70671952137018,67.5388878988362,62.252918567670235,59.46300966835027,61.250699697535325
GKOS,2022-05-19,39.939998626708984,38.439998626708984,39.029998779296875,79.79182493042674,66.98239022396815,62.237240617312494,59.415983848060925,61.24845145087108
GKOS,2022-05-20,40.58000183105469,38.439998626708984,39.34000015258789,79.38201010139272,65.56875150335709,62.24750553330911,59.339686017592065,61.2519518986562
GKOS,2022-05-23,40.86000061035156,38.48500061035156,40.45000076293945,79.15782182608548,65.83812747084298,62.419820758381164,59.43543546309989,61.30597196421485
GKOS,2022-05-24,40.19499969482422,38.50199890136719,38.939998626708984,79.3858829066706,66.11998443837992,62.69065298096827,59.57727090224494,61.40080949973603
GKOS,2022-05-25,40.029998779296875,38.60100173950195,39.83000183105469,80.08042995228192,66.37657870538189,62.62866428403915,59.50971045885599,61.45215730237238
GKOS,2022-05-26,41.33000183105469,40.0,40.650001525878906,80.37595499032987,66.58623971497575,61.82802600104883,59.394216020631674,61.49463564165306
GKOS,2022-05-27,42.0,40.68000030517578,41.599998474121094,81.04721707749921,66.74304503517298,61.8885509465781,59.17703932841817,61.53798098965028
GKOS,2022-05-31,41.88999938964844,40.130001068115234,40.83000183105469,80.92935003181448,66.69706701438473,61.48425389954353,59.021785004258255,61.558025508760906
GKOS,2022-06-01,41.79999923706055,39.5099983215332,40.9900016784668,80.14666178409547,66.59564533874648,61.37521251916317,59.023389255258294,61.553110850883165
GKOS,2022-06-02,43.77000045776367,40.650001525878906,43.540000915527344,82.81306243491915,67.54867158325209,61.66514461121947,59.32076826407655,61.87138405126843
GKOS,2022-06-03,43.2400016784668,41.64500045776367,42.880001068115234,82.76534042664271,67.49443357260081,61.66913400428593,59.2917215648534,61.88385356135968
GKOS,2022-06-06,44.459999084472656,42.83000183105469,43.61000061035156,82.28732331878406,67.58277893267459,59.47017270809274,59.27313427035028,61.795788993610834
GKOS,2022-06-07,45.369998931884766,42.79999923706055,45.31999969482422,83.0834515138411,66.7187428937545,59.24321743867898,59.26671909780828,61.88030924665846
GKOS,2022-06-08,46.9900016784668,44.790000915527344,45.72999954223633,82.52714416917848,66.23238728197462,59.09798682394057,59.248595568806806,61.88518356303143
GKOS,2022-06-09,46.2400016784668,43.63999938964844,43.75,76.19352381361811,66.69464288500096,59.227969654535094,59.46742823946817,62.02799104594229
GKOS,2022-06-10,44.13999938964844,42.54999923706055,43.81999969482422,75.78947991686245,64.64619259982332,58.99333976116434,59.386982530877475,61.997197056153475
GKOS,2022-06-13,43.83000183105469,41.41999816894531,43.16999816894531,75.73863298278623,64.12947805942562,59.03089498946665,59.24727221201426,62.00110961663956
GKOS,2022-06-14,44.2400016784668,41.529998779296875,42.06999969482422,75.80090756021347,64.26667392616302,58.964359581051895,59.32041207729607,62.043687871613294
GKOS,2022-06-15,45.334999084472656,42.474998474121094,44.09000015258789,77.20735770347645,65.11176985114136,59.245273695565274,59.573276819354895,62.239457076523976
GKOS,2022-06-16,42.81999969482422,41.2400016784668,42.220001220703125,77.99870626296952,65.34964786394023,59.61471447244083,59.72409657377297,62.3339332074716
GKOS,2022-06-17,45.36000061035156,42.810001373291016,43.4900016784668,76.9562238329222,65.61801013961417,59.79986558796839,59.81512999148738,62.41547019321221
GKOS,2022-06-21,44.79999923706055,43.20000076293945,43.25,73.00248025198141,65.6063777119647,59.57326373904306,59.811129103138086,62.359849157716795
GKOS,2022-06-22,44.25,42.23500061035156,43.939998626708984,54.494334207127814,65.4449007001488,59.62988624975062,59.551823759815214,62.37276525354913
GKOS,2022-06-23,46.119998931884766,44.15999984741211,45.15999984741211,54.255870252171576,65.76462180482035,58.98260009704762,59.63910024556348,62.4094060080607
GKOS,2022-06-24,47.5,45.3650016784668,47.2599983215332,53.126588438981,66.31986049448703,59.221641312415095,59.8579551262967,62.59384151123345
GKOS,2022-06-27,48.91999816894531,46.80500030517578,47.650001525878906,53.12824758794659,66.35555326745235,59.137902768338066,59.86199471441706,62.602383114744576
GKOS,2022-06-28,48.369998931884766,45.529998779296875,45.61000061035156,49.10265255346851,66.82576402786671,59.382001306729926,60.05225623441001,62.70925903407837
GKOS,2022-06-29,45.779998779296875,44.70000076293945,45.75,48.971391168005916,65.89560495397691,59.351378946264234,60.03909704334131,62.66007401940358
GKOS,2022-06-30,45.689998626708984,43.560001373291016,45.41999816894531,45.97720586050952,65.72254753426814,59.3186595577453,59.673835074841186,62.56173886218737
GKOS,2022-07-01,47.75,45.11000061035156,47.65999984741211,45.477464084791414,66.6182657657312,59.79554057939335,59.944164472140436,62.76432293534706
GKOS,2022-07-05,47.61000061035156,45.790000915527344,47.36000061035156,45.56034818598035,66.58354160084481,59.69632799051831,59.94684858076228,62.73638389599988
GKOS,2022-07-06,47.790000915527344,46.650001525878906,46.84000015258789,45.83772164253344,66.39524965235417,59.668161260894436,59.64480379776403,62.74178732197346
GKOS,2022-07-07,48.16999816894531,46.9900016784668,47.369998931884766,45.395795487423754,66.03348773357635,59.65695787721235,59.64224254874013,62.73693347633088
GKOS,2022-07-08,49.529998779296875,46.0099983215332,48.83000183105469,44.033492680515764,66.28637795285981,59.830663578466435,59.73193075565728,62.64033116739808
GKOS,2022-07-11,48.41999816894531,45.834999084472656,47.060001373291016,45.615833824156674,66.47985809553482,60.012061232058954,59.888228585983214,62.734510395355514
GKOS,2022-07-12,51.150001525878906,47.310001373291016,48.41999816894531,45.90445778759993,66.74533415560579,59.97743236185532,59.96838626511529,62.80211001693016
GKOS,2022-07-13,49.27000045776367,47.11000061035156,48.66999816894531,45.611473985052655,66.77092931571012,59.98360706951028,59.926107035746156,62.65218501452466
GKOS,2022-07-14,49.224998474121094,47.810001373291016,49.099998474121094,45.05135306101769,66.61613906994404,59.3698297097904,59.93379944128171,57.871901469460695
GKOS,2022-07-15,50.43000030517578,48.970001220703125,50.41999816894531,45.42909499667026,66.57175190932695,59.12049936281133,59.978087213841,57.852530367234365
GKOS,2022-07-18,51.880001068115234,48.7400016784668,49.18000030517578,43.38646358435705,66.70001718862024,59.174929032627766,59.90975468810322,57.87655646585056
GKOS,2022-07-19,50.959999084472656,49.540000915527344,50.2400016784668,43.26569640441332,66.78676991014547,58.964733022356164,59.43895588697412,57.905786569192706
GKOS,2022-07-20,51.07500076293945,49.779998779296875,50.09000015258789,43.18594750693373,66.04877437498496,58.102232978063796,59.44018177325477,55.61425974047626
GKOS,2022-07-21,51.05500030517578,49.77000045776367,50.58000183105469,42.016397816078275,65.78391912119703,58.09604516530194,59.42616874822577,55.50194376522103
GKOS,2022-07-22,51.11000061035156,48.65999984741211,49.9900016784668,42.216578944516684,65.29219428079756,58.102908404125756,59.34001045402745,55.51164775297658
GKOS,2022-07-25,51.56999969482422,49.47999954223633,51.029998779296875,40.039818872965135,60.64508955745912,58.199267640874865,55.82574217559709,55.54956944624877
GKOS,2022-07-26,51.7400016784668,49.67499923706055,50.95000076293945,40.074609669508625,60.46088389460853,58.19524471398204,55.72034919820429,55.40650747252668
GKOS,2022-07-27,52.90999984741211,50.9900016784668,52.61000061035156,40.353920079446915,60.658028166334375,58.33173811446678,55.691876571686635,55.496212731313875
GKOS,2022-07-28,54.08000183105469,52.09000015258789,53.70000076293945,39.34225459761363,60.71278493334689,58.380609926170436,55.31521796677392,55.49902153055339
GKOS,2022-07-29,54.06999969482422,52.7400016784668,53.849998474121094,37.60450671147198,60.70810253378326,58.3324290554502,55.18694273443282,55.49678871796018
GKOS,2022-08-01,55.099998474121094,52.790000915527344,52.84000015258789,35.38416364171923,60.73893222228761,58.09215420716636,55.14156163891709,55.445186002646864
GKOS,2022-08-02,53.880001068115234,52.19900131225586,53.27000045776367,34.75725109057925,59.53184176646986,58.06322545892222,55.13190250193279,55.45090567370629
GKOS,2022-08-03,54.38999938964844,53.125,53.349998474121094,34.600458161117395,56.809650048964265,58.04811106096892,55.11307995566747,55.35764834721451
GKOS,2022-08-04,54.25,50.099998474121094,53.5,34.51733990356041,45.229507612318386,56.98420383365905,54.96167865627264,55.355572404199584
GKOS,2022-08-05,53.435001373291016,51.630001068115234,52.97999954223633,34.24811828846024,45.00682086609987,56.605458331123494,54.91289689587025,55.248881219399436
GKOS,2022-08-08,54.14500045776367,51.84000015258789,52.33000183105469,32.4106469446865,43.96349141712915,56.57541012911954,54.9227302826487,55.262912879275106
GKOS,2022-08-09,52.52000045776367,49.91999816894531,50.06999969482422,35.16982144023523,45.18120865944976,55.67729458917392,54.83846986399647,55.076436699387045
GKOS,2022-08-10,51.33000183105469,48.9900016784668,50.369998931884766,32.437847438756755,41.29735613485671,55.355120870748706,54.79720843438665,54.541104524751304
GKOS,2022-08-11,51.43000030517578,49.88999938964844,50.0,32.58539516645391,41.30471022140886,55.361840841657795,54.72898951997179,54.54557720818192
GKOS,2022-08-12,50.88999938964844,50.0,50.380001068115234,32.46503086101203,39.460068395844274,55.35530057568607,54.72969326529915,54.535124976394556
GKOS,2022-08-15,53.119998931884766,49.79999923706055,52.72999954223633,32.16711410456082,39.13791343417163,55.70632695262802,54.797746387687795,54.71104589404894
GKOS,2022-08-16,53.060001373291016,51.08000183105469,52.7599983215332,32.04868576222406,39.11952015757171,55.59507714675508,54.24694332282076,54.70943709458652
GKOS,2022-08-17,52.42399978637695,50.619998931884766,51.09000015258789,33.44168709790195,39.84854313082346,55.82096296008865,54.237093487384854,54.80553909551623
GKOS,2022-08-18,51.25,49.900001525878906,51.119998931884766,33.352838082732454,39.553247165396584,55.659204792776805,54.16592004205615,54.72569730953274
GKOS,2022-08-19,50.72999954223633,49.25,50.08000183105469,32.92433539300614,38.91831304307221,55.744909647649365,54.095884903669635,54.7609080404635
GKOS,2022-08-22,50.11000061035156,48.810001373291016,49.04999923706055,31.622226212058585,39.05724320941913,55.69893031959205,54.15495472201341,54.711510853337785
GKOS,2022-08-23,49.7599983215332,48.439998626708984,49.40999984741211,30.62456954040089,38.90715440739186,55.70843491242052,54.015956234177956,54.678079203621124
GKOS,2022-08-24,52.68000030517578,49.26900100708008,52.0,33.92467875875235,39.92653353879678,56.30817073544891,54.24001736144456,54.84925108942961
GKOS,2022-08-25,52.84000015258789,52.040000915527344,52.59000015258789,33.97425993570601,39.6799330670145,55.748853703769406,53.99754540235444,54.803691601811764
GKOS,2022-08-26,52.58000183105469,49.47999954223633,49.88999938964844,36.71259948236853,41.359542848766516,56.24630081211271,54.34268748880257,54.97114367295632
GKOS,2022-08-29,49.310001373291016,47.81999969482422,48.0,37.711447135075815,40.49022239112776,56.534970207996835,54.391711752140935,54.90389808611881
GKOS,2022-08-30,48.54499816894531,47.7599983215332,48.029998779296875,37.1284107912095,40.33760219287512,56.502415200671265,54.25720220718072,54.901369009535614
GKOS,2022-08-31,49.165000915527344,48.02000045776367,48.54999923706055,37.29417612490233,40.25995458801592,56.42054756772868,54.26694151463873,54.73396287616785
GKOS,2022-09-01,48.91999816894531,46.900001525878906,48.84000015258789,37.21528578817218,39.53995876266048,56.161677118670326,53.94915197598489,54.69587195400841
GKOS,2022-09-02,50.900001525878906,48.41999816894531,48.83000183105469,37.080603080274464,39.50780058707611,56.04594611039848,53.913437079324,54.63470444497089
GKOS,2022-09-06,49.20000076293945,47.630001068115234,48.099998474121094,36.733004299329075,38.51677537993004,55.9566572842964,53.63043702164823,54.64197862156075
GKOS,2022-09-07,60.91999816894531,51.4900016784668,57.0099983215332,61.905705901491906,51.71176228836789,62.2525198746977,57.031534288109555,57.243707819855885
GKOS,2022-09-08,59.599998474121094,56.439998626708984,58.380001068115234,61.62147994523674,51.701951953728376,62.36983152454748,57.03296369518137,57.175988702902515
GKOS,2022-09-09,58.529998779296875,55.86000061035156,56.29999923706055,62.44940309348398,52.012238057932905,62.46979714218328,56.98588161482457,57.14961751878926
GKOS,2022-09-12,58.81999969482422,56.599998474121094,58.4900016784668,63.34418137875306,51.740714387816446,62.59944121533289,57.1184889303035,57.04652624615735
GKOS,2022-09-13,57.345001220703125,55.779998779296875,56.27000045776367,64.18543361674547,51.56494347985596,62.88810271413574,57.24539034129147,57.02780585193332
GKOS,2022-09-14,56.84000015258789,55.279998779296875,56.83000183105469,64.20217248036145,51.31675973072626,62.82218007573328,57.23839821253161,57.03336653975164
GKOS,2022-09-15,57.290000915527344,56.119998931884766,56.84000015258789,64.20449615341731,51.28260085707722,62.31003533399332,57.22814859090371,56.93067592561453
GKOS,2022-09-16,57.709999084472656,55.33000183105469,57.66999816894531,64.30480139165766,51.270827130483056,62.13120666107498,57.249766636913776,56.91402085950479
GKOS,2022-09-19,57.369998931884766,55.099998474121094,57.040000915527344,64.32594433101583,51.14315472693997,61.79565560325385,57.26457324003482,56.88811926065105
GKOS,2022-09-20,57.040000915527344,55.5,56.2400016784668,64.36360142055392,50.52906352635961,58.81259718251558,57.16551328760063,56.755481058096024
GKOS,2022-09-21,56.9900016784668,54.279998779296875,54.63999938964844,63.55027834053736,50.93217472406623,58.901453573310626,56.772216707741286,56.80614018095421
GKOS,2022-09-22,54.08000183105469,50.16999816894531,51.369998931884766,66.23781682162891,51.75175326197381,59.66720254356503,57.20636303294611,57.13996617594087
GKOS,2022-09-23,50.81999969482422,49.38999938964844,50.38999938964844,66.45230519026539,51.933753267951865,59.703259283418134,56.955669889735795,57.11597108207871
GKOS,2022-09-26,51.3849983215332,49.689998626708984,50.25,66.42104880927616,51.90934193237542,59.69977089684647,56.89788811250289,56.99017722852978
GKOS,2022-09-27,52.025001525878906,50.470001220703125,51.11000061035156,65.2178361930586,51.104693276311274,59.69364872240697,56.65647041277012,57.01550765867008
GKOS,2022-09-28,53.470001220703125,51.33000183105469,53.0099983215332,66.12007208911606,51.58803734744492,59.253508350293195,56.79949461484123,57.116825651758376
GKOS,2022-09-29,54.08000183105469,51.61000061035156,53.529998779296875,65.45231298308086,51.541667510293564,57.704564712387075,55.504283112124284,57.07321005171768
GKOS,2022-09-30,55.91999816894531,53.22999954223633,53.2400016784668,65.48329096716287,51.53027906424187,51.44238229807384,55.14704075843638,57.06092321274765
GKOS,2022-10-03,54.95000076293945,52.81999969482422,53.060001373291016,65.17248036679513,51.19866388264255,51.234993682835515,55.05881139224642,57.0582701720415
GKOS,2022-10-04,56.880001068115234,55.54999923706055,56.36000061035156,66.93314723825482,51.96472328299884,51.44125255864083,55.38161060970592,57.14657961484193
GKOS,2022-10-05,57.2400016784668,55.08000183105469,56.900001525878906,66.94398767757762,51.71227819893767,51.442733716620445,55.232300412151666,57.15205003074514
GKOS,2022-10-06,57.18000030517578,56.16999816894531,56.81999969482422,65.49646834795382,51.716413589578956,49.42966919759543,55.232124509682244,57.132246525438205
GKOS,2022-10-07,56.40999984741211,54.91999816894531,55.33000183105469,65.99526807505664,52.04179714248457,49.63767534149329,55.231219639780484,57.19596563786868
GKOS,2022-10-10,55.09000015258789,52.7599983215332,53.58000183105469,64.78017887637326,52.2487831292188,49.032823681627605,55.208279604669066,57.26202815062255
GKOS,2022-10-11,54.20000076293945,51.08000183105469,52.650001525878906,63.90220921244796,52.11399146754388,48.57445910945879,55.24567078481789,57.27923867726634
GKOS,2022-10-12,52.5989990234375,51.48500061035156,52.130001068115234,64.01053327802714,51.9903036020413,48.61058140323669,55.238556387523296,57.016991008074456
GKOS,2022-10-13,54.36000061035156,50.18000030517578,53.290000915527344,64.21573998257072,52.16836540317479,48.6990450084489,55.14623820811643,57.055007980468005
GKOS,2022-10-14,54.9900016784668,53.564998626708984,53.779998779296875,64.23475656766115,52.16435490314403,48.54707297720067,55.15070521619838,57.06035346395761
GKOS,2022-10-17,56.29999923706055,53.93000030517578,54.72999954223633,64.35795792412738,52.20318887335856,48.15535917724004,54.72233400575865,56.84342300966549
GKOS,2022-10-18,57.165000915527344,54.31999969482422,54.84000015258789,64.1128456895912,52.05177460163267,48.05727875363212,54.597085669043786,56.832031053688844
GKOS,2022-10-19,53.810001373291016,51.709999084472656,53.349998474121094,41.276875249870265,52.38199702839328,48.223058627320235,54.640381536107576,56.89046573606987
GKOS,2022-10-20,54.68000030517578,53.07500076293945,54.619998931884766,41.264869019431494,52.193066091022764,48.227676931905094,54.61699206644206,56.93270329369543
GKOS,2022-10-21,55.25,53.86000061035156,54.9900016784668,40.0451341381548,52.045182165881364,48.10918342365927,54.606664568324994,56.92460159069316
GKOS,2022-10-24,55.29999923706055,53.880001068115234,54.150001525878906,38.497343351730905,52.142772030159264,48.19716762828531,54.61951977742071,56.912540684151644
GKOS,2022-10-25,56.189998626708984,53.380001068115234,54.2599983215332,36.9551422548218,51.992826831215744,47.30495253520708,54.59490262891822,56.91243059753681
GKOS,2022-10-26,57.08000183105469,54.79999923706055,56.130001068115234,38.21402396996366,52.421734214240125,47.48599615604583,54.688482141109674,56.9819390223432
GKOS,2022-10-27,57.0099983215332,55.59000015258789,57.0,38.487505431644166,52.505959107284504,47.47518271148331,54.69736135306814,56.888942856011404
GKOS,2022-10-28,58.25,56.66999816894531,57.75,38.443365580611456,52.56230126797995,47.15807639588553,54.68266806915288,56.51508681256193
GKOS,2022-10-31,57.599998474121094,56.040000915527344,56.06999969482422,39.272104293532244,52.89442002682002,47.417099296877915,54.76504381161128,56.596791782931945
GKOS,2022-11-01,56.90999984741211,54.439998626708984,54.58000183105469,39.82774723489294,53.13492397247758,47.06485574818763,54.79789701702214,56.64715364228788
GKOS,2022-11-02,55.93000030517578,53.380001068115234,53.40999984741211,39.44319288076403,52.52068776990294,47.217268381265946,54.73295367933228,56.6129025436968
GKOS,2022-11-03,52.02000045776367,46.84000015258789,48.2599983215332,45.91748168164626,56.548045706633246,49.92283844999728,56.02490970439037,54.91456394786107
GKOS,2022-11-04,48.84000015258789,46.22999954223633,48.66999816894531,45.71868321748579,56.56149499785334,49.74846859567823,55.655327812071,54.84474661514761
GKOS,2022-11-07,49.08000183105469,47.04999923706055,47.04999923706055,46.69108699520908,56.9463662831112,49.52196737668644,55.560476171200044,54.827288008623185
GKOS,2022-11-08,48.869998931884766,46.02000045776367,48.81999969482422,47.74929388383114,56.66979468311434,49.34606071054961,55.68914244267014,54.64816274336643
GKOS,2022-11-09,49.970001220703125,47.65999984741211,49.29999923706055,46.51216004881132,56.71411514042468,49.15770564794846,55.519692798240406,54.566552598447124
GKOS,2022-11-10,53.06999969482422,51.29499816894531,51.91999816894531,48.99624600624731,57.35774495415442,49.79411122038255,55.362579265139054,54.748389622206126
GKOS,2022-11-11,52.790000915527344,51.5099983215332,51.97999954223633,48.98186900937741,57.357997739598375,49.743548267296106,55.346685350783275,54.7355398339714
GKOS,2022-11-14,52.099998474121094,50.290000915527344,50.40999984741211,49.73953682509836,57.552049289304705,49.83352552463586,55.45330190781339,54.80868805520952
GKOS,2022-11-15,52.20000076293945,50.54999923706055,50.70000076293945,46.213590856369926,57.3972920070744,49.33003860017296,55.455098038195814,54.704655593250315
GKOS,2022-11-16,50.849998474121094,49.470001220703125,50.130001068115234,46.096270597863274,57.430438946575016,49.35168385017924,55.46727650344118,54.67075419161053
GKOS,2022-11-17,49.540000915527344,47.86000061035156,48.15999984741211,47.24022059710885,57.02082738665102,49.271380350740266,55.61124645063423,54.810667420818824
GKOS,2022-11-18,49.39500045776367,47.93899917602539,48.880001068115234,47.16054887759714,57.05894460710687,49.32214335091046,55.614122735935844,54.59201783986075
GKOS,2022-11-21,49.220001220703125,47.20000076293945,47.27000045776367,47.23195339006296,56.45109192383501,49.60445936037303,55.71874139703669,54.6619225561805
GKOS,2022-11-22,47.529998779296875,46.529998779296875,47.220001220703125,47.068790783260525,55.901257677688335,49.01045706249206,55.54085905192999,54.60928943529719
GKOS,2022-11-23,48.209999084472656,46.709999084472656,47.439998626708984,47.08887566021141,55.910098119573234,49.005929184590734,55.517042184237006,54.607413893599535
GKOS,2022-11-25,47.65999984741211,47.08000183105469,47.130001068115234,46.487038944118,55.87757642331632,48.985339394504585,55.51089876958222,54.46908554845178
GKOS,2022-11-28,47.279998779296875,46.310001373291016,46.459999084472656,46.403461955448115,55.932061267169075,49.004829056808305,54.93543921284755,54.10139003497845
GKOS,2022-11-29,46.68000030517578,45.41999816894531,45.619998931884766,46.060351247422645,56.045495326073905,48.84066041250802,54.75729299763844,54.02905267537291
GKOS,2022-11-30,46.93000030517578,44.71500015258789,46.56999969482422,46.65550685392933,56.14354720968653,48.607328481021554,54.76976434395351,54.0195736300895
GKOS,2022-12-01,49.220001220703125,46.724998474121094,48.65999984741211,48.28194711274241,44.53917363204912,48.89879167793022,54.253277178201756,54.104751097399685
GKOS,2022-12-02,48.07500076293945,46.540000915527344,47.81999969482422,47.77784186600957,44.2957925011532,48.97001554680813,54.10246510000029,54.13334661176871
GKOS,2022-12-05,47.369998931884766,45.279998779296875,45.880001068115234,48.826072551240834,44.4711395038423,49.382787873783066,54.31373578619022,54.196806561643804
GKOS,2022-12-06,45.68000030517578,43.380001068115234,44.04999923706055,49.78908651124876,44.25877560741871,49.592806788451924,54.503514376050624,54.277838976052706
GKOS,2022-12-07,45.31999969482422,43.54999923706055,45.27000045776367,50.71332225784134,44.162338440632766,49.65438132222229,54.52603361286686,54.15586074182197
GKOS,2022-12-08,46.029998779296875,44.86000061035156,45.41999816894531,49.37849541561415,44.09668466001321,49.5319955809059,54.46896859639108,54.13477525532821
GKOS,2022-12-09,45.4900016784668,44.775001525878906,45.459999084472656,48.98318157835316,44.09958925688308,49.531864914200874,54.46809664674003,54.02970377887666
GKOS,2022-12-12,46.540000915527344,44.689998626708984,45.060001373291016,48.59204604535671,43.94683176041164,49.51743833409517,54.381868400817076,53.943616192737586
GKOS,2022-12-13,48.040000915527344,45.459999084472656,45.5099983215332,48.43801294195888,44.016203960379464,49.51910003558964,54.3976869707247,53.950439775289205
GKOS,2022-12-14,46.02000045776367,43.95000076293945,44.220001220703125,48.50612310042007,44.26471392007033,49.59251515211328,54.420824322424956,53.793545553732145
GKOS,2022-12-15,43.790000915527344,42.88999938964844,43.31999969482422,48.47812232297054,44.09803846621891,49.68541970787783,54.4628585677846,53.805517498739775
GKOS,2022-12-16,42.95000076293945,41.79999923706055,42.47999954223633,39.62219612823461,42.55599895763443,49.47010180586363,54.490251012204716,53.62231411196847
GKOS,2022-12-19,42.65999984741211,41.33000183105469,42.290000915527344,39.438504261542526,42.42484665646601,49.3377976956635,54.14354465266015,53.44902068430206
GKOS,2022-12-20,44.040000915527344,42.150001525878906,42.599998474121094,38.588157838606556,42.47657324963682,49.355058217583476,54.10129036509231,53.415725421654024
GKOS,2022-12-21,44.08000183105469,42.6150016784668,43.58000183105469,37.506574035423434,42.60737458335206,49.44182723457203,54.17514574642367,53.28190309255646
GKOS,2022-12-22,43.27000045776367,41.40999984741211,43.08000183105469,37.34505493040134,41.852454784969,49.438716098600906,54.16567813992857,53.262534360199155
GKOS,2022-12-23,43.16999816894531,42.09000015258789,42.630001068115234,33.33700884961273,41.78506342612528,49.453030121207355,54.10781097614104,53.21256232656476
GKOS,2022-12-27,42.59000015258789,40.689998626708984,40.81999969482422,34.90263720827015,42.56526072254476,49.87481960097256,54.17180985280078,53.3767339092522
GKOS,2022-12-28,41.369998931884766,40.45000076293945,41.279998779296875,34.65430601547192,42.68538720190782,49.91034014605053,54.12778847100401,53.38416433723396
GKOS,2022-12-29,42.959999084472656,41.52000045776367,42.529998779296875,36.077722450170754,41.14603026643654,50.1469917402709,54.186974325244094,53.4693542360361
GKOS,2022-12-30,43.97999954223633,41.86000061035156,43.68000030517578,37.24030932932145,41.54732423275909,49.89417935457086,54.2709565723334,53.536000663141294
GKOS,2023-01-03,44.5,42.47999954223633,43.880001068115234,35.76091442954687,41.58378185047865,49.88941588677026,54.27522288690425,53.44848307341221
GKOS,2023-01-04,45.43000030517578,44.0,44.349998474121094,35.5986428039177,41.43198700997041,49.916356443641995,54.20123514410369,53.06048068898031
GKOS,2023-01-05,45.040000915527344,43.44499969482422,44.63999938964844,34.516433132335706,41.05381444161608,49.9119241021438,54.08943519161539,53.03232553496963
GKOS,2023-01-06,45.959999084472656,44.279998779296875,45.16999816894531,34.74446816079948,41.05212928210225,49.39097418581394,54.10831526340512,52.821570845009305
GKOS,2023-01-09,45.5,44.125,44.68000030517578,34.79853169198549,41.06014902712051,49.41205001551078,54.067623102166564,52.7846843686074
GKOS,2023-01-10,45.79999923706055,44.029998779296875,45.34000015258789,35.099169698723706,40.89964768975734,49.235094160845925,53.7880332531237,52.58858893882257
GKOS,2023-01-11,46.63999938964844,45.040000915527344,46.150001525878906,35.29301040687252,41.04279270274155,49.32578486455168,53.70455804654427,52.60368413107297
GKOS,2023-01-12,48.5099983215332,45.45000076293945,48.45000076293945,37.57460852453956,42.17269184541884,49.84850592625195,53.80682493001997,51.8207972799975
GKOS,2023-01-13,50.22999954223633,48.279998779296875,49.209999084472656,37.385494852175185,42.319409159160486,49.802839462080975,51.97091595751148,51.573489630523014
GKOS,2023-01-17,49.58000183105469,48.5,49.11000061035156,35.20116861061956,41.97822665199351,49.790161879409155,51.893591259591076,51.50339348581989
GKOS,2023-01-18,49.7599983215332,48.20000076293945,48.68000030517578,34.911587345363735,41.680697357388794,49.1272523414683,51.858646731994625,51.401338960792046
GKOS,2023-01-19,48.959999084472656,47.79999923706055,48.33000183105469,32.67080951517196,41.654883467102024,49.10054748779315,51.83270557114796,51.288084045463364
GKOS,2023-01-20,48.68000030517578,47.310001373291016,48.529998779296875,30.092495718469408,41.58189401758206,48.39639029149116,51.830767447819184,51.28976480254654
GKOS,2023-01-23,49.5,48.290000915527344,49.13999938964844,29.358908985414132,41.678490752044,48.04447710482614,51.8132431544896,51.23046812273708
GKOS,2023-01-24,49.47999954223633,48.16999816894531,48.16999816894531,30.083475460963065,41.175004783195845,48.15098830920086,51.43268954253715,51.151457214140216
GKOS,2023-01-25,48.189998626708984,47.040000915527344,47.95000076293945,30.142019529633124,41.00661464444049,48.12548371831139,50.480301806617454,51.151692162981796
GKOS,2023-01-26,48.38999938964844,47.060001373291016,48.18000030517578,29.983292313715502,40.90395049200753,48.12207882954853,46.67817433214043,51.13962263770293
GKOS,2023-01-27,48.279998779296875,47.150001525878906,48.040000915527344,29.927538920463725,40.52935726558572,48.12409326763855,46.525198688712806,51.02614501325028
GKOS,2023-01-30,48.768001556396484,47.369998931884766,48.279998779296875,28.497275617662467,40.2368555623355,48.07129444040104,46.2132508966921,51.02542636386565
GKOS,2023-01-31,49.5,48.15999984741211,49.04999923706055,27.834469623817483,40.1894018147062,39.702804006348416,46.23555850422261,50.685053534299485
GKOS,2023-02-01,49.9900016784668,48.349998474121094,49.7599983215332,27.048366624674614,34.48748678380074,39.57872767886377,44.947909508180835,50.60649119181455
GKOS,2023-02-02,52.790000915527344,49.5,52.47999954223633,30.223782964294315,36.11000039321112,40.12869906887885,45.35296830493037,50.845969846174114
GKOS,2023-02-03,53.32400131225586,51.52000045776367,51.52000045776367,31.124916306349355,35.60511908437101,39.73761414391227,44.82271574061532,50.80762044493701
GKOS,2023-02-06,51.22999954223633,48.88999938964844,49.90999984741211,32.600832028749124,35.46892909143725,39.586112248202866,44.67502677952411,50.89295444220695
GKOS,2023-02-07,49.79999923706055,48.349998474121094,49.52000045776367,32.45994987413344,35.453035556211994,39.559659619469926,44.68622215850977,50.8838497977247
GKOS,2023-02-08,49.72999954223633,48.54999923706055,48.91999816894531,32.53206990308023,33.856163110686126,39.59599481709765,44.70778813531656,50.87724651828094
GKOS,2023-02-09,51.16999816894531,49.16999816894531,49.290000915527344,29.182005349215167,33.89866436499013,39.53978267802086,44.602079323266615,50.839915762943065
GKOS,2023-02-10,50.59000015258789,48.7400016784668,50.45000076293945,29.565318423021807,33.6758803420155,39.70561105384258,44.434186870882755,50.8777865490041
GKOS,2023-02-13,50.85499954223633,49.82500076293945,50.2599983215332,28.875524238706358,33.6632428824394,39.65399624902505,44.36689813388897,50.85280825005767
GKOS,2023-02-14,51.9900016784668,49.80500030517578,50.47999954223633,28.17339442968938,33.59447009809512,39.41245485593119,44.31034050631342,50.83292337122032
GKOS,2023-02-15,52.709999084472656,50.290000915527344,52.2400016784668,29.43699134064039,33.24803243964517,38.57230865298793,44.40765904172715,50.904893742637235
GKOS,2023-02-16,53.0,51.040000915527344,51.63999938964844,29.82070811766721,33.23079173477434,38.49279074208856,44.37056245893195,50.820850611731125
GKOS,2023-02-17,52.29999923706055,51.040000915527344,51.599998474121094,29.864873628239735,32.4511736671473,38.49009127691676,44.37015182419034,50.81878591747094
GKOS,2023-02-21,50.95500183105469,49.801998138427734,50.220001220703125,31.175908893387778,32.972496642272624,38.63887740242951,43.935510081469204,50.58814752825701
GKOS,2023-02-22,50.68000030517578,49.13999938964844,50.43000030517578,30.87386589221877,32.970410662734245,38.19605309511312,43.89562389764643,50.40134139231718
GKOS,2023-02-23,49.720001220703125,46.029998779296875,48.849998474121094,32.3868275334747,33.61897564622547,38.481272550733166,44.02418887232547,50.46561838996412
GKOS,2023-02-24,48.310001373291016,47.20000076293945,47.599998474121094,33.06631314963192,33.92160102408455,38.679448220339204,43.904226932146926,50.388491115717095
GKOS,2023-02-27,48.630001068115234,47.36000061035156,47.5099983215332,29.829642325748583,33.70244087083894,38.67794647210729,43.89264261363948,49.99224144199872
GKOS,2023-02-28,48.2400016784668,46.869998931884766,47.22999954223633,29.462168123886627,33.46991884981493,37.408061613658276,43.57900543670267,49.981698684161564
GKOS,2023-03-01,49.36000061035156,46.974998474121094,48.5099983215332,30.5654007759773,32.68935062137088,37.63937732166533,43.689931184294615,50.04852384762072
GKOS,2023-03-02,49.34000015258789,48.02000045776367,49.150001525878906,30.70214020564453,32.595259324752504,37.71167358230974,43.67581342210444,50.06458504357231
GKOS,2023-03-03,50.900001525878906,48.880001068115234,50.369998931884766,31.39511778623854,31.767911497892747,37.717451090349144,43.651365962215316,50.124523285935275
GKOS,2023-03-06,51.11000061035156,48.689998626708984,48.70000076293945,32.98291059884574,31.401059293188016,37.75147884173147,43.499934535464995,50.19227860023931
GKOS,2023-03-07,49.52000045776367,47.0099983215332,47.20000076293945,33.98088710369253,31.652517840025713,37.96795993684131,43.35184007074684,50.26601722476467
GKOS,2023-03-08,47.68000030517578,46.7599983215332,47.619998931884766,33.63477298223715,31.692501825005515,37.97382093255139,43.22557012561414,50.25075196747396
GKOS,2023-03-09,49.119998931884766,46.2400016784668,46.58000183105469,34.20227130552652,32.03714373675329,37.94163426642891,43.302386157047394,50.15499851707127
GKOS,2023-03-10,46.4900016784668,44.54499816894531,45.36000061035156,34.941566943118644,32.45796146209051,38.112933587719226,43.38015370388215,50.200914623424296
GKOS,2023-03-13,46.560001373291016,44.2599983215332,45.25,34.94076793182055,32.39693547660329,37.988308122833196,43.26014838268789,50.193067658071875
GKOS,2023-03-14,47.59000015258789,45.939998626708984,47.400001525878906,37.62088535094957,33.20949309711265,38.75121070614155,43.27459870946546,49.94037591548757
GKOS,2023-03-15,48.59000015258789,46.38199996948242,48.16999816894531,37.63203812335462,33.03509565124822,38.62262389375024,43.30573985076745,49.79304570644143
GKOS,2023-03-16,50.810001373291016,47.619998931884766,49.40999984741211,38.14660067742664,33.08009622795692,38.654358287293135,43.093344650178366,49.82497749244029
GKOS,2023-03-17,49.75,47.86000061035156,48.02000045776367,35.45540870081368,33.659711415348184,38.87940342619102,43.228288221870265,49.30543698558041
GKOS,2023-03-20,48.915000915527344,48.0099983215332,48.540000915527344,35.35694294833463,33.6900119833505,38.86078133368605,43.236772160918576,49.17292584665168
GKOS,2023-03-21,50.17499923706055,49.15999984741211,49.27000045776367,34.52080511660321,33.5238501327594,38.94102070459921,42.89741957586099,49.1964025589377
GKOS,2023-03-22,50.17499923706055,48.400001525878906,48.459999084472656,34.775604666198426,33.62677063537024,38.61408710842396,42.936474849142904,49.21146209120335
GKOS,2023-03-23,49.11000061035156,47.91999816894531,48.209999084472656,34.633670732532906,33.560092805433186,38.52352508139658,42.92059769611679,49.15166925609488
GKOS,2023-03-24,49.57500076293945,47.79999923706055,49.349998474121094,35.25105286225077,32.470713215576424,38.65833927576351,42.98859217050336,49.16010840995444
GKOS,2023-03-27,51.06999969482422,49.41999816894531,50.83000183105469,35.65573781098198,32.879812331779306,38.70847396965595,42.980737148598365,49.25082595408847
GKOS,2023-03-28,51.0,49.17499923706055,49.560001373291016,36.40496088887255,32.9330962541622,38.68150094433542,42.86119577020819,49.24398986806031
GKOS,2023-03-29,50.38999938964844,48.880001068115234,49.189998626708984,36.43037170221452,32.606659146743326,38.553604449031546,42.73916418794953,49.24838658440361
GKOS,2023-03-30,50.14500045776367,49.13100051879883,49.25,34.88721996946392,32.6025278689229,35.01915305590963,42.735140089692905,49.19391961485967
GKOS,2023-03-31,50.9900016784668,49.560001373291016,50.099998474121094,35.19052421219887,32.70308704049752,35.09792216932476,42.77036711732637,49.220766684044584
GKOS,2023-04-03,50.4900016784668,49.310001373291016,49.5099983215332,35.33013799080105,32.81186969870657,34.7249034604463,42.67760353509349,49.224646877021385
GKOS,2023-04-04,50.2599983215332,49.029998779296875,49.849998474121094,34.54309712951849,32.76252197293732,34.24685795107983,42.58309101154328,48.96839920379812
GKOS,2023-04-05,49.84000015258789,47.849998474121094,48.16999816894531,35.88743280969134,33.4871786612048,34.64535228797631,42.70057638254449,49.045043191350224
GKOS,2023-04-06,49.21900177001953,48.02000045776367,49.11000061035156,35.189801776471015,33.58043322552934,33.77734178213421,42.76189396439328,49.08106326442297
GKOS,2023-04-10,49.09000015258789,48.290000915527344,48.689998626708984,34.422972778954225,33.46494023184354,33.80018500937514,42.75746823912199,49.06738641877625
GKOS,2023-04-11,50.220001220703125,48.970001220703125,49.650001525878906,34.83702744997094,32.198934872638475,33.6042077077048,42.79882700817528,49.061968208352994
GKOS,2023-04-12,50.209999084472656,48.02000045776367,48.029998779296875,36.20788337344493,32.76327560243583,33.99602451771612,42.90663483234569,49.05413814787598
GKOS,2023-04-13,50.005001068115234,47.79999923706055,49.25,36.106809832279055,33.17442957272006,34.192931914835384,43.01162064651818,49.06384151564354
GKOS,2023-04-14,49.58000183105469,48.16999816894531,48.65999984741211,36.080029600899955,33.21820248940725,33.645119892767546,42.862413724955026,49.012568122115596
GKOS,2023-04-17,49.25,48.810001373291016,48.970001220703125,35.36979447497865,33.2088025810309,33.57739659962345,42.79772759271021,49.00307391614615
GKOS,2023-04-18,49.43000030517578,47.415000915527344,48.33000183105469,34.196617619495214,33.31064549290917,33.21398727268547,42.82198642050949,49.01693377889457
GKOS,2023-04-19,49.619998931884766,47.75,49.59000015258789,33.690017031041144,33.633005788701894,33.459164204850275,42.878902805312464,49.0100025151578
GKOS,2023-04-20,50.0,48.810001373291016,49.310001373291016,33.68275656125386,33.39522311169815,33.46657750235876,42.87161494123098,48.92292824031018
GKOS,2023-04-21,50.16999816894531,49.130001068115234,49.56999969482422,32.9677475963515,33.393573038945306,33.45674297063802,42.876302509528394,48.92390938695413
GKOS,2023-04-24,49.709999084472656,47.61000061035156,48.13999938964844,33.18258929488927,33.93430064535391,33.70866290566818,43.01023490978822,48.96252706245767
GKOS,2023-04-25,48.04999923706055,46.61000061035156,47.43000030517578,33.52002873234827,34.0659506612141,33.66534872199507,43.02974879075501,48.72939865580508
GKOS,2023-04-26,47.529998779296875,46.68000030517578,46.88999938964844,30.883922496062482,34.125315978426286,33.5597054244207,43.02644744708951,48.63611941369047
GKOS,2023-04-27,47.439998626708984,46.16999816894531,47.40999984741211,30.68270855559331,34.041492980992444,32.86535392802396,42.734739411926256,48.47695227695693
GKOS,2023-04-28,48.0,47.06999969482422,47.5099983215332,29.697783009791856,33.90413839866724,32.7519105632544,42.72919235971885,47.0031330689293
GKOS,2023-05-01,47.952999114990234,47.15999984741211,47.400001525878906,28.55929841558764,31.982597374161898,32.076562091227935,42.72163958142968,46.941222917974926
GKOS,2023-05-02,47.189998626708984,45.380001068115234,45.439998626708984,30.79597230310272,32.87324966239406,32.12710717804927,42.99799553382223,47.09557168567677
GKOS,2023-05-03,47.279998779296875,45.470001220703125,46.459999084472656,31.21664087835278,32.65301498804939,32.02766630546001,42.73270076266023,47.12190067887458
GKOS,2023-05-04,51.849998474121094,49.189998626708984,50.56999969482422,39.74563245219367,37.06524295031367,34.72217103734869,43.91297911333164,47.877550202229465
GKOS,2023-05-05,54.4900016784668,50.650001525878906,54.4900016784668,44.984168667181436,39.96991273380981,36.63429313981232,44.63263205342555,48.422683863639335
GKOS,2023-05-08,58.88999938964844,54.584999084472656,58.65999984741211,49.04640521440235,42.59271480449435,38.32942581364501,45.469378949918855,48.63595540438287
GKOS,2023-05-09,58.599998474121094,57.08000183105469,57.59000015258789,48.994667577090624,42.5980279441465,38.4559432868455,45.45592756945063,47.946312976373
GKOS,2023-05-10,59.63999938964844,58.279998779296875,59.16999816894531,48.607370460971396,42.88104216950063,38.327226766297,45.48900412330647,45.17112672158434
GKOS,2023-05-11,59.2400016784668,58.099998474121094,58.900001525878906,48.544735102581136,42.90551294852528,38.161631191326485,45.487677923709505,45.06336678366181
GKOS,2023-05-12,59.439998626708984,58.369998931884766,58.810001373291016,48.57480452848558,42.4000867143206,37.996098830075915,45.09593380753448,44.83078860378652
GKOS,2023-05-15,60.268001556396484,58.400001525878906,59.90999984741211,48.60498261628304,42.438395234649,38.05243295304701,45.12806512572619,44.85591917060581
GKOS,2023-05-16,60.04999923706055,58.900001525878906,59.900001525878906,48.350364807888106,42.436588939775405,38.0518195612635,44.67827719238196,43.90089978480706
GKOS,2023-05-17,60.540000915527344,59.04999923706055,59.66999816894531,48.44008002075307,42.009335702220426,37.941850669605365,44.43276288673507,43.8962161921984
GKOS,2023-05-18,61.0,58.111000061035156,59.970001220703125,46.91581054299142,42.01080288008428,37.869733304625356,44.4349866961362,43.463082896743124
GKOS,2023-05-19,61.005001068115234,58.56999969482422,58.689998626708984,47.499022353185424,41.70018887263456,38.013056390780726,44.502024852246926,43.287268802048075
GKOS,2023-05-22,59.7599983215332,58.65999984741211,59.29999923706055,47.312340333898845,41.283926542919694,37.28699704384015,44.51184643918636,43.29425791968165
GKOS,2023-05-23,60.09000015258789,57.63999938964844,58.2599983215332,47.655295609445645,41.501175043680846,37.42157396389357,44.567008049784604,43.33283690392524
GKOS,2023-05-24,57.97999954223633,56.61000061035156,56.65999984741211,47.30511628212185,41.952411263602606,37.50641111637887,44.65737983024158,43.351651584203246
GKOS,2023-05-25,56.43000030517578,54.84000015258789,55.22999954223633,47.75910850276839,42.05924912286296,37.57895978325729,39.9863136584556,43.25566951247837
GKOS,2023-05-26,55.84000015258789,54.7599983215332,54.849998474121094,47.63358431405974,42.036769429324465,37.60581212853516,39.89250531986356,43.21100722736265
GKOS,2023-05-30,55.98500061035156,54.380001068115234,55.630001068115234,47.72017568328379,41.850643823361914,37.62959331050649,39.69865156848666,43.187748455671056
GKOS,2023-05-31,57.27000045776367,55.349998474121094,57.02000045776367,47.78083208696112,41.45177944602131,37.79192408471578,39.54764555106717,43.19605469364603
GKOS,2023-06-01,58.83000183105469,56.529998779296875,58.83000183105469,48.0097886922945,41.24717496944672,38.039738555977706,39.453538428314346,43.25326942652895
GKOS,2023-06-02,63.61000061035156,58.880001068115234,62.119998931884766,49.89530641921522,42.528673362690526,38.85220913029389,39.955267246157796,43.575788142162274
GKOS,2023-06-05,63.16999816894531,61.694000244140625,62.61000061035156,49.88995145889634,42.172627497179164,38.816521717304965,39.96474048854451,43.18019985765809
GKOS,2023-06-06,65.20999908447266,61.80500030517578,64.81999969482422,49.20090724033565,42.08788224131633,39.070551259414444,40.13508986292051,43.274969461984256
GKOS,2023-06-07,68.66999816894531,65.5719985961914,66.55000305175781,48.84579452724845,42.255886056485096,38.57054269497417,40.22564444684761,43.31872871910767
GKOS,2023-06-08,70.05000305175781,65.52200317382812,68.26000213623047,48.52087971421532,41.62045153348832,38.681975502199776,40.28995810987473,43.2268019001182
GKOS,2023-06-09,68.9000015258789,66.25,67.3499984741211,49.10005892918682,41.756191139762734,38.763885934133654,40.169673399079734,43.24653039027893
GKOS,2023-06-12,68.33000183105469,66.69999694824219,66.93000030517578,49.30147655092551,41.61800807522863,38.74604989369123,39.477639092688975,43.00877979817086
GKOS,2023-06-13,67.18499755859375,65.93000030517578,66.55999755859375,49.388388672442574,41.08870604334296,38.735533160225,39.40952915399612,43.01485717069038
GKOS,2023-06-14,68.29000091552734,65.69000244140625,66.86000061035156,46.77377084834635,41.074064924152566,38.73580148027148,39.40768565154939,42.983439468033424
GKOS,2023-06-15,68.43499755859375,66.44000244140625,67.48999786376953,46.69918974478321,41.034451610605856,38.71995364553428,39.37619192424922,42.900986615612155
GKOS,2023-06-16,69.30999755859375,66.80999755859375,67.72000122070312,41.40355840159985,40.78418016589067,38.542222181950144,39.15667247783874,42.66253189456714
GKOS,2023-06-20,67.76000213623047,66.55000305175781,66.58999633789062,37.21599659215215,40.984838711367374,38.65570112733523,39.20271786126238,42.46342455890785
GKOS,2023-06-21,66.5199966430664,64.77999877929688,64.91000366210938,32.49684237707883,41.29296309289111,38.9247767774285,39.32283387245722,42.45894182007778
GKOS,2023-06-22,67.93000030517578,64.41000366210938,67.12999725341797,32.96216565950408,41.40670452873862,39.215120210369655,39.50684092703318,42.57344014822824
GKOS,2023-06-23,68.33999633789062,66.05999755859375,67.47000122070312,32.298762354869595,40.933893474406005,39.21519476623835,38.8805022679708,42.551283615117576
GKOS,2023-06-26,68.9000015258789,67.44000244140625,68.79000091552734,32.46752908063225,40.95001734902825,39.24800529646963,38.928316706332886,42.510254507285126
GKOS,2023-06-27,69.81999969482422,68.63200378417969,69.5199966430664,32.43963873618081,40.95216237060503,39.22548066410526,38.943400028065824,42.29208623386233
GKOS,2023-06-28,70.58000183105469,69.06999969482422,70.33999633789062,32.262959313984965,40.90316133119527,38.427407081529395,38.82344539276546,42.29910851467768
GKOS,2023-06-29,71.86000061035156,69.30000305175781,70.80999755859375,32.222164861846686,40.74045766314283,38.27808405738476,38.62341069173868,42.05677383470934
GKOS,2023-06-30,71.75,70.48999786376953,71.20999908447266,32.098121012276955,40.74009618380218,37.86758104587826,38.55965659109742,42.05836681125894
GKOS,2023-07-03,70.98999786376953,68.8499984741211,69.69000244140625,33.07182488270317,40.28493540895302,38.03516652408977,38.633584205249036,42.113551953247466
GKOS,2023-07-05,70.16000366210938,68.77999877929688,69.66999816894531,32.14756911349866,40.21150970904625,37.95769646984903,38.55787499389822,41.85503187378695
GKOS,2023-07-06,69.45999908447266,68.3550033569336,69.25,32.29327168659128,40.175935183940815,37.98249603182796,38.5572847650885,41.85453797815411
GKOS,2023-07-07,70.33300018310547,68.25,69.2300033569336,31.609197965219522,40.093441407368005,37.852792600606364,38.510101971346316,41.8359809953598
GKOS,2023-07-10,71.45500183105469,70.06999969482422,70.75,30.266988592934236,39.4018354413756,37.95004279833084,38.58570468405077,41.873424450350726
GKOS,2023-07-11,71.61000061035156,70.58000183105469,71.2300033569336,28.612411748105014,39.21030912364692,37.953467929616394,38.43642720149015,41.777065866382365
GKOS,2023-07-12,73.375,71.1500015258789,71.97000122070312,28.240780384999812,39.03445308663618,37.647548462972615,38.362136584209274,41.607675708998684
GKOS,2023-07-13,72.11499786376953,70.94000244140625,71.63999938964844,28.46910145182995,39.100927494521834,37.5943045260145,38.36389899539207,41.52515177690951
GKOS,2023-07-14,79.88999938964844,75.0,79.08999633789062,38.513770713625824,43.242170901123266,40.53776861302897,40.00617120406964,42.65045335400804
GKOS,2023-07-17,78.72799682617188,76.79000091552734,78.23999786376953,38.51215646878241,43.25800387837926,40.298449810234324,40.03532390687064,42.66379724540548
GKOS,2023-07-18,79.30699920654297,77.44000244140625,78.76000213623047,36.08344922294474,43.17031087216276,40.29992488931058,39.859561358155275,42.594571002425994
GKOS,2023-07-19,80.27999877929688,76.66999816894531,77.38999938964844,36.83026418014209,43.47966610044563,40.03543111525714,39.892970706290015,42.55467387320451
GKOS,2023-07-20,77.67500305175781,75.87999725341797,76.11000061035156,36.48966755503298,43.10060792318486,39.88264477804678,39.928851823802404,42.549297431866925
GKOS,2023-07-21,76.94999694824219,74.75,74.86000061035156,36.463860250122465,43.139926746320604,40.01205461157177,39.81621285488508,42.585772003910066
GKOS,2023-07-24,75.26000213623047,72.98999786376953,73.02999877929688,36.793977240953645,43.47563096974312,40.248443394796006,39.79500795113104,42.65914818824398
GKOS,2023-07-25,75.0,73.04000091552734,74.2699966430664,36.71900990726453,43.51270354087543,40.13880793209794,39.73855579953893,42.666123509315554
GKOS,2023-07-26,76.5199966430664,74.1500015258789,75.95999908447266,37.01605467775349,43.605730260247704,40.21912421053953,37.867561000171094,42.67509428441822
GKOS,2023-07-27,78.0,76.22000122070312,77.80000305175781,37.3251701702962,43.67686135268968,40.21177368343574,37.94591945697288,42.73237815639791
GKOS,2023-07-28,78.9000015258789,76.1500015258789,76.3499984741211,37.96926545688861,42.77506846534014,39.921224538124804,37.78388032649548,42.67203086855203
GKOS,2023-07-31,77.94000244140625,75.73999786376953,77.13999938964844,37.9805700529844,42.68347592278021,39.51619358978887,37.57493262774325,42.63851503501249
GKOS,2023-08-01,77.2699966430664,76.08000183105469,76.69999694824219,38.09439435207334,39.697178459534626,39.54689169715088,37.57764320036232,42.64429718348493
GKOS,2023-08-02,76.37000274658203,74.37000274658203,74.72000122070312,38.63279586797996,37.677058861675796,39.62247681047258,37.26762805298115,42.68495960869043
GKOS,2023-08-03,76.95500183105469,73.1449966430664,74.43000030517578,37.699506246270936,34.90784440941038,39.329568754350994,37.27405852996313,42.68282423448759
GKOS,2023-08-04,75.5999984741211,72.58999633789062,74.41999816894531,36.69397114892858,34.60709175689356,39.32029734025524,37.07190100777994,42.68307074119059
GKOS,2023-08-07,75.80999755859375,74.05000305175781,75.18000030517578,36.743353051968356,34.303625218378286,38.764853911958944,37.08159742336741,42.691974603566464
GKOS,2023-08-08,75.16000366210938,73.70999908447266,74.77999877929688,36.51912053550517,34.31209724377841,38.75239751119713,37.05772670402927,42.68268636519746
GKOS,2023-08-09,75.22000122070312,71.5999984741211,72.4800033569336,37.734907949134936,35.04814619276954,39.01301038382087,36.93002728697989,42.785330445581884
GKOS,2023-08-10,74.26000213623047,72.4800033569336,73.83999633789062,37.950102479038364,35.04921792448306,38.73405998182544,36.95065619506856,42.575825613240944
GKOS,2023-08-11,74.5199966430664,72.9800033569336,74.38999938964844,37.95953077599805,35.049953209541044,38.723471109831046,36.70916828495638,42.577584150837026
GKOS,2023-08-14,74.5199966430664,73.37999725341797,73.80999755859375,38.03700408244583,35.09558737338329,38.73252889124969,36.72718805797702,42.57856457815025
GKOS,2023-08-15,75.31999969482422,72.55000305175781,75.02999877929688,37.65168974895916,35.193291210412106,38.639286804588686,36.76321978031059,42.60023498685912
GKOS,2023-08-16,76.16000366210938,73.77999877929688,74.18000030517578,37.8591559045201,34.941506745634335,38.69098674992371,36.78453202093967,42.389796842901546
GKOS,2023-08-17,74.06999969482422,72.05999755859375,72.11000061035156,38.812297755082625,35.52995026591644,38.91187678471453,36.911639239916994,42.493357574066046
GKOS,2023-08-18,72.86000061035156,71.43000030517578,71.80000305175781,38.84450554282663,35.29792986502459,38.71209504873447,36.83843389278284,42.36461492003803
GKOS,2023-08-21,73.3499984741211,71.83000183105469,72.93000030517578,38.60412369885031,34.77012675936287,38.482663985498604,36.80863061499531,42.388545742004794
GKOS,2023-08-22,74.62999725341797,72.83000183105469,74.44999694824219,38.99083628478745,34.36724284265321,38.53031211817022,36.54207814004929,42.37435208379942
GKOS,2023-08-23,75.2300033569336,74.01499938964844,74.98999786376953,38.93982504798732,34.280492803367316,38.53050509839371,36.470580855772184,42.31852999225577
GKOS,2023-08-24,74.97000122070312,72.9000015258789,73.4000015258789,39.46608997304487,34.65808654236174,38.68732285717697,36.20752529633139,42.37772457857377
GKOS,2023-08-25,74.37999725341797,72.67500305175781,73.87999725341797,26.438647013059818,34.40807506912692,38.60779588749666,35.841493565158466,42.088214335591665
GKOS,2023-08-28,74.81999969482422,73.52999877929688,74.0199966430664,26.338444151229606,33.94954484939211,38.6065210169294,35.72341139847695,42.076537804071876
GKOS,2023-08-29,76.23999786376953,73.81999969482422,75.61000061035156,27.07823546510252,32.487719690595206,38.21104436130379,35.79052691420138,41.771383904425626
GKOS,2023-08-30,76.91999816894531,75.44999694824219,75.70999908447266,26.646870106783705,32.475959476590596,38.14014862054555,35.790226287040554,41.57529505418008
GKOS,2023-08-31,75.9000015258789,74.55000305175781,75.13999938964844,26.301457778599136,31.872983019807418,38.13160378825046,35.78466718309585,41.58568337929357
GKOS,2023-09-01,76.11000061035156,74.87999725341797,74.88999938964844,25.872341592956534,31.50149141889404,38.07248446124205,35.78206629567218,41.57897647934516
GKOS,2023-09-05,74.31500244140625,71.61000061035156,73.58000183105469,25.358425099892052,31.369845883154163,37.76400804200619,35.66826274624177,41.62180608722601
GKOS,2023-09-06,77.23999786376953,73.80000305175781,76.75,27.749912700812406,32.314444709499455,38.099940692326214,35.86104156940612,41.818430878241784
GKOS,2023-09-07,77.81500244140625,74.80000305175781,75.4000015258789,27.50271289281696,32.527623296786786,38.173317774025946,35.8453010148443,41.83014984035925
GKOS,2023-09-08,76.0199966430664,73.77999877929688,74.37999725341797,26.777685804160097,32.649364696089414,38.27856859540857,35.88910642179112,38.300058680742694
GKOS,2023-09-11,76.11000061035156,74.41999816894531,75.97000122070312,27.036004542727404,32.884563189076246,38.27050857559399,35.94909318667343,38.28549816622066
GKOS,2023-09-12,78.94999694824219,76.22000122070312,76.80999755859375,27.060372538352155,32.90146290959798,38.13381675901291,35.88605941330243,38.11427880021422
GKOS,2023-09-13,76.6500015258789,75.27999877929688,76.12000274658203,27.136368655167846,32.97981712854517,38.1600637784889,35.8727953861691,37.94699103851112
GKOS,2023-09-14,76.86000061035156,74.44999694824219,75.44000244140625,26.150348885661195,32.82776449765434,38.21819575642058,35.86506055640839,37.7503817390346
GKOS,2023-09-15,75.2699966430664,73.95999908447266,75.12000274658203,26.15562233688754,32.34869917264797,37.865159544215444,35.44633730622158,37.744017021074306
GKOS,2023-09-18,76.34500122070312,74.77999877929688,75.52999877929688,26.197351143976316,31.696948748532677,37.738586101996475,35.43500091642227,37.746387230239996
GKOS,2023-09-19,77.2300033569336,75.41999816894531,76.56999969482422,26.329531589924148,31.781973771487927,37.67640709926911,35.31642731054285,37.74355598462672
GKOS,2023-09-20,78.06999969482422,75.70999908447266,75.7699966430664,26.473156950480963,31.678350797339316,37.74229778690525,35.243343394370285,37.742036273352234
GKOS,2023-09-21,75.74500274658203,74.86000061035156,75.25,24.830855599377053,31.669662299681043,37.78493507714639,35.26249819350454,37.71960511735578
GKOS,2023-09-22,76.44999694824219,75.05999755859375,75.27999877929688,24.28063488227919,31.59568453948714,37.7747368167486,35.25202175376535,37.59911969685051
GKOS,2023-09-25,76.63999938964844,74.6449966430664,76.37000274658203,24.531676732694198,31.69276912692631,37.049304767257496,35.275503609589826,37.0858443908293
GKOS,2023-09-26,77.44999694824219,75.4000015258789,75.45999908447266,24.6890418044936,31.794481696698007,37.04731299024943,35.304063394314895,37.05193256573037
GKOS,2023-09-27,78.83999633789062,75.8499984741211,78.37999725341797,26.595833883135008,32.3285138035439,35.1751477914899,35.50893867148475,37.227172366869965
GKOS,2023-09-28,79.69000244140625,76.11000061035156,76.19999694824219,27.724243781418277,32.9124507046217,33.70336968785582,35.67470142071485,37.31592729144737
GKOS,2023-09-29,76.26000213623047,74.19999694824219,75.25,26.637103413198687,33.002865081898804,31.848778100189023,35.67731992229572,37.17724735091408
GKOS,2023-10-02,74.80000305175781,70.08999633789062,71.0999984741211,31.504781970433655,35.086283591462205,33.04722701438554,35.94531927690119,37.618885065395176
GKOS,2023-10-03,71.78500366210938,69.98999786376953,71.3499984741211,31.166022647402325,34.812097217562034,32.80506046471191,35.91017690505683,37.61386060786653
GKOS,2023-10-04,71.41000366210938,68.69999694824219,69.25,31.592774714847994,35.32043739833639,33.17536623002361,36.10545804727482,37.739072239172664
GKOS,2023-10-05,70.94999694824219,68.11000061035156,70.0,31.70329152808908,35.32625824036575,33.203114284369455,36.09802066348203,37.2801107158321
GKOS,2023-10-06,72.81999969482422,69.55999755859375,71.98999786376953,32.34371681358697,35.792965512142025,33.35928339464039,36.2118315432104,37.36910346552991
GKOS,2023-10-09,72.71499633789062,70.875,71.70999908447266,32.28403977304943,29.27319901148218,33.37023992549192,36.2183065213889,37.37149868276045
GKOS,2023-10-10,72.8010025024414,71.55000305175781,72.47000122070312,32.44815749021953,29.314387160378185,33.386439009892825,36.2112210977389,37.281525842581715
GKOS,2023-10-11,72.75,70.0,71.02999877929688,32.22767272326618,29.516866738789986,33.56470545815034,36.21237064585197,37.193017478553145
GKOS,2023-10-12,70.88999938964844,65.80999755859375,66.0,38.261988355506325,32.8338030340461,35.437849883641434,37.293420597357105,37.88845169452457
GKOS,2023-10-13,66.06500244140625,64.66999816894531,65.58999633789062,38.25493880992198,32.71279448762786,35.42638286253085,37.30368127519703,37.87965770644702
GKOS,2023-10-16,67.56999969482422,65.51000213623047,67.0199966430664,38.99627063530593,32.94423311006818,35.44704609061149,37.37333543323688,37.877221511521455
GKOS,2023-10-17,70.70999908447266,66.05999755859375,68.83000183105469,39.72613141202757,33.101463580115414,35.35800313942921,37.48665317333257,37.955774984501616
GKOS,2023-10-18,69.1500015258789,67.04499816894531,67.62000274658203,37.64751270518494,33.06460764580634,35.22459226776987,37.52234628187631,37.965301515399275
GKOS,2023-10-19,68.125,66.26000213623047,66.61000061035156,37.57135980419704,32.791776489297824,35.30078985683406,37.544867735067996,37.99833254333743
GKOS,2023-10-20,68.66999816894531,66.6500015258789,67.79000091552734,37.97176777985877,32.60033373864618,35.3351986449957,37.08921371521494,37.92850134463506
GKOS,2023-10-23,69.38999938964844,67.55000305175781,68.55999755859375,37.5297885471761,32.53261598916362,35.17984048582642,37.03169451738269,37.875092310435264
GKOS,2023-10-24,69.79000091552734,64.41999816894531,66.80999755859375,37.81836498525504,32.801391161381446,35.13274006882559,36.96352080751629,37.96479247736591
GKOS,2023-10-25,67.05999755859375,64.75,65.29000091552734,38.17466610002319,33.066640938016725,34.291479289660806,37.06164897867541,38.00499760941837
GKOS,2023-10-26,69.48500061035156,65.9800033569336,67.83000183105469,40.15417050549619,33.737307165057786,34.79094708710078,37.27739733188263,38.18863751641853
GKOS,2023-10-27,68.41000366210938,66.61000061035156,67.44999694824219,40.158215682764514,33.74415175058773,34.37750215860676,37.2814736947159,38.050005250261854
GKOS,2023-10-30,69.25,66.80999755859375,66.81999969482422,40.09828341744686,33.77973616492106,34.15835551546979,37.216242857901996,38.034852356065244
GKOS,2023-10-31,69.26000213623047,67.27999877929688,68.19999694824219,40.4054925003785,34.00016376230035,34.07418620315297,37.277619991201746,38.066183449173494
GKOS,2023-11-01,69.5,67.9000015258789,69.43000030517578,40.834779987655615,34.22394342608753,34.12275711640114,37.325476413121486,37.98386409869374
GKOS,2023-11-02,68.125,60.7599983215332,64.16999816894531,46.38253781747299,37.2567482832832,36.347515974278615,38.32328081585201,38.711524879651414
GKOS,2023-11-03,67.3499984741211,63.7599983215332,64.20999908447266,46.384985098770606,37.013196034936215,36.33857575575176,38.29356720826282,38.64665993620695
GKOS,2023-11-06,66.29000091552734,63.779998779296875,64.01000213623047,46.01573524508161,36.95759714208662,36.3327794646228,38.296283337398556,37.26414022366876
GKOS,2023-11-07,64.33999633789062,62.09000015258789,62.29999923706055,46.39591739047661,37.28513703515259,36.542424988536595,38.29596796878961,37.36319628321134
GKOS,2023-11-08,65.68599700927734,63.70000076293945,64.18000030517578,45.768913204789186,37.67687780422938,36.857145700299505,38.4430326249238,37.30905246238955
GKOS,2023-11-09,64.43000030517578,61.70500183105469,62.40999984741211,45.75909886348194,37.99377351104643,37.02450086993831,38.39876815165888,37.25001062308591
GKOS,2023-11-10,62.93000030517578,60.11000061035156,60.540000915527344,46.24973336206083,38.05677382385617,37.11581407478401,38.44743590853309,37.37132497324106
GKOS,2023-11-13,64.06999969482422,59.880001068115234,63.4900016784668,46.43294376398372,39.43620233399301,37.508168958423695,38.83260424095319,37.31611553105976
GKOS,2023-11-14,66.94000244140625,64.75,66.01000213623047,48.02284464499949,40.164726431335815,38.01904292023664,39.071959608381704,37.510369577891865
GKOS,2023-11-15,67.94000244140625,65.3499984741211,65.66999816894531,47.332079378410526,39.90032672348118,37.89649246439391,38.96816415127791,37.38101669468495
GKOS,2023-11-16,66.3499984741211,64.19000244140625,64.73999786376953,47.31179736835236,39.92901322952819,37.91757827460878,38.98975960763965,37.40932975755516
GKOS,2023-11-17,65.91000366210938,63.529998779296875,64.05999755859375,46.45465215904711,39.770119423022095,37.89651877613578,38.91944242123146,37.406942618858885
GKOS,2023-11-20,64.87899780273438,63.709999084472656,63.91999816894531,46.45727158588704,39.727965089467595,37.87740613961968,38.69783666529485,37.18054370479405
GKOS,2023-11-21,63.7400016784668,61.7400016784668,62.849998474121094,46.39973906951557,39.82723325247452,37.945248463036954,38.56327816837437,37.19836782137166
GKOS,2023-11-22,64.06999969482422,62.34000015258789,63.04999923706055,46.221472049089854,39.53358192915086,37.810930807119874,38.55406139057736,37.03740913880028
GKOS,2023-11-24,64.02999877929688,63.09000015258789,63.119998931884766,41.269072048708466,39.53260927160168,37.812252387820486,38.451375549884744,37.036749948223026
GKOS,2023-11-27,62.810001373291016,59.220001220703125,59.529998779296875,44.45526970566159,41.13134574696068,38.89443462554053,38.96545578076835,37.5130987949509
GKOS,2023-11-28,61.209999084472656,59.599998474121094,59.75,43.886955361086194,41.16050627819145,38.90274447692164,38.96347366977931,37.50664182832135
GKOS,2023-11-29,62.59000015258789,59.720001220703125,62.0,44.60545591273471,41.88897268829848,39.20819794092333,38.8259935569996,37.64750117919979
GKOS,2023-11-30,63.939998626708984,61.685001373291016,63.88999938964844,45.42000070705038,41.40218230866346,39.503133500597,38.93452233015455,37.70732516007322
GKOS,2023-12-01,65.25,63.540000915527344,65.12999725341797,45.64283013992696,41.53494053014939,39.593635177832475,38.88798152849889,37.70045721863953
GKOS,2023-12-04,65.47000122070312,63.06999969482422,64.01000213623047,45.54718084252852,41.584760875675784,39.67477113561778,38.78858539443743,37.50310918229856
GKOS,2023-12-05,65.23999786376953,62.290000915527344,65.0199966430664,45.67442304495345,41.46632071012089,36.395672912180835,38.80915105012179,37.48511097610297
GKOS,2023-12-06,65.41999816894531,62.10499954223633,62.279998779296875,46.72256901133983,42.1830386881138,36.9510095595272,39.13436073406616,37.50419058067999
GKOS,2023-12-07,63.459999084472656,61.61000061035156,62.86000061035156,46.41717429545984,42.24717977185933,36.96962066124881,39.0875909342261,37.275681505042606
GKOS,2023-12-08,63.97999954223633,62.150001525878906,63.630001068115234,45.09093095688447,42.345729698340136,36.957749068042254,39.10013368712403,37.200691662306454
GKOS,2023-12-11,63.58000183105469,62.189998626708984,62.630001068115234,45.25666773989908,42.42878340979232,36.94949884276963,39.06718897604301,37.239840132673216
GKOS,2023-12-12,62.64500045776367,61.56999969482422,62.41999816894531,45.21036207537523,42.39203000305872,36.875979801916685,38.92626040581926,37.242703690104086
GKOS,2023-12-13,64.38999938964844,59.57500076293945,60.41999816894531,45.505645827558006,42.665206203763915,37.02029688641522,39.00512669315526,37.38260572299571
GKOS,2023-12-14,77.44000244140625,65.0,75.73999786376953,80.63105256523048,63.53612965268043,51.69422232160039,47.20254957889098,43.61526170793413
GKOS,2023-12-15,81.83999633789062,74.55000305175781,81.4800033569336,79.26190157225861,65.25520360973262,52.8591463721067,47.93677680581805,44.07972497600022
GKOS,2023-12-18,81.28500366210938,77.79000091552734,79.05000305175781,80.0128650660485,65.57585488123851,52.953087414825475,48.065311200747374,44.14124889109872
GKOS,2023-12-19,81.66000366210938,78.44000244140625,81.23999786376953,80.16698951157241,65.74375719062441,53.03878125981913,48.123768016418474,44.15611053917816
GKOS,2023-12-20,81.8499984741211,79.30999755859375,79.5999984741211,79.93630558530535,65.83735691226207,53.11997482402068,48.19901199788389,44.21026862302137
GKOS,2023-12-21,85.75,80.58999633789062,85.11000061035156,81.5196740050161,66.79466921923435,54.151848028575465,48.59480018734773,44.674837275787084
GKOS,2023-12-22,86.52999877929688,79.5,82.33999633789062,81.7369351539768,66.89439288043654,54.251575617895966,48.74485536409647,44.77268971288614
GKOS,2023-12-26,82.08000183105469,79.12999725341797,79.79000091552734,81.78122314483235,67.17320507284022,54.49045098768579,48.89542702852631,44.87969337538399
GKOS,2023-12-27,80.51000213623047,79.13999938964844,80.47000122070312,80.96801433319152,66.10140838797248,54.50429192501183,48.85952438960882,44.86486446622162
GKOS,2023-12-28,82.25499725341797,79.54499816894531,80.41999816894531,80.46094824624906,66.1029691622527,54.48393583618281,48.674684846826985,44.62873123313324
GKOS,2023-12-29,80.41999816894531,77.83999633789062,79.48999786376953,80.5647602484614,65.83249552839075,54.51077529993403,48.6325679854775,44.64341418623104
GKOS,2024-01-02,79.30999755859375,76.1500015258789,77.08000183105469,81.07318167092446,66.15418760190414,54.50409345914301,48.76270581466199,44.68371849844258
GKOS,2024-01-03,77.52999877929688,74.74500274658203,76.4000015258789,81.04486983832588,65.95649760944887,54.44783172491935,48.77925342216119,44.63081645747469
GKOS,2024-01-04,77.70999908447266,75.9000015258789,77.16000366210938,81.01611925116407,65.97342357408567,54.457452007085635,48.751543741544694,44.63681634187225
GKOS,2024-01-05,79.26000213623047,76.24500274658203,79.11000061035156,80.88434781244715,66.12639061143167,54.58045894771351,48.74642813247883,44.686778528297545
GKOS,2024-01-08,84.53500366210938,79.98999786376953,82.0,81.28087381770922,66.34205690778683,54.810311678936095,48.894956764437985,44.81091756515054
GKOS,2024-01-09,88.26100158691406,81.37000274658203,86.55000305175781,82.28769720407307,65.25178997223038,55.41708977751888,49.267843930607256,45.09748919726039
GKOS,2024-01-10,88.25,85.66999816894531,87.16000366210938,79.65673907822038,65.21505847142978,55.21620459824046,49.11908287871751,45.07929097925623
GKOS,2024-01-11,88.01000213623047,85.87899780273438,87.8499984741211,79.62472566764123,65.12447014019801,55.21526032918007,49.0744243989352,45.06625133000686
GKOS,2024-01-12,89.25,88.05999755859375,88.48999786376953,79.30773442071914,64.9639805606817,55.1787975420157,49.04450821186963,45.043249727864115
GKOS,2024-01-16,89.94999694824219,87.18000030517578,89.25,79.12421983281338,64.80826806229007,55.10791405532206,49.04005089653163,44.80954788871843
GKOS,2024-01-17,89.37999725341797,87.58999633789062,89.37000274658203,79.13524634235671,64.68266237495482,55.101115357918005,49.0404424996258,44.79024123379672
GKOS,2024-01-18,91.55999755859375,89.45999908447266,90.80999755859375,78.7028196096806,64.67029373852648,55.020431566264364,49.05763137356512,44.80870122239594
GKOS,2024-01-19,91.44000244140625,88.87000274658203,91.29000091552734,78.71452317880507,64.65652619175854,55.01825621011138,48.753759025103406,44.79537232281383
GKOS,2024-01-22,94.12300109863281,91.75,93.2300033569336,77.04185839552864,64.42142446102969,55.100077542195336,48.74776157942168,44.82293285895496
GKOS,2024-01-23,93.55000305175781,89.12999725341797,92.55999755859375,77.26729874803489,64.20316212314287,55.036190970643204,47.804581317720604,44.83341423140916
GKOS,2024-01-24,93.73999786376953,91.11000061035156,92.02999877929688,77.45614581660556,63.88806893862514,55.04990417938499,47.057075566663904,44.82995010741843
GKOS,2024-01-25,93.55000305175781,90.66999816894531,90.69999694824219,77.41651027526989,63.978236598731385,55.0918828590938,46.34034461068743,44.806151748073034
GKOS,2024-01-26,92.72000122070312,90.8499984741211,92.5199966430664,77.2997187674777,63.97944233280812,55.15904539035046,46.31942903878965,44.83399745177361
GKOS,2024-01-29,94.23999786376953,92.2699966430664,94.16999816894531,76.0814625909445,63.95422260102116,55.12193499709195,46.26299686932128,44.858809729016116
GKOS,2024-01-30,93.88999938964844,90.08999633789062,91.05000305175781,43.83519138476404,64.3954868729542,55.046352505241934,46.45430418889697,45.00256756650878
GKOS,2024-01-31,92.58999633789062,88.23999786376953,89.02999877929688,39.7110860987615,62.28294666816545,55.093552396631885,46.545095959430284,45.07107992806614
GKOS,2024-02-01,92.4000015258789,88.84500122070312,91.87000274658203,39.24682412186857,62.49993376989218,55.23904420092243,46.63309067649683,45.144423769625256
GKOS,2024-02-02,92.48999786376953,90.1050033569336,91.94000244140625,38.685363416855104,62.48088241091504,55.1549194093469,46.63250749181287,45.12897521880219
GKOS,2024-02-05,91.76000213623047,90.72000122070312,91.08000183105469,38.20811780149473,62.18503865212993,55.1643952067971,46.647565942053184,44.85510920212849
GKOS,2024-02-06,94.7699966430664,91.01000213623047,93.30999755859375,33.9043010032725,62.106295259813635,55.251872565027526,46.718105912930206,44.86075205029426
GKOS,2024-02-07,95.41999816894531,92.79000091552734,94.30000305175781,32.175699761919155,61.70060085772418,55.2397845820609,46.64004479947726,44.73714389622992
GKOS,2024-02-08,96.41999816894531,93.9000015258789,95.98999786376953,30.51237523751049,61.24495585037527,55.28454643067029,46.66557180073451,44.750838532320174
GKOS,2024-02-09,97.0199966430664,95.33000183105469,96.25,30.52010523808246,60.68431408582084,55.282483757001266,46.60259520961476,44.726106951844955
GKOS,2024-02-12,97.23999786376953,95.08999633789062,96.33000183105469,30.495745093546955,60.327740081322226,55.2535368235246,46.460499010159964,44.72383353182715
GKOS,2024-02-13,95.80999755859375,92.5,93.56999969482422,31.765111342451775,60.71942998867972,55.44130578196263,46.492645972058995,44.7879223907504
GKOS,2024-02-14,96.2699966430664,94.26000213623047,94.7300033569336,29.895475845381654,60.586633905292445,55.44581301803985,46.491051505752885,44.79438201633331
GKOS,2024-02-15,96.16999816894531,93.43000030517578,96.11000061035156,29.59150518580831,60.5054203600328,55.478461829937274,46.492217472538194,44.80994580848579
GKOS,2024-02-16,96.0,91.95999908447266,92.62999725341797,32.26753710949804,61.13899679290466,55.793611743882124,46.65907121793496,44.86918728253937
GKOS,2024-02-20,93.13500213623047,91.37999725341797,92.12999725341797,31.923178266017143,60.99922018617012,55.761617727217036,46.54471726492615,44.85439313468558
GKOS,2024-02-21,92.83000183105469,90.20999908447266,92.79000091552734,30.571636158170516,60.99575458297862,55.46940540868329,46.136573336562456,44.85593186377187
GKOS,2024-02-22,95.98999786376953,90.61000061035156,91.45999908447266,27.106513243716684,61.136837725902446,55.32337739658506,46.17368474253455,44.79029487503151
GKOS,2024-02-23,95.16500091552734,88.48999786376953,89.56999969482422,27.839371613245607,59.90805916158982,55.394274294806934,46.08969029593269,44.85025213165169
GKOS,2024-02-26,91.66000366210938,89.61000061035156,91.62999725341797,28.488063191875185,59.992826005770375,54.69108886630638,46.06465668558484,44.76546132396927
GKOS,2024-02-27,92.83000183105469,90.08999633789062,90.47000122070312,28.71965084756887,59.80142170181314,54.74454033413028,46.010532594123426,44.700811297444005
GKOS,2024-02-28,91.13999938964844,88.87000274658203,90.04000091552734,28.664072211667502,59.636589396946874,54.51265587922551,45.98223027003395,44.704597957217466
GKOS,2024-02-29,91.69000244140625,88.30000305175781,88.58999633789062,29.058192097619045,59.736283360206684,54.57846749794781,46.02141626213215,44.7360957139382
GKOS,2024-03-01,88.88999938964844,86.63500213623047,88.81999969482422,28.66289192499985,59.55538310205346,54.42300806989567,46.01381043943971,44.669829496332014
GKOS,2024-03-04,90.04000091552734,87.91999816894531,88.55999755859375,28.611975765476977,59.54128717097953,54.42051553731051,46.01562736358953,44.66002583856913
GKOS,2024-03-05,88.12000274658203,83.9000015258789,84.30999755859375,31.044593811014842,59.7659038278619,55.00761756059863,46.39565160533331,44.89995995683162
GKOS,2024-03-06,86.2249984741211,83.99500274658203,85.5,31.42259392445,59.78813556788989,54.93326015497971,46.41961755736243,44.77181397252553
GKOS,2024-03-07,89.13999938964844,85.9800033569336,88.91000366210938,33.64827754359523,60.17727288001423,53.90203910566005,46.58371010080442,44.796091955231226
GKOS,2024-03-08,90.31999969482422,87.44999694824219,87.45999908447266,33.71794248036567,60.18655669664912,53.97078989243611,46.521370294709705,44.83154705511069
GKOS,2024-03-11,87.73999786376953,86.20999908447266,86.86000061035156,33.15128699370236,60.213212591117625,53.908938536298464,46.376124080211376,44.773905780862464
GKOS,2024-03-12,88.41000366210938,85.4229965209961,87.0,32.641345053984885,59.695365741951946,53.77089167734026,46.37412923491999,44.679158964147696
GKOS,2024-03-13,89.38500213623047,86.80000305175781,87.61000061035156,31.383495417225138,38.26057390691192,53.67904888630072,46.329718080676855,44.6784743369699
GKOS,2024-03-14,87.5199966430664,84.5199966430664,85.77999877929688,31.308089796274334,35.61149829572291,53.7383265104594,46.3925293153751,44.523921407333575
GKOS,2024-03-15,86.29000091552734,84.08000183105469,85.48999786376953,29.740718555165135,35.029003178167414,53.69204931462335,46.37856638286138,44.50611473894407
GKOS,2024-03-18,87.07499694824219,85.04000091552734,85.44999694824219,29.73149615259343,34.60771253185717,53.674468245522114,46.374169870565105,44.44622867926969
GKOS,2024-03-19,88.52300262451172,85.2300033569336,87.62000274658203,30.69388173448873,34.67057468700035,53.605674433761905,46.458255977167475,44.397654089389704
GKOS,2024-03-20,88.2699966430664,85.30999755859375,87.29000091552734,29.731622274247254,31.897109952336805,53.45744907999227,46.38333468096397,44.39390131130182
GKOS,2024-03-21,88.88999938964844,86.73999786376953,87.5199966430664,29.523707033719354,31.125014945653213,53.15759043014784,46.383257655382664,44.3758926432691
GKOS,2024-03-22,91.13999938964844,87.30999755859375,88.08000183105469,29.025346669406137,30.39619075039453,53.144787240826695,46.378973643072655,44.33731586954958
GKOS,2024-03-25,90.83000183105469,87.83000183105469,88.72000122070312,29.130556860462665,30.3852843826923,53.11433192858207,46.38381450732012,44.33348795349683
GKOS,2024-03-26,90.41000366210938,87.58999633789062,89.69999694824219,29.385530985564184,30.441659546202338,53.05571759732576,46.334913549020705,44.29200433535293
GKOS,2024-03-27,92.70999908447266,89.61499786376953,92.69000244140625,29.966241480890872,30.960090611623414,53.216606550563014,46.48008082431409,44.3131502581536
GKOS,2024-03-28,94.3550033569336,92.29000091552734,94.29000091552734,30.17337689687547,30.305809827562946,51.6238746174522,46.50521329571574,44.25004011569451
GKOS,2024-04-01,94.95999908447266,91.51000213623047,93.0999984741211,30.05669051776953,30.382061906805635,51.68835455415904,46.530053477586335,44.264970525887115
GKOS,2024-04-02,92.22000122070312,88.16000366210938,89.4800033569336,30.35376276720669,31.59530984687952,52.13487437453325,45.316369206640644,44.46543817593035
GKOS,2024-04-03,97.75,89.94000244140625,94.30999755859375,34.07131605395327,32.91412053288184,52.48366778225542,45.70887671142894,44.72411553350308
GKOS,2024-04-04,96.77999877929688,94.08999633789062,94.12000274658203,34.02613228300233,32.20228333293253,52.33148784490636,45.70544334198457,44.70323350554017
GKOS,2024-04-05,97.7699966430664,93.18000030517578,96.7699966430664,34.61245254736397,30.82229802063085,52.21730787997384,45.761151644611125,44.77232273970658
GKOS,2024-04-08,102.31999969482422,97.01000213623047,100.62999725341797,35.539159827508534,31.73984679951829,52.204165137845656,45.929413239228055,44.76636140968794
GKOS,2024-04-09,102.33000183105469,99.69000244140625,101.30999755859375,35.1012477616134,31.732221461002652,51.75857179921282,45.882772048767464,44.73773999187792
GKOS,2024-04-10,101.04000091552734,98.83999633789062,99.70999908447266,35.23966619897514,31.934763886440948,51.56662321000503,45.823018853636164,44.76259382047708
GKOS,2024-04-11,100.97000122070312,98.0,99.26000213623047,35.234977041607394,31.932426342451965,51.56378516967768,45.79356960509497,44.73721409605494
GKOS,2024-04-12,99.33000183105469,97.08999633789062,98.2300033569336,34.995412741145124,32.030194462291526,51.5325687987886,45.747841884718376,44.61150887904986
GKOS,2024-04-15,99.4800033569336,95.79000091552734,96.83999633789062,35.36950324894383,32.048620367309724,51.5627570439165,45.70646815800625,44.58800132053625
GKOS,2024-04-16,98.36000061035156,95.79499816894531,96.94999694824219,35.33103948848963,32.036674160054304,51.55508672586186,45.64430076009818,44.56374182017193
GKOS,2024-04-17,98.63500213623047,96.1500015258789,96.88999938964844,31.71512292921977,31.76473564725376,51.45062324597854,45.63238141913759,44.563515527510674
GKOS,2024-04-18,97.28500366210938,94.13999938964844,95.12999725341797,32.264720872633674,31.96328981920572,51.57601840766242,45.68393558607275,44.58501738023547
GKOS,2024-04-19,98.69999694824219,94.16000366210938,96.5,30.650127104515672,32.06101349584954,51.598958590487534,45.593637930351136,44.540299261448084
GKOS,2024-04-22,99.83000183105469,96.36499786376953,98.94999694824219,30.754903559053336,32.278654716359476,50.70815466489334,45.67485005561501,44.588779644126184
GKOS,2024-04-23,101.23999786376953,98.30999755859375,101.0999984741211,30.972106989598625,32.32002530304257,50.774451590947436,45.73506903008246,44.627446548698735
GKOS,2024-04-24,103.66000366210938,100.75,100.93000030517578,31.018657882674855,32.14866135899144,50.53022036238212,45.725700258699895,44.51333958742657
GKOS,2024-04-25,100.26000213623047,97.18000030517578,100.11000061035156,31.242015868074763,31.383236631181894,50.409784789621725,45.73297818427752,44.49148138837666
GKOS,2024-04-26,100.5999984741211,98.52999877929688,99.4800033569336,30.475216060033294,31.0281847063982,50.38281164996883,45.575663066107424,44.47773386006356
GKOS,2024-04-29,100.2300033569336,95.78500366210938,97.19999694824219,31.469297109315548,30.823667120013344,50.45496713486893,45.62649333707056,44.547153370984965
GKOS,2024-04-30,97.4800033569336,95.9800033569336,96.0,31.814832522144382,30.945108657977606,50.48924151246192,45.65081073525302,44.57326999929004
GKOS,2024-05-01,102.94999694824219,95.38999938964844,98.91000366210938,32.12057335251776,31.438878627867915,50.08852065582501,45.76104911093618,44.652330140048214
GKOS,2024-05-02,108.22000122070312,96.88999938964844,105.02999877929688,35.876139041178014,33.35016742740134,50.850830825607176,46.248075945418904,44.785063310345116
GKOS,2024-05-03,107.25,101.56999969482422,106.51000213623047,35.92991961956032,33.39538077925731,50.858056829501855,46.24313415737053,44.757851790171
GKOS,2024-05-06,110.7300033569336,104.66000366210938,105.01000213623047,36.428983613230734,33.39429133886998,50.841321262688425,46.14291333031449,44.03743675138402
GKOS,2024-05-07,110.22000122070312,103.41000366210938,107.9800033569336,36.984367056955655,33.829259873906125,50.949808338627946,46.23725865723904,43.517584109010855
GKOS,2024-05-08,108.0,105.22000122070312,106.91000366210938,37.26313206941963,33.91620445477296,50.64558002173797,46.232333404478055,42.9472268018843
GKOS,2024-05-09,108.23500061035156,106.83000183105469,107.62000274658203,36.38056162184444,33.31492593697501,36.29894637653106,46.183091878839036,42.89848160025519
GKOS,2024-05-10,111.38999938964844,107.83000183105469,110.45999908447266,36.72992973580451,33.608182401794295,34.7403111974981,46.26641830806416,42.892740585257194
GKOS,2024-05-13,111.47000122070312,106.66999816894531,108.36000061035156,37.05289273752545,33.806318389029,34.51354927806446,46.25112483350759,42.94176129206069
GKOS,2024-05-14,111.19999694824219,106.80999755859375,110.97000122070312,34.89989559394395,33.10562208893652,34.455172416836184,46.31918633131503,42.993055266989785
GKOS,2024-05-15,113.97000122070312,111.33000183105469,111.38999938964844,32.14068382117976,33.05929180334808,34.2483492119589,46.31951284863368,42.96319360384692
GKOS,2024-05-16,112.13999938964844,109.69000244140625,110.41000366210938,32.34034004074905,33.13927788334785,32.74765193323215,46.28272194796718,42.97726354063619
GKOS,2024-05-17,110.83999633789062,107.41000366210938,109.79000091552734,31.769672901961677,32.99134318357268,32.272572008847355,46.291686088184754,42.980248581585066
GKOS,2024-05-20,110.37999725341797,108.45999908447266,109.2699966430664,30.08045152226817,32.65557733386237,31.82463488519211,46.28465767267997,42.98541696449693
GKOS,2024-05-21,109.08999633789062,107.22000122070312,108.52999877929688,30.179973297656044,32.46558085801313,31.85178600427595,46.292171294871466,42.92809071066145
GKOS,2024-05-22,109.98999786376953,107.54000091552734,107.7300033569336,29.832158865327507,32.374547879875934,31.889498736267203,46.24660541671023,42.931963594955945
GKOS,2024-05-23,108.80799865722656,106.12999725341797,107.44000244140625,29.799033399722163,32.3563729792106,31.817146357118396,46.00350159840691,42.88777115842522
GKOS,2024-05-24,109.62300109863281,107.27999877929688,108.88999938964844,29.691124157773206,32.17563406229404,31.392706663835902,45.96415516904358,42.79369175369189
GKOS,2024-05-28,109.55999755859375,107.41000366210938,109.30000305175781,29.21390485645865,32.17521206093304,31.33053996039912,45.92676797822049,42.700363925350324
GKOS,2024-05-29,111.03199768066406,107.66999816894531,110.33999633789062,29.24188625114845,32.17040140431517,31.328414579669484,45.87945997396014,42.69474952038597
GKOS,2024-05-30,115.0999984741211,110.26000213623047,110.69999694824219,29.20664116924928,30.227627148793317,31.14025669916512,45.867407201192606,42.67958120516157
GKOS,2024-05-31,113.5999984741211,110.6500015258789,112.72000122070312,28.64070456939628,30.29351187022443,30.793395241082074,45.887569343233864,42.65061046345294
GKOS,2024-06-03,115.61499786376953,112.41000366210938,114.33999633789062,28.639942568116595,29.50259015838016,29.752592876887746,45.890438883496856,42.57023649881306
GKOS,2024-06-04,113.6449966430664,111.05000305175781,111.62999725341797,29.2721628539236,29.76726895739307,30.04592878527222,45.9894696016071,42.33413597252463
GKOS,2024-06-05,115.77999877929688,110.37000274658203,114.70999908447266,29.613994469253768,30.05049022205979,30.290280495559145,46.08315250010966,42.40374437043971
GKOS,2024-06-06,115.12000274658203,113.16000366210938,113.95999908447266,29.731816541247795,30.132151303352984,30.316387239928755,46.07516164644932,42.28889341170057
GKOS,2024-06-07,115.55000305175781,113.22000122070312,113.91000366210938,29.540023088066427,30.144390506738826,30.304518732443597,46.05145286732763,42.220403936565255
GKOS,2024-06-10,113.80000305175781,110.52999877929688,113.0,29.59745926333573,29.789023349261974,30.349567895915158,46.05482200030346,42.16789977778916
GKOS,2024-06-11,114.33000183105469,110.80000305175781,113.16999816894531,28.451705453698345,29.749906361458102,30.270883106921094,46.054379329300616,42.13950311568311
GKOS,2024-06-12,116.25,112.76000213623047,113.4800033569336,27.977071898513152,29.733492363957392,30.26701148347396,46.03187549020667,42.131282141498176
GKOS,2024-06-13,114.83999633789062,112.62000274658203,113.62999725341797,27.031034880935977,29.436156105513394,30.115855930045505,46.001052864764105,42.12437838775576
GKOS,2024-06-14,112.62999725341797,110.33000183105469,112.5999984741211,21.596433605153344,29.51904181591118,30.132059692074524,45.82370923082162,42.13864043165862
GKOS,2024-06-17,112.0199966430664,108.44000244140625,111.98999786376953,21.417152158563947,29.584034376990093,30.130080756888304,45.691302935081644,42.13887276738182
GKOS,2024-06-18,114.80000305175781,110.86000061035156,113.38999938964844,21.091284868726213,29.629747270192112,30.057858453386068,45.67383978082041,42.15152097232638
GKOS,2024-06-20,113.29000091552734,109.9000015258789,111.66000366210938,20.288161037950697,29.89227049537963,30.052191053835497,45.18114446493506,42.145241154987055
GKOS,2024-06-21,113.20999908447266,110.25,113.0199966430664,20.24927535002178,29.904605086910273,29.990604570623702,45.195275778552734,42.06577993231063
GKOS,2024-06-24,114.31999969482422,111.77999877929688,111.9800033569336,20.445799674798593,29.40382489743539,29.500718975937808,45.05257088102654,41.96254053761291
GKOS,2024-06-25,113.61000061035156,111.43000030517578,112.51000213623047,19.094574382526954,29.261801159282292,29.240366059285204,45.04293946620916,41.96231477565331
GKOS,2024-06-26,116.91000366210938,112.41999816894531,116.66000366210938,20.779753392767862,29.856190092456213,29.372029911098373,45.11830455493534,42.065918325793355
GKOS,2024-06-27,117.91000366210938,115.30999755859375,117.37999725341797,19.811760816181028,28.45386635425183,29.376894807140282,45.11334372625427,42.05933157120537
GKOS,2024-06-28,119.88999938964844,116.37000274658203,118.3499984741211,19.890839291808216,26.649611164662605,29.32927705674182,45.10854060055753,42.05273244799852
GKOS,2024-07-01,118.69499969482422,115.86000061035156,117.41999816894531,19.847737661610733,26.73125917773277,29.17040080246164,45.044860460943674,42.06193798281755
GKOS,2024-07-02,121.04000091552734,117.4800033569336,118.9800033569336,19.964272934832643,26.334524865444365,29.192461782642514,44.13781037200179,42.07528687294037
GKOS,2024-07-03,119.66999816894531,117.1500015258789,119.29000091552734,19.839930164933538,25.26350752150569,29.08739626593752,44.12340127191353,42.00847003331724
GKOS,2024-07-05,121.98999786376953,118.61000061035156,121.7699966430664,20.25634496299449,25.512795358297975,29.23369883339843,44.117785824996346,42.04819387911455
GKOS,2024-07-08,123.16500091552734,120.97000122070312,122.56999969482422,19.98563475712352,25.212433816826657,29.24021542308723,44.032158210787706,42.04220927592194
GKOS,2024-07-09,123.54000091552734,121.63999938964844,121.75,20.141153073947425,25.24593865089015,28.84020117499514,43.977634275824805,42.05103448469607
GKOS,2024-07-10,121.1500015258789,116.62000274658203,120.12999725341797,20.566350593659845,25.322514609830694,28.90914557141267,43.96837165664595,42.03434051893116
GKOS,2024-07-11,123.55999755859375,118.08499908447266,123.23999786376953,21.55762216931503,25.454298671367702,29.0804045611851,44.01511840419545,42.09725008008795
GKOS,2024-07-12,125.47000122070312,120.87999725341797,121.08999633789062,22.373094474410824,25.831695801183574,28.572660895742274,44.074160942502004,42.135555329075615
GKOS,2024-07-15,123.81999969482422,121.68000030517578,123.16999816894531,22.73481047321137,25.958439018940098,28.632942645322068,43.96866236084392,42.156731294052605
GKOS,2024-07-16,126.37000274658203,123.18000030517578,125.69000244140625,22.863617795135298,25.74418551986442,28.757730320535018,43.90074193945706,41.06326810362457
GKOS,2024-07-17,126.95999908447266,123.0,124.16000366210938,23.08201802138583,25.893325974473015,28.72594982971588,43.747532224580794,41.06797903149923
GKOS,2024-07-18,125.0,112.87999725341797,118.70999908447266,25.818233280773168,27.40975510514781,29.478101761723885,44.106250991797424,41.329859092615756
GKOS,2024-07-19,121.47000122070312,118.36000061035156,120.7300033569336,25.106257712149954,27.292903819017084,29.39178449008028,44.110701430372806,41.31285103097966
GKOS,2024-07-22,123.94999694824219,120.22000122070312,122.7699966430664,25.347563896906195,27.420306206180218,29.368844696373277,44.092671261043435,41.29828852460039
GKOS,2024-07-23,126.0,121.58999633789062,125.27999877929688,25.84408479128055,27.53238556305594,29.467478552382687,44.104583504739495,41.29711601876647
GKOS,2024-07-24,125.38999938964844,121.98500061035156,122.5999984741211,26.644350591605576,27.946818278610724,29.57067032831035,43.11477473376627,41.27793758848904
GKOS,2024-07-25,123.0,117.01000213623047,117.6500015258789,29.533224582808764,28.909191700986135,30.401403836556618,43.43834663442267,41.4769425371386
GKOS,2024-07-26,120.1500015258789,117.44999694824219,119.81999969482422,29.939811517891158,28.88599554997655,30.485728936750395,43.46714822088113,41.45795308403662
GKOS,2024-07-29,122.4000015258789,116.88999938964844,119.69000244140625,29.95136376491238,28.380394108231272,29.323254993124635,43.31841729485189,41.39934731618894
GKOS,2024-07-30,121.12999725341797,116.01000213623047,117.88999938964844,30.191823988962707,26.03263114400958,29.42251600386369,43.263159760297945,41.38274444527667
GKOS,2024-07-31,119.83999633789062,116.12999725341797,117.16999816894531,30.20639726415597,25.960705426775434,28.88918123774865,43.11732925009289,41.381180515022166
GKOS,2024-08-01,118.2699966430664,107.22000122070312,117.61000061035156,30.03813437003342,25.754650835982556,28.724888886687644,42.92802235169064,41.37506124223172
GKOS,2024-08-02,116.31999969482422,111.61000061035156,116.02999877929688,29.954030186332016,25.364377773977136,28.80207837599832,42.65650202683555,41.30893756002987
GKOS,2024-08-05,114.8499984741211,110.11900329589844,113.62000274658203,30.446314890259814,25.67050545192549,29.05011133177537,42.54197968182432,41.36771131629102
GKOS,2024-08-06,118.5199966430664,113.54000091552734,116.7300033569336,31.273001788024214,26.19517686489441,29.298564245152548,42.62507670756612,41.444716669812145
GKOS,2024-08-07,118.0199966430664,114.43000030517578,115.93000030517578,31.34604675823332,25.73454897018037,29.088422370175998,42.59143311462093,41.44517359774787
GKOS,2024-08-08,122.5199966430664,116.19200134277344,120.45999908447266,31.55728565565751,26.513624150711568,29.604126451248884,42.760996599110335,41.60030202899699
GKOS,2024-08-09,123.0199966430664,119.83000183105469,121.62000274658203,31.62092219949414,26.166745741763403,29.61344543435846,42.76160474808668,41.47399075519926
GKOS,2024-08-12,123.05000305175781,120.94999694824219,121.4800033569336,31.55607912767598,26.168140527133836,29.419715675385778,42.6961285392151,41.44193894471803
GKOS,2024-08-13,122.36000061035156,120.2300033569336,121.37999725341797,31.451928129951316,26.085057656522224,29.40546905578758,42.69939095870068,41.4392634740265
GKOS,2024-08-14,122.29000091552734,119.68000030517578,121.83000183105469,31.254451007491863,26.044964349629485,29.40534292356008,42.69833082925839,41.42800874667873
GKOS,2024-08-15,127.51000213623047,123.19999694824219,125.16000366210938,32.161800545476396,26.514568931593296,29.64075037628368,42.13955392352934,41.47837738430115
GKOS,2024-08-16,128.41000366210938,125.16000366210938,127.43000030517578,32.03698877286325,26.63877803651198,29.723966700191685,42.17134360484439,41.4869177284442
GKOS,2024-08-19,128.50900268554688,125.94999694824219,126.5,32.099825204676186,26.637593371036854,29.750595880661717,42.01231508924626,41.38525402297197
GKOS,2024-08-20,127.66999816894531,124.0,124.69000244140625,32.33832572652814,26.845921377057863,29.507800210162742,41.95315096093303,41.41360334437007
GKOS,2024-08-21,130.1300048828125,123.57499694824219,130.0,34.1305739598226,27.941786027291016,30.060916542374088,42.15399000994902,41.580346783718234
GKOS,2024-08-22,131.30999755859375,129.14999389648438,130.05999755859375,33.433564814777675,27.945897851121753,29.955997444559152,42.0805897199049,41.53995731822215
GKOS,2024-08-23,133.33999633789062,130.02000427246094,132.88999938964844,33.38427165422657,28.175263695414177,29.287438541370335,42.10932365181353,41.5818711116756
GKOS,2024-08-26,134.50999450683594,131.9199981689453,133.41000366210938,33.124018504729506,28.17573203369388,28.230951950771587,41.73595338758547,41.5140141877351
GKOS,2024-08-27,135.6300048828125,132.10000610351562,135.25999450683594,32.877262964801766,28.091602006118897,28.264104235987357,41.74700125710963,41.527623727911525
GKOS,2024-08-28,136.36000061035156,134.72500610351562,135.38999938964844,32.585885549920505,27.99658089823595,28.000429147530387,41.73814395418863,41.527842639961406
GKOS,2024-08-29,136.3300018310547,132.52000427246094,132.58999633789062,30.182804883174857,27.87718010951649,27.668425770910606,41.776591879577374,41.549591580632274
GKOS,2024-08-30,134.02000427246094,131.74000549316406,133.88999938964844,29.98243253364139,27.45220171837727,27.683637615321015,41.77215378691487,41.5563044463771
GKOS,2024-09-03,136.60499572753906,131.99000549316406,133.0,29.8473634295885,27.453770861599846,27.563210887489053,41.56278553765383,41.55429310486374
GKOS,2024-09-04,133.57000732421875,130.72999572753906,130.80999755859375,29.872687407183466,27.728059407137078,27.71211495393952,32.21355729378589,41.59341529145481
GKOS,2024-09-05,131.1999969482422,126.13999938964844,128.35000610351562,29.704937494601214,27.99224513998307,27.848689701771157,31.222807691162746,41.60004330845654
GKOS,2024-09-06,129.89999389648438,125.68000030517578,129.27999877929688,26.826561082084165,28.011348536885926,27.72481687029363,30.98252441702695,41.40924584353922
GKOS,2024-09-09,131.63999938964844,128.7100067138672,129.39999389648438,26.44457197539129,28.012372424358382,27.725170589647224,30.844651647311178,41.36160955714972
GKOS,2024-09-10,130.83999633789062,124.01000213623047,125.73999786376953,27.94356808781251,28.71844107705218,28.170125981577655,30.947147621042298,41.44665209953937
GKOS,2024-09-11,126.12999725341797,123.93000030517578,125.5,27.512113304948254,28.64068756513,27.979403841421142,29.987731248918276,41.404269656254236
GKOS,2024-09-12,127.47000122070312,123.01000213623047,126.2699966430664,27.42326798599926,28.613778108568543,27.92368510346271,29.696401396997384,41.39649019512851
GKOS,2024-09-13,128.6300048828125,125.97000122070312,126.27999877929688,27.429293767394785,28.533434631450405,27.694657051278455,29.42374324918961,41.38221944952575
GKOS,2024-09-16,126.8499984741211,123.66999816894531,124.2699966430664,27.565571158585094,28.550990633960495,27.67829607470252,29.497149091187545,41.40709589507164
GKOS,2024-09-17,125.61000061035156,119.54000091552734,121.58000183105469,27.63237317839607,28.874037046362965,27.932503458491464,29.634922481681613,41.471234479527055
GKOS,2024-09-18,125.05599975585938,120.37000274658203,122.30999755859375,26.65071440556429,28.80698188636559,27.893578884130505,29.59163898796503,41.471734621371894
GKOS,2024-09-19,130.27000427246094,123.88999938964844,130.07000732421875,31.668862176223904,31.322195613359987,29.415466493639013,30.144724272736124,41.881846617649046
GKOS,2024-09-20,132.2899932861328,127.4800033569336,127.77999877929688,30.5113586507345,30.78295573846716,29.30647015842555,30.211972144592032,41.91006697872952
GKOS,2024-09-23,130.2100067138672,127.25,127.9800033569336,30.425791022404,30.767803811014055,29.206263958357052,30.20071873813679,41.900446362265434
GKOS,2024-09-24,128.13999938964844,125.18000030517578,127.72000122070312,30.43404369924692,30.742964955881995,28.89328425831801,30.090723722631196,41.90214812417034
GKOS,2024-09-25,128.09500122070312,125.97000122070312,126.29000091552734,30.657811304408984,30.79357101700138,27.464306157434653,29.874249976759316,41.905150731835256
GKOS,2024-09-26,127.55500030517578,125.80999755859375,127.4800033569336,30.740152834863053,30.739981414213567,27.422083217612325,29.249122830399525,41.88803610070998
GKOS,2024-09-27,129.11000061035156,126.74500274658203,128.2899932861328,29.82346103687886,30.757018541805763,27.310929499160054,29.247619767862034,41.735122720358625
GKOS,2024-09-30,130.30999755859375,127.38999938964844,130.27999877929688,29.703598857910368,30.635730285993564,27.08046685781293,29.28182358149413,41.64641052541196
GKOS,2024-10-01,130.11000061035156,124.91000366210938,126.55000305175781,30.86069567488645,31.229454389858102,27.459750302175795,29.507586714357426,41.7373871971284
GKOS,2024-10-02,129.52000427246094,125.5999984741211,128.47000122070312,30.84565680293732,31.332267363383533,27.53092014932088,29.537988730025738,41.33760612211357
GKOS,2024-10-03,128.5399932861328,125.95500183105469,126.80000305175781,28.56544329638367,31.32627421915002,27.35284319914951,29.59194754082231,41.366219324233775
GKOS,2024-10-04,131.63999938964844,128.47999572753906,130.97999572753906,30.150139134735916,31.587981315676295,27.59115730222185,29.76532340828797,41.34919176780279
GKOS,2024-10-07,130.82000732421875,126.18000030517578,126.41999816894531,31.157736737610602,32.241610154060645,27.993536038002603,30.09091156942147,41.51455731352052
GKOS,2024-10-08,130.2899932861328,127.44499969482422,129.27000427246094,31.89050970697095,32.37309865359607,28.188824725250818,30.10265891259553,41.482864811692934
GKOS,2024-10-09,130.6300048828125,128.33999633789062,129.5800018310547,31.600156708836654,32.12078230091036,28.140447801888847,30.08355145130824,41.478164533992405
GKOS,2024-10-10,128.4499969482422,126.77999877929688,128.24000549316406,31.69674389027845,32.09159069421975,28.181741533343015,30.105152262154363,41.48947740414576
GKOS,2024-10-11,130.30999755859375,126.69000244140625,126.9000015258789,31.293384678513558,30.758718711388067,28.22927904545133,30.077874467862248,41.44878242928828
GKOS,2024-10-14,130.22000122070312,126.70999908447266,130.0399932861328,32.03164486964404,30.962828245978958,28.430571089528318,30.1212644863254,40.80357010975044
GKOS,2024-10-15,130.36000061035156,127.54000091552734,127.61000061035156,32.41279313042286,31.06069450132673,28.58291947180771,30.161933544214943,40.85082777167236
GKOS,2024-10-16,129.7100067138672,127.01000213623047,128.1999969482422,32.128871838466054,30.803687844582395,28.57789818953457,29.868454253008593,40.807122130715456
GKOS,2024-10-17,130.38999938964844,128.3699951171875,129.25,31.745259218110444,30.498007377654595,28.535600501810904,29.73658224535662,40.73943377897395
GKOS,2024-10-18,134.55999755859375,128.25,133.3699951171875,32.95639219965396,29.840022526195487,28.920228272940612,29.73626971439563,40.790522321297274
GKOS,2024-10-21,134.75,131.13499450683594,132.44000244140625,33.038642296505486,29.70369185593014,28.929961901899542,29.75524502909294,40.76329445668042
GKOS,2024-10-22,133.22000122070312,130.38999938964844,131.67999267578125,31.910565795191566,29.73758293070661,28.953974413769778,29.738669269053762,40.74479144030036
GKOS,2024-10-23,131.8699951171875,129.52999877929688,129.94000244140625,32.187150308340065,29.69545132592148,28.93156072329762,29.67649078105819,40.76654141800869
GKOS,2024-10-24,133.07000732421875,130.02000427246094,130.47000122070312,32.16521863985229,29.655315338151727,28.861489640091005,29.659598777920625,40.66699769867614
GKOS,2024-10-25,131.91000366210938,130.00999450683594,130.58999633789062,32.16384452404772,29.65301168720062,28.574997082383568,29.59890205501076,40.58566923694176
GKOS,2024-10-28,135.72000122070312,131.3800048828125,134.0800018310547,32.544231913245255,29.90179612376328,28.556035614057755,29.742245413354862,40.49940384515988
GKOS,2024-10-29,137.80999755859375,133.0590057373047,137.75,32.44125703690515,29.915336532005142,28.809037695473016,29.890577599812694,40.563434906373494
GKOS,2024-10-30,139.5050048828125,136.6699981689453,138.67999267578125,32.44559705149059,29.512393822683052,28.81671931711878,29.666208948671347,40.546708510156805
GKOS,2024-10-31,138.28799438476562,131.6300048828125,132.25,31.05893808285929,31.20920784146562,29.82772074496709,30.21717926751533,40.81955861621332
GKOS,2024-11-01,134.16000366210938,129.0800018310547,131.77000427246094,30.6014845505994,30.30576583834433,29.839182052563423,30.18672492958951,40.79556395331013
GKOS,2024-11-04,133.77499389648438,128.9600067138672,131.3800048828125,30.62268663870329,30.271815606836082,29.846996597465658,29.840396946641317,39.97437876235657
GKOS,2024-11-05,131.08999633789062,124.5999984741211,127.86000061035156,31.677572312850767,30.825399666141713,30.19089370224307,30.026191098094053,40.08625035775088
GKOS,2024-11-06,142.4499969482422,130.91000366210938,140.63999938964844,41.80394976798684,36.3902345090579,33.635695289923284,31.992213759253257,41.13568929413063
GKOS,2024-11-07,143.24000549316406,136.05999755859375,139.3300018310547,41.93091759859192,36.469461169590566,33.66420353610699,31.960411274460952,41.04313449262575
GKOS,2024-11-08,143.5800018310547,137.92999267578125,141.75,42.12521334616465,36.2411649259389,33.70991425073112,31.888579742762385,40.98094586413006
GKOS,2024-11-11,145.50999450683594,141.5500030517578,143.0399932861328,42.00739095864658,36.119961997428625,33.60806024355113,31.80763575033177,40.86584640388474
GKOS,2024-11-12,144.42999267578125,141.69000244140625,143.6300048828125,40.88558293749872,36.07087734515759,33.573703255108185,31.756613985600968,40.72549731527351
GKOS,2024-11-13,145.83999633789062,143.1999969482422,143.25,40.79971127438191,35.92090829505612,33.53179175836251,31.750724547040722,40.487859306448165
GKOS,2024-11-14,143.67999267578125,138.16000366210938,138.6199951171875,41.89129259693301,35.67779100819568,33.99473846157778,31.949649787911,40.488787933153624
GKOS,2024-11-15,139.4499969482422,137.0,138.44000244140625,40.96020356345802,35.68089849096093,33.55468259247637,31.95278767939354,40.48286157137608
GKOS,2024-11-18,139.8000030517578,136.64999389648438,136.97999572753906,39.606069658742086,35.50011066847182,33.6036150158963,31.983902876685598,40.468878252330676
GKOS,2024-11-19,144.99000549316406,135.74000549316406,144.2100067138672,41.705459764499714,36.99928155211869,34.510151860077556,31.914091007034816,40.734716753288545
GKOS,2024-11-20,144.4949951171875,139.86500549316406,141.44000244140625,42.23700769267276,37.14573470742643,34.641959846181855,31.996208361038708,40.79395193029202
GKOS,2024-11-21,144.13999938964844,140.69000244140625,140.8300018310547,42.10713415385055,37.16019689701673,34.60764122653438,31.7137256078908,40.75134101483696
GKOS,2024-11-22,146.0850067138672,141.17999267578125,144.0,42.256304924419844,37.14356308318872,34.7612363918412,31.717946079348536,40.795880933307075
GKOS,2024-11-25,146.86000061035156,141.74000549316406,142.94000244140625,41.93803642883594,37.14452280892539,34.66174945246448,31.720163604128988,40.8092629015757
GKOS,2024-11-26,144.0,139.5399932861328,140.72999572753906,41.79889684827959,37.268743819071915,34.75926935813736,31.79413260724052,40.379880910022536
GKOS,2024-11-27,144.50999450683594,141.55999755859375,142.69000244140625,41.91002407806949,37.178605332476586,34.790473712075794,31.817515158341266,40.393309210425016
GKOS,2024-11-29,144.4199981689453,142.14999389648438,143.64999389648438,41.89832592363235,36.94760120280593,34.71638280743465,31.694339849062743,40.254373301840296
GKOS,2024-12-02,142.38499450683594,138.72000122070312,139.0800018310547,42.284367309439716,37.586855431970946,34.92308062665518,31.958628204111683,40.32215126191681
GKOS,2024-12-03,138.75,133.3000030517578,136.0,42.78253217245157,37.89715560969954,34.99703036583017,32.0942788129145,40.36968887897706
GKOS,2024-12-04,140.16000366210938,135.52000427246094,138.27000427246094,42.96985642379806,37.52431774940427,34.99159444757324,32.025935749239366,40.3411394040247
GKOS,2024-12-05,137.89100646972656,134.61000061035156,135.6999969482422,43.16340309193583,37.74957165792216,34.997715928602105,32.11647105968435,40.38001747749454
GKOS,2024-12-06,142.8000030517578,136.5,140.27999877929688,44.131740577462004,38.30090339601854,35.309634146282164,32.32181480731112,40.22804395491771
GKOS,2024-12-09,142.63999938964844,136.90499877929688,138.69000244140625,44.31210373904225,38.394461231878466,34.58934970602282,32.36114221283586,40.24994026176515
GKOS,2024-12-10,141.55999755859375,136.13999938964844,136.3800048828125,44.01459214407282,38.40947763092208,34.62275120066145,32.43669149820049,40.28889568439481
GKOS,2024-12-11,147.64999389648438,140.5050048828125,142.88999938964844,45.38516455347459,39.18279112631618,35.282494952208886,32.84135083643386,40.479077297438906
GKOS,2024-12-12,145.7899932861328,140.05499267578125,140.32000732421875,45.69453189969345,39.40767712985348,35.290280876864564,32.73472569294235,40.53039604073306
GKOS,2024-12-13,142.75,138.82000732421875,138.92999267578125,43.52144004550921,37.49558486805819,35.14706059680026,32.71899299423532,40.39283238352861
GKOS,2024-12-16,144.97500610351562,137.60000610351562,144.1300048828125,44.65475287041817,37.98532084036511,34.92765661505607,32.9253889406333,33.81616864209167
GKOS,2024-12-17,147.5,143.2100067138672,146.35000610351562,44.75648348732919,38.08245259773567,34.89545401969054,32.57660895283785,33.0927503403033
GKOS,2024-12-18,147.35000610351562,143.80999755859375,145.13999938964844,43.957073653332586,38.1341010426486,34.93048545038406,32.05762288676668,32.94804930179283
GKOS,2024-12-19,148.6699981689453,143.72000122070312,143.74000549316406,34.59611289646362,38.11194662179138,34.873225830208284,32.08534834375794,32.87487564067115
GKOS,2024-12-20,151.1199951171875,141.52999877929688,150.8800048828125,37.101341294054905,39.25367747270458,35.61936630157958,32.40827987715751,33.11883182258321
GKOS,2024-12-23,151.9199981689453,147.07000732421875,148.36000061035156,37.25250604731117,39.45165650033411,35.7511621120082,32.19309711435066,32.537960174938426
GKOS,2024-12-24,151.9199981689453,148.64999389648438,151.22000122070312,37.54140539415633,39.510877900954725,35.75809553396975,32.25100259406916,32.387785890589235
GKOS,2024-12-26,153.5,150.00999450683594,152.6699981689453,37.60272201016958,38.98344285749614,35.57233465265698,32.189990754074046,32.216363092777044
GKOS,2024-12-27,152.9499969482422,148.5800018310547,151.16000366210938,37.740749772707446,38.99330121393065,35.41966619508653,32.2126845889157,32.235106928362555
GKOS,2024-12-30,151.66000366210938,148.22999572753906,149.50999450683594,36.50797825595531,38.959197677470755,35.453495578019286,32.21578813967811,32.261797226058256
GKOS,2024-12-31,153.49000549316406,149.94000244140625,149.94000244140625,36.490062009166394,38.46496118022214,34.9861746330879,32.15533644879122,32.23077737074584
GKOS,2025-01-02,152.17999267578125,148.00999450683594,149.67999267578125,36.30003054165735,37.66638739697793,34.971417833687056,32.15875626222555,32.05985391700662
GKOS,2025-01-03,151.9199981689453,149.27499389648438,151.4499969482422,33.40098371008399,37.49515113981749,35.00110801684374,32.175660849837755,32.0519303029873
GKOS,2025-01-06,155.75999450683594,150.9199981689453,155.1999969482422,33.420180210444705,37.7607291978524,35.17509780956178,32.184331005776436,32.117697293741855
GKOS,2025-01-07,157.30599975585938,153.33999633789062,156.60000610351562,33.38601504285047,37.675694432320824,35.189827595225275,32.16353795877615,32.04655692314375
GKOS,2025-01-08,159.1199951171875,155.35000610351562,158.1199951171875,32.969146262445896,37.585974680859046,34.990352415584184,32.06409185879537,31.88091682636299
GKOS,2025-01-10,161.1300048828125,154.88999938964844,156.52999877929688,33.05372168799276,37.43687770939911,34.954858092205995,32.019963711272666,31.485384027555718
GKOS,2025-01-13,153.75,149.552001953125,151.8699951171875,34.028015953390884,37.792094402438074,35.29860061847412,32.24880359696324,31.649770880931356
GKOS,2025-01-14,154.75999450683594,147.2100067138672,147.9499969482422,34.83849898119523,38.255605064279834,35.484767699149145,32.400625453993214,31.771201617345056
GKOS,2025-01-15,150.77000427246094,142.7100067138672,149.77000427246094,34.95079064955139,38.29089070404131,34.943508517964744,32.40654755727883,31.78323094774952
GKOS,2025-01-16,158.00999450683594,149.55999755859375,156.50999450683594,35.54951679158659,38.78316086269177,35.59134614739253,32.63802506311492,32.052398573030956
GKOS,2025-01-17,157.8300018310547,153.6750030517578,156.38999938964844,34.700025882899666,38.737843076669726,35.45333137616046,32.59136893021957,32.05367871901837
GKOS,2025-01-21,161.30499267578125,157.29100036621094,159.33999633789062,34.76904384667282,38.83184059610472,35.555009084231486,32.48696223791953,32.06646913092022
GKOS,2025-01-22,160.39999389648438,158.6300048828125,160.1199951171875,34.04883678229357,38.68075844765358,35.50664107170824,31.762752527571397,32.066122695374624
GKOS,2025-01-23,163.7100067138672,158.25,161.22000122070312,33.028737427206515,38.68674879829383,35.51586721620116,31.737095099909794,32.01396933258286
GKOS,2025-01-24,161.3300018310547,158.2949981689453,160.22000122070312,32.8438694093479,38.734962630695094,35.353731531734795,31.692822202045186,32.011206850349964
GKOS,2025-01-27,161.22500610351562,153.02000427246094,157.02999877929688,33.04679121628608,38.72928303701514,35.50224499235603,31.657067924310013,32.07907275543579
GKOS,2025-01-28,160.1699981689453,156.13999938964844,159.67999267578125,30.810900941950397,38.50984717394591,35.55793837836866,31.671706904338425,32.06836073517934
GKOS,2025-01-29,161.1300048828125,157.875,159.00999450683594,30.210688343626135,38.52329439153527,35.448651519388925,31.676476999797252,32.02586747999518
GKOS,2025-01-30,161.26499938964844,157.66000366210938,157.75,30.134910772864515,37.17084273539034,35.325858926347884,31.57094858041788,32.00366142603153
GKOS,2025-01-31,159.4199981689453,154.25,156.44000244140625,28.707449168600686,37.218836099780624,35.35437215744721,31.49448591854307,31.819292141671568
GKOS,2025-02-03,158.88999938964844,153.8000030517578,156.0800018310547,28.490895611981987,37.21466889462467,35.360371783986025,31.391854084291467,31.726687408917932
GKOS,2025-02-04,157.86000061035156,153.7899932861328,154.32000732421875,28.60109721979946,36.80848025325437,35.08477932297653,31.430031370209388,31.61982558165076
GKOS,2025-02-05,157.77999877929688,152.99000549316406,157.11000061035156,28.735676900858603,31.58136818380634,35.168926653944624,31.461834055882875,31.659280922131572
GKOS,2025-02-06,156.77000427246094,152.5,155.27999877929688,25.5727179427708,31.620772003584257,35.23284959348929,31.49072807404007,31.668600802762985
GKOS,2025-02-07,156.8000030517578,152.45700073242188,153.0800018310547,25.42749693911092,31.623697265684843,35.32696747411403,31.539251048942628,31.63298954439059
GKOS,2025-02-10,153.80999755859375,149.77499389648438,150.00999450683594,25.557677289356718,31.885424649028018,35.38780610706087,31.63144125361651,31.698987803197692
GKOS,2025-02-11,148.9949951171875,143.63999938964844,145.33999633789062,26.932710252895316,32.5605463927099,35.58757767911104,31.85968318380301,31.834411555444074
GKOS,2025-02-12,144.69500732421875,142.50999450683594,143.63999938964844,26.986747307895083,32.64806997683486,35.64575938731596,31.895209462739626,31.862455792624257
GKOS,2025-02-13,146.76499938964844,142.67999267578125,146.3800048828125,27.47888382207162,32.1393010130901,34.44437239474874,31.930382336848854,31.909318638537982
GKOS,2025-02-14,154.05999755859375,146.82000732421875,153.1999969482422,30.570063849822677,33.41020088778422,35.019171503137144,32.349261744604334,32.059802790607364
GKOS,2025-02-18,157.3300018310547,152.8800048828125,152.9600067138672,30.568932348796235,33.31942813631522,35.023270021599636,32.33914384555786,32.04480400604714
GKOS,2025-02-19,161.77999877929688,153.99000549316406,160.5800018310547,33.45542993126889,33.144697054917636,35.79714058488016,32.80954667124906,32.359668745472945
GKOS,2025-02-20,161.5800018310547,156.85499572753906,157.36000061035156,33.351260401097925,33.168668290468425,35.9121216353759,32.85962627032129,32.20125570214264
GKOS,2025-02-21,142.9499969482422,124.94999694824219,125.87999725341797,72.78079342161769,56.80195011615916,50.67442701062455,42.264258874583845,39.29545063026312
GKOS,2025-02-24,130.69000244140625,124.11000061035156,124.23999786376953,72.619345315756,56.622438485947725,50.70535086620465,42.19497447264109,39.317105660203126
GKOS,2025-02-25,125.30000305175781,116.20500183105469,120.51000213623047,72.90932239447609,56.905388626073695,50.866181725178464,42.234744728291275,39.41362544953586
GKOS,2025-02-26,124.30000305175781,119.41000366210938,120.48999786376953,72.6589122176084,56.845680774024764,50.66383458610253,42.22695515056112,39.3520534903839
GKOS,2025-02-27,122.3550033569336,118.30000305175781,118.33000183105469,72.51861045299314,56.82829171418923,50.67814321994578,42.282966609699294,39.339253227524665
GKOS,2025-02-28,120.19000244140625,116.43000030517578,120.0199966430664,72.56688295327695,56.90409852013456,50.695042344747776,42.30371066984661,39.33686317978924
GKOS,2025-03-03,120.22000122070312,108.38999938964844,109.1500015258789,75.14362589965981,59.66214883731358,52.58262472414642,43.77940957249334,40.48893501587329
GKOS,2025-03-04,113.41999816894531,105.5260009765625,112.20999908447266,75.9600651801014,59.88560733876721,52.50973592735731,43.90200561415307,40.54174358665505
GKOS,2025-03-05,113.69400024414062,110.44000244140625,112.12000274658203,75.50535548143412,59.74649767241698,52.374611886036526,43.90178249878554,40.54177377122806
GKOS,2025-03-06,110.22000122070312,102.97000122070312,103.19999694824219,78.07131268967566,61.855292626516615,53.94311245624785,44.97079341649533,41.39780450517125
GKOS,2025-03-07,106.0199966430664,99.75,104.19000244140625,78.13980679060009,61.42714417767922,53.95960438046754,44.98251667250568,41.104223200890836
GKOS,2025-03-10,101.8949966430664,91.77999877929688,96.66999816894531,80.01711774467623,63.068811427696346,55.17077489234402,45.811325278704004,41.77455323110233
GKOS,2025-03-11,100.0199966430664,96.0,97.79000091552734,80.42888710558962,63.12901879144657,55.046813674134086,45.80209991553322,41.60924893200511
GKOS,2025-03-12,103.94000244140625,99.7300033569336,103.33999633789062,82.52590046186891,63.455216147949436,55.74954744367726,46.253844790040795,41.93401100011975
GKOS,2025-03-13,103.2750015258789,96.26000213623047,96.5999984741211,83.86458360182716,64.67082054382034,56.693923501748564,46.91668923302889,42.47722978293593
GKOS,2025-03-14,103.3499984741211,97.75,102.19000244140625,86.46509339080067,65.91906124272813,57.44042845373637,47.39617660216375,42.84249935865572
GKOS,2025-03-17,104.47000122070312,101.60700225830078,103.3499984741211,86.77263449221654,65.4331692881596,57.22829090822504,47.21542790042815,42.851054537267615
GKOS,2025-03-18,103.69000244140625,99.5199966430664,100.54000091552734,86.79022292131825,65.43987629036977,57.36196477780502,47.31525455250431,42.88882534216149
GKOS,2025-03-19,102.91000366210938,100.08000183105469,101.23999786376953,87.01238221477013,65.4940508848965,57.38045883083682,47.31200795242762,42.89154515270178
GKOS,2025-03-20,102.44000244140625,99.58999633789062,100.62999725341797,86.52314273542095,65.48954089064101,57.35765705544834,47.30865574702147,42.896655193331355
GKOS,2025-03-21,102.37999725341797,98.0270004272461,102.26000213623047,86.98408860936533,64.67090758410887,57.42452259368977,47.321876935247154,42.85458270488977
GKOS,2025-03-24,108.62000274658203,104.7300033569336,107.61000061035156,88.99496391680177,65.69301763129197,58.04585224368412,47.71622492177414,43.14727107297201
GKOS,2025-03-25,108.41000366210938,105.77999877929688,106.91000366210938,88.96984427489943,65.49533590733583,57.87211646338155,47.65483001487383,43.15315119916611
GKOS,2025-03-26,107.12000274658203,102.6500015258789,103.12999725341797,89.06562689798537,65.70492065678776,57.92521707770446,47.829006307360906,43.30588552896039
GKOS,2025-03-27,105.06999969482422,102.19999694824219,103.62000274658203,89.18870835404952,65.74132518449667,57.917667681318264,47.828808646631494,43.30277393448478
GKOS,2025-03-28,102.75599670410156,99.1500015258789,102.0,88.7475971801423,65.76317251992515,57.51395529580816,47.83831567476412,43.3210556352698
GKOS,2025-03-31,100.47000122070312,95.98999786376953,98.41999816894531,87.27926116462437,66.0067459856633,57.75384764044067,47.9105084265943,43.35031858655654
GKOS,2025-04-01,98.38999938964844,94.25,97.08999633789062,87.19095872718054,66.01101027343847,57.77876375236155,47.89364750881887,43.339094686165176
GKOS,2025-04-02,100.56500244140625,94.1500015258789,100.04000091552734,86.16568762741966,66.33839681956614,57.88244352913099,47.98711654115697,43.4221203254596
GKOS,2025-04-03,95.37999725341797,86.72000122070312,87.0,93.35517629697053,71.3601725404501,59.77008156284954,50.63978480117852,45.449926502323905
GKOS,2025-04-04,85.47000122070312,77.91000366210938,83.6500015258789,71.08696454417385,71.50713523174734,60.016167421659325,50.817032536114205,45.308784555472364
GKOS,2025-04-07,89.93000030517578,78.77999877929688,86.06999969482422,72.12932786415477,71.83738263652918,60.14980318456048,50.69091401109374,45.40116553421451
GKOS,2025-04-08,91.76499938964844,80.45999908447266,82.2699966430664,72.57583024424196,72.19494849541034,60.442467135667535,50.9003390389725,45.533114196774385
GKOS,2025-04-09,94.45999908447266,80.5,93.55000305175781,83.29727558788235,77.49625184930677,64.06394295823937,53.15114709872506,47.16456611426023
GKOS,2025-04-10,91.41500091552734,87.66000366210938,89.66000366210938,83.84079511148391,77.73066601982272,64.34927914926966,53.307584220529044,47.34731680095263
GKOS,2025-04-11,91.25399780273438,86.31500244140625,90.06999969482422,83.6533592438647,77.65985953112421,64.20632275758665,53.260916007036265,47.324578771043726
GKOS,2025-04-14,93.2300033569336,90.1500015258789,92.91000366210938,80.38653255593586,77.33008262267798,64.44977444690247,53.1926480152786,47.427037768732895
GKOS,2025-04-15,94.55000305175781,92.66999816894531,94.5199966430664,80.0695056712595,77.4959280872301,64.52805097387946,53.18712193411462,47.447970601794275
GKOS,2025-04-16,92.9800033569336,86.15499877929688,88.80000305175781,81.71565760901025,78.06607103387545,64.5825980763041,53.67628893971978,47.83465506077542
GKOS,2025-04-17,91.43000030517578,88.02999877929688,90.26000213623047,78.79634220311887,78.19250937496919,64.6265814522102,53.694013289832974,47.86341939184959
GKOS,2025-04-21,89.85900115966797,87.16500091552734,88.30000305175781,78.83845732398468,78.15726341490216,64.68598928600588,53.74591585813734,47.912446039793174
GKOS,2025-04-22,90.50199890136719,88.13999938964844,89.7300033569336,76.24635691963658,78.33694465810493,64.62779611514303,53.78282470826553,47.906439436052956
GKOS,2025-04-23,98.86000061035156,91.86000061035156,92.61000061035156,76.78671325575705,78.75787595260118,64.88271949533987,53.90563918497679,47.99024020928736
GKOS,2025-04-24,95.43000030517578,93.0,95.43000030517578,75.49701357453216,78.98807224711807,65.08480554418531,53.980343323426695,48.0187545421827
GKOS,2025-04-25,96.70999908447266,93.19999694824219,96.68000030517578,73.05884192622487,79.10753516128753,65.0792687487754,53.903603273515344,47.987860499502474
GKOS,2025-04-28,97.37999725341797,92.79000091552734,93.80999755859375,71.55632540912237,79.2339863352724,65.18923572950578,54.00916109249726,48.08107900994884
GKOS,2025-04-29,94.72000122070312,92.81999969482422,93.83000183105469,71.43805796397704,79.25485918865398,65.03707501697087,53.80454709803693,48.07461387289444
GKOS,2025-04-30,94.5,90.30999755859375,94.25,71.09191408308045,79.28967470216679,64.98277677849529,53.793261763228514,48.07306580325877
GKOS,2025-05-01,85.43000030517578,77.10199737548828,83.54000091552734,78.86307774083141,82.55816870953933,67.49638606637407,55.61168610194333,49.50665610838726
GKOS,2025-05-02,89.62000274658203,84.38099670410156,87.61000061035156,80.40028296153487,83.2110098529813,67.97277195385901,55.92100106453469,49.72583867388467
GKOS,2025-05-05,87.66999816894531,84.73999786376953,86.86000061035156,80.16628022033684,83.21029155204992,67.70804126872304,55.922868086699815,49.639791777786115
GKOS,2025-05-06,87.55999755859375,84.26100158691406,87.19999694824219,78.4285542017564,83.2508606583845,67.71362627788888,55.82188323267213,49.26833922148644
GKOS,2025-05-07,89.47000122070312,86.4000015258789,88.23999786376953,78.6191383598704,83.33172599396508,67.73545602153403,55.79573888456164,49.26238770691026
GKOS,2025-05-08,92.2699966430664,88.2249984741211,90.54000091552734,78.63523260517151,83.49087651057063,67.41554031043417,55.88868603550103,49.31476065526695
GKOS,2025-05-09,91.83000183105469,89.55000305175781,89.95999908447266,78.58977427749886,83.48745532542463,67.38107789823566,55.87141901290248,49.23513156660817
GKOS,2025-05-12,96.20999908447266,93.41999816894531,94.63999938964844,80.12436884722071,84.17385998836968,67.9407872144192,55.980298842785395,49.494052106139755
GKOS,2025-05-13,95.78500366210938,92.12000274658203,92.36000061035156,79.78227700733737,83.51746899067827,67.70391355481713,56.043561976544,49.546467202896295
GKOS,2025-05-14,93.69999694824219,91.12000274658203,91.56999969482422,79.73275270822336,83.505208161978,67.6328082020601,55.979575854793126,49.48042038907381
GKOS,2025-05-15,92.62000274658203,89.0,91.62000274658203,79.16451397693885,82.6766258693236,67.63536089346725,55.97593941782281,49.44588487988623
GKOS,2025-05-16,95.54499816894531,91.52999877929688,95.47000122070312,68.6781239943809,83.28655965231991,68.0186136866952,56.17864797864514,49.56247836555232
GKOS,2025-05-19,95.87999725341797,92.63999938964844,95.8499984741211,67.49359826569012,70.244225815371,67.50803632707407,56.181963862710006,49.56265475773385
GKOS,2025-05-20,98.00499725341797,94.41999816894531,97.48999786376953,67.21937484613811,70.35784907104372,67.5644737251677,56.18051512996271,49.586740410214446
GKOS,2025-05-21,97.7020034790039,94.53500366210938,94.81999969482422,66.2937050042047,70.31648609743387,67.56278740165538,56.248120944490246,49.659133372394265
GKOS,2025-05-22,97.48999786376953,93.5199966430664,97.19000244140625,55.38370691215875,70.55836297098776,67.68652933132586,56.33312242849351,49.72153993266344
GKOS,2025-05-23,96.80000305175781,94.63999938964844,96.0199966430664,53.981228514393166,70.5164869737009,67.69183623787633,56.31894587991834,49.73117623466918
GKOS,2025-05-27,101.56999969482422,96.56999969482422,96.97000122070312,54.022298960793314,70.4756868277725,67.72211735212863,56.297810115625445,49.7370073490249
GKOS,2025-05-28,97.33999633789062,94.66999816894531,94.95999908447266,53.73257619758453,67.96454665212694,67.7631807778076,56.3346157739014,49.778865551851084
GKOS,2025-05-29,97.03500366210938,94.00499725341797,94.87000274658203,53.50663446158011,67.678015443662,67.76413378438998,56.333814576703745,49.75932861043472
GKOS,2025-05-30,95.13999938964844,91.97000122070312,94.29000091552734,50.17191658586968,67.6801185565287,67.71398066659499,56.2449463125263,49.760566914662505
GKOS,2025-06-02,95.19999694824219,91.37000274658203,94.79000091552734,50.00019963589747,65.60840398564414,67.57180435798698,56.25083538172887,49.75383946424131
GKOS,2025-06-03,96.91000366210938,93.875,94.48999786376953,49.52432698870786,65.5693858953576,67.53565272246973,56.24372680508659,49.75298444970925
GKOS,2025-06-04,94.98999786376953,90.91999816894531,90.95999908447266,50.68491799995903,64.23179004000997,67.69588327220606,56.408517840038385,49.8577627295958
GKOS,2025-06-05,93.80999755859375,90.9000015258789,92.69000244140625,50.135961319530566,64.31029015433123,67.80194359418019,56.43570769456004,49.87377441380125
GKOS,2025-06-06,95.0,92.91999816894531,92.98999786376953,49.33959437341828,63.24728125699767,67.69607022472219,56.387023219625185,49.82115455811723
GKOS,2025-06-09,94.87999725341797,92.31999969482422,94.63999938964844,49.46904518858241,61.860868709271536,67.70273924578765,56.42537495765878,49.776219153333535
GKOS,2025-06-10,96.38999938964844,94.17500305175781,95.63999938964844,48.765868927373,60.77411964942778,67.69251836132091,55.94512477749548,49.78553177915635
GKOS,2025-06-11,102.56300354003906,96.0999984741211,99.1500015258789,49.832348363213534,61.1999707071334,67.5587474276466,56.08979650045976,49.920899553942085
GKOS,2025-06-12,98.83999633789062,96.01000213623047,97.5999984741211,50.083721698512264,61.02608738418368,67.57919947667571,56.11430467794782,49.938511323429324
GKOS,2025-06-13,99.69999694824219,96.01000213623047,97.5999984741211,34.313879719762795,61.00655528759334,67.4795132357067,56.11455114124473,49.93810754542052
GKOS,2025-06-16,101.87999725341797,98.31999969482422,100.13999938964844,32.50373583001855,61.232098177060614,67.63698425556683,56.19429175876167,50.00616108644211
GKOS,2025-06-17,101.73999786376953,97.54000091552734,99.80999755859375,32.35480690794799,61.142504691715224,67.61209222205477,56.180430443612025,50.00661070371994
GKOS,2025-06-18,102.81999969482422,98.18000030517578,102.33999633789062,32.88856073013303,60.437750922165215,67.77713859029654,56.259985070449346,50.06421924822276
GKOS,2025-06-20,103.12000274658203,99.76000213623047,100.1500015258789,33.7329720686531,60.57760379787953,67.78649213575613,56.27629825865306,50.106824584037845
GKOS,2025-06-23,99.76000213623047,96.04000091552734,96.80000305175781,34.8489034100685,60.53032566561319,67.86063434361628,56.31368694786298,50.20224984482823
GKOS,2025-06-24,100.30999755859375,96.8550033569336,100.19999694824219,35.96799562527485,60.9583066998937,68.1501002259236,56.4411431123869,50.30295188325855
GKOS,2025-06-25,101.31500244140625,98.79000091552734,99.30999755859375,33.2273430131345,60.901584591809446,68.15147752892487,56.43113977402269,50.2942903758762
GKOS,2025-06-26,101.29000091552734,98.91000366210938,101.05999755859375,32.59052675133885,60.56006867719712,68.23878126741141,56.33267591872444,50.318664309834624
GKOS,2025-06-27,103.63999938964844,100.45999908447266,101.41999816894531,32.40474190470985,60.49213993022302,68.24963588350703,56.19016009144465,50.317606238292726
GKOS,2025-06-30,104.58000183105469,101.98999786376953,103.29000091552734,32.67487438213044,60.29857324486031,68.33382395680036,56.16846604553485,50.21831560678848
GKOS,2025-07-01,103.05999755859375,100.91999816894531,102.5199966430664,30.85792660230781,52.78958797720802,68.24520995264311,56.17160990315608,50.21873784527495
GKOS,2025-07-02,106.5199966430664,101.95999908447266,103.62999725341797,30.95123403946737,52.08034126594426,68.27608952493125,56.1791922494952,50.22382990983392
GKOS,2025-07-03,104.38999938964844,102.19999694824219,103.5,30.665632983294522,51.82796133241814,68.257731092736,56.168247699617645,50.21844787662967
GKOS,2025-07-07,106.47000122070312,101.38999938964844,101.45999908447266,30.081618643901574,51.07734409474606,68.25560981374683,56.12906803601738,50.236896677185314
GKOS,2025-07-08,104.05999755859375,101.45999908447266,102.43000030517578,29.41245166966452,43.96639867951782,68.14273366833709,56.105045935393846,50.246120363780065
GKOS,2025-07-09,105.5199966430664,101.30000305175781,104.72000122070312,29.682057337049706,43.192286727585135,68.25023619870404,56.16882370832382,50.2528464363067
GKOS,2025-07-10,106.81999969482422,103.38999938964844,106.55000305175781,29.912574985800894,43.29626603986897,68.23776309849556,56.200612597674926,50.27977937214582
GKOS,2025-07-11,105.48500061035156,103.08000183105469,103.80999755859375,30.30391009134734,43.28661157673939,67.88227488086008,56.1445385034091,50.34071169656003
GKOS,2025-07-14,105.41000366210938,103.5,104.19000244140625,30.281546237567014,43.17059606881071,67.89188568036148,56.14371231190189,50.326183862971085
GKOS,2025-07-15,104.72000122070312,98.06500244140625,98.26000213623047,35.10845154423238,42.93465139702646,67.91664295268546,56.54901569644816,50.590558538273356
GKOS,2025-07-16,100.19000244140625,97.5,98.5,35.09055622419946,42.82687744272097,67.88167366726387,56.53393188710494,50.5638234967204
GKOS,2025-07-17,100.33000183105469,98.63999938964844,99.0,35.08096635407513,42.55313930169542,58.15127736518312,56.53544074061374,50.53555940210096
GKOS,2025-07-18,100.31999969482422,97.69000244140625,97.69999694824219,33.33744216968428,42.56016159180224,58.15176940203014,56.551550945120376,50.505955224945076
GKOS,2025-07-21,98.63500213623047,96.69000244140625,96.7300033569336,33.146922146820934,42.15207361677094,57.99062210070526,56.46178843022312,50.50139038241053
GKOS,2025-07-22,97.41500091552734,95.33999633789062,96.36000061035156,33.1766290686126,41.71661874139534,57.99027255346563,56.35800833532346,50.30962354776677
GKOS,2025-07-23,98.20999908447266,95.93000030517578,96.0,32.834525469219415,41.63739650863163,57.93512512597261,56.34883350058671,50.27903058669242
GKOS,2025-07-24,96.18499755859375,92.41999816894531,94.37999725341797,33.07197252534198,41.31907274942036,57.92376975977045,56.11789371081532,50.27333103709074
GKOS,2025-07-25,94.91000366210938,93.27999877929688,94.30000305175781,31.211474977611942,41.31952191216604,55.991296340562,56.11763107080353,50.227911955979835
GKOS,2025-07-28,95.4749984741211,94.05000305175781,94.91999816894531,31.005721324337195,41.33118936719923,55.81196412877436,56.12628991567665,50.1914909474662
GKOS,2025-07-29,95.43000030517578,93.56999969482422,93.76000213623047,31.17806367606567,32.92114232978264,55.837216350320475,56.05928894174224,50.04205559257148
GKOS,2025-07-30,97.76000213623047,94.0199966430664,94.05000305175781,30.146428914107798,31.519173538965156,54.305118937699106,54.86226733976146,50.0066554756816
GKOS,2025-07-31,94.80999755859375,83.47000122070312,86.08999633789062,39.18539377940034,36.439714029530215,56.02425566856266,55.796661219138066,50.76593852421423
GKOS,2025-08-01,86.44000244140625,82.87999725341797,86.16000366210938,38.192347373406896,36.430523957081625,54.788509038071155,55.748054562567226,50.74732385945726
GKOS,2025-08-04,87.8949966430664,85.43000030517578,87.5,38.36226158549021,36.488407227029064,54.81506160305045,55.772182377614,50.772289385674206
GKOS,2025-08-05,89.375,84.58000183105469,88.05999755859375,37.43651818264421,36.1159775845318,54.08132441571776,55.77673667688988,50.77552437513057
GKOS,2025-08-06,90.00499725341797,87.37100219726562,88.48999786376953,35.79384128558263,36.11051249012715,53.048677972989765,55.783964378784056,50.76382713737968
GKOS,2025-08-07,90.30000305175781,85.9800033569336,88.0,35.76806001399151,34.52327545128978,52.25572686134265,55.669443359498175,50.72648687750142
GKOS,2025-08-08,88.91000366210938,84.5999984741211,84.6500015258789,36.53956743348116,35.05927952143195,52.548163629737665,55.83451818318553,50.78844469256817
GKOS,2025-08-11,87.08999633789062,84.37000274658203,87.0199966430664,37.72684047355111,35.5264353720579,52.59474901774247,55.94167894147112,50.867298461491814
GKOS,2025-08-12,89.50499725341797,85.9280014038086,89.33999633789062,38.228411815192295,35.95943164479066,52.762988023866,55.67889529525727,50.78780053180167
GKOS,2025-08-13,92.69499969482422,90.01000213623047,91.79000091552734,39.315670251505274,35.37408556551122,52.94773002983477,55.75354772116838,50.85499810511271
GKOS,2025-08-14,91.36499786376953,88.94000244140625,91.08000183105469,39.08988170819777,35.39028649225081,52.88822825523556,55.756705213441535,50.85934385305488
GKOS,2025-08-15,92.22000122070312,89.12999725341797,89.86000061035156,39.16765570713876,35.28559465140039,52.25648778893222,55.694325311771664,50.87430466939523
GKOS,2025-08-18,91.36000061035156,89.38999938964844,89.5199966430664,38.90192105721248,34.858614776430166,52.251997962862596,55.69161555919968,50.872585487990875
GKOS,2025-08-19,91.02999877929688,88.20999908447266,91.02999877929688,39.17761876217089,34.64599406970132,52.04293444865083,55.71678701786795,50.82590547861749
GKOS,2025-08-20,91.34500122070312,89.23999786376953,90.94000244140625,38.40773985912207,34.56978852000631,52.034100789629576,55.683514055917,50.7892059326252
GKOS,2025-08-21,90.38999938964844,88.84500122070312,89.79000091552734,37.89420077243481,34.57945141432371,52.0148917515455,55.68574405502373,50.79846898823737
GKOS,2025-08-22,94.70999908447266,89.4800033569336,94.1500015258789,40.36783083540057,35.73774781081451,52.286902698453396,55.88561841489912,51.01477808317134
GKOS,2025-08-25,94.17500305175781,91.52999877929688,91.55000305175781,40.935704066051294,36.191058732082816,52.42892636869133,55.91813304488753,50.90349355405742
GKOS,2025-08-26,94.05000305175781,91.43000030517578,93.79000091552734,38.34433464247077,36.52434203989492,52.35150917962281,55.96135676292483,50.9673446055417
GKOS,2025-08-27,96.4000015258789,93.7699966430664,95.12000274658203,38.59725006525362,36.62394161672471,47.41579050216285,55.95908280483294,50.939303443529326
GKOS,2025-08-28,96.6500015258789,94.72380065917969,96.55999755859375,38.844114665587284,36.74507833509687,47.02700845747637,55.83950017898906,50.96290257583011
