Ticker,Date,Open,High,Low,Close,Volume,Realised_Vol_Close_30,Realised_Vol_Close_60,Realised_Vol_Close_100,Realised_Vol_Close_180,Realised_Vol_Close_252,Vol_of_Vol_100d,Vol_of_Vol_100d_Percentile,Kurtosis_Close_100d,Kurtosis_Returns_100d,Normalized_Close
BBIO,2019-06-27,30.61000061035156,31.200000762939453,25.36000061035156,27.549999237060547,4986000.0,,,,,,,,,,53.82961913400857
BBIO,2019-06-28,27.89999961853028,28.0,25.549999237060547,26.96999931335449,865500.0,,,,,,,,,,52.696364112031944
BBIO,2019-07-01,27.420000076293945,27.864999771118164,26.09000015258789,27.3700008392334,324600.0,,,,,,,,,,53.477922383805655
BBIO,2019-07-02,27.26000022888184,27.549999237060547,25.5,27.040000915527344,595500.0,,,,,,,,,,52.833139418314566
BBIO,2019-07-03,27.059999465942383,29.100000381469727,27.059999465942383,28.61000061035156,2097800.0,,,,,,,,,,55.900743336764414
BBIO,2019-07-05,28.61000061035156,29.14999961853028,27.25,28.989999771118164,399900.0,,,,,,,,,,56.64321922285419
BBIO,2019-07-08,28.709999084472656,28.979999542236328,27.905000686645508,28.200000762939453,210600.0,,,,,,,,,,55.09964946226782
BBIO,2019-07-09,28.299999237060547,28.420000076293945,27.299999237060547,27.36000061035156,94300.0,,,,,,,,,,53.4583830543367
BBIO,2019-07-10,27.57999992370605,27.950000762939453,26.84000015258789,27.600000381469727,238900.0,,,,,,,,,,53.9273157813533
BBIO,2019-07-11,27.489999771118164,31.636999130249023,26.979999542236328,29.770000457763672,230700.0,,,,,,,,,,58.16725338071767
BBIO,2019-07-12,29.61000061035156,29.61000061035156,28.2810001373291,28.6200008392334,235900.0,,,,,,,,,,55.92028266623337
BBIO,2019-07-15,28.5,28.725000381469727,27.097000122070312,27.84000015258789,156100.0,,,,,,,,,,54.39624850836991
BBIO,2019-07-16,27.93000030517578,27.93000030517578,25.40999984741211,25.940000534057617,174100.0,,,,,,,,,,50.68386162442897
BBIO,2019-07-17,26.0,26.559999465942383,25.61000061035156,26.1200008392334,109400.0,,,,,,,,,,51.03556210137793
BBIO,2019-07-18,26.209999084472656,27.0009994506836,25.51000022888184,26.0,213300.0,,,,,,,,,,50.80109387449661
BBIO,2019-07-19,26.0,28.14999961853028,24.05599975585937,27.51000022888184,298700.0,,,,,,,,,,53.751465542878826
BBIO,2019-07-22,27.600000381469727,30.799999237060547,27.600000381469727,30.34000015258789,296900.0,,,,,,,,,,59.28096907322534
BBIO,2019-07-23,30.63999938964844,30.663000106811523,28.25,28.82999992370605,192900.0,,,,,,,,,,56.33059740484312
BBIO,2019-07-24,28.82999992370605,30.832000732421875,28.0,28.1200008392334,105100.0,,,,,,,,,,54.94333855326228
BBIO,2019-07-25,28.1200008392334,28.559999465942383,26.01000022888184,26.790000915527344,116700.0,,,,,,,,,,52.344667361829025
BBIO,2019-07-26,27.030000686645508,28.940000534057617,27.0,28.3700008392334,216700.0,,,,,,,,,,55.43181060974782
BBIO,2019-07-29,28.51000022888184,29.46999931335449,28.030000686645508,28.690000534057617,101500.0,,,,,,,,,,56.057054245769955
BBIO,2019-07-30,28.8799991607666,29.0,27.020000457763672,27.780000686645508,97900.0,,,,,,,,,,54.279016258302256
BBIO,2019-07-31,27.86000061035156,29.5,27.43000030517578,29.350000381469727,77800.0,,,,,,,,,,57.346620176752104
BBIO,2019-08-01,29.350000381469727,32.8120002746582,29.350000381469727,29.690000534057617,296700.0,,,,,,,,,,58.010942471712134
BBIO,2019-08-02,29.63999938964844,30.593000411987305,27.700000762939453,28.290000915527344,148300.0,,,,,,,,,,55.275499700742294
BBIO,2019-08-05,28.11000061035156,28.11000061035156,26.63999938964844,26.89999961853028,100600.0,,,,,,,,,,52.55959253249538
BBIO,2019-08-06,27.0,28.21999931335449,26.709999084472656,27.8799991607666,60600.0,,,,,,,,,,54.474402099499656
BBIO,2019-08-07,27.63999938964844,29.57999992370605,27.275999069213867,29.46999931335449,62800.0,,,,,,,,,,57.581084676887386
BBIO,2019-08-08,29.64999961853028,30.489999771118164,28.780000686645508,29.81999969482422,85600.0,,,,,,,,,,58.26494630131636
BBIO,2019-08-09,29.670000076293945,29.989999771118164,25.690000534057617,26.8799991607666,441200.0,75.22119951228706,,,,,,,,,52.520513873557476
BBIO,2019-08-12,26.5,27.3799991607666,25.780000686645508,26.190000534057617,216800.0,75.34529307506148,,,,,,,,,51.17233368091452
BBIO,2019-08-13,26.0,27.09000015258789,25.749000549316406,26.76000022888184,95500.0,75.49426312812811,,,,,,,,,52.286049373422195
BBIO,2019-08-14,26.440000534057617,26.440000534057617,25.315000534057617,25.88999938964844,128700.0,76.01002399780016,,,,,,,,,50.586164977084245
BBIO,2019-08-15,25.63999938964844,27.13999938964844,25.63999938964844,26.76000022888184,172900.0,74.75412748600064,,,,,,,,,52.286049373422195
BBIO,2019-08-16,26.739999771118164,28.31999969482422,26.57999992370605,27.459999084472656,218100.0,75.06943712091164,,,,,,,,,53.65376889553409
BBIO,2019-08-19,27.520000457763672,29.489999771118164,27.440000534057617,28.049999237060547,222700.0,74.94524652619464,,,,,,,,,54.80656324697966
BBIO,2019-08-20,28.020000457763672,29.11000061035156,27.850000381469727,28.65999984741211,159700.0,74.64172878277144,,,,,,,,,55.99843625736312
BBIO,2019-08-21,28.959999084472656,30.0,28.51000022888184,29.81999969482422,133000.0,75.43515243475917,,,,,,,,,58.26494630131636
BBIO,2019-08-22,30.01000022888184,30.5,29.655000686645508,29.799999237060547,100200.0,72.1807923215628,,,,,,,,,58.22586764237847
BBIO,2019-08-23,29.989999771118164,30.600000381469727,28.56999969482422,29.309999465942383,63800.0,71.39642269841158,,,,,,,,,57.268462858876326
BBIO,2019-08-26,29.600000381469727,30.979999542236328,29.43000030517578,30.489999771118164,112300.0,71.72289144850915,,,,,,,,,59.57405156176746
BBIO,2019-08-27,30.63999938964844,31.780000686645508,30.045000076293945,31.26000022888184,171900.0,68.46288560365596,,,,,,,,,61.07854639016199
BBIO,2019-08-28,31.25,31.90999984741211,29.26000022888184,29.61000061035156,144700.0,70.66673588454077,,,,,,,,,57.854631562706594
BBIO,2019-08-29,29.799999237060547,30.920000076293945,27.59000015258789,30.709999084472656,139800.0,71.2237828538949,,,,,,,,,60.003905629846166
BBIO,2019-08-30,30.51000022888184,31.5,29.100000381469727,30.479999542236328,137000.0,69.64660814547486,,,,,,,,,59.55451223229852
BBIO,2019-09-03,30.600000381469727,32.939998626708984,30.489999771118164,32.380001068115234,360800.0,65.98053511892566,,,,,,,,,63.26690284298549
BBIO,2019-09-04,32.290000915527344,32.29499816894531,31.14999961853028,31.479999542236328,200700.0,64.69838270269337,,,,,,,,,61.5084004582407
BBIO,2019-09-05,31.549999237060547,32.20000076293945,30.64999961853028,31.31999969482422,201400.0,64.20949987584783,,,,,,,,,61.195778640229626
BBIO,2019-09-06,31.18000030517578,32.220001220703125,30.86000061035156,30.93000030517578,227000.0,62.50068938641887,,,,,,,,,60.43376342467091
BBIO,2019-09-09,30.940000534057617,31.113000869750977,28.09000015258789,28.350000381469727,221900.0,65.87890349199938,,,,,,,,,55.39273195080994
BBIO,2019-09-10,28.020000457763672,29.020000457763672,26.2450008392334,26.549999237060547,221900.0,68.4515150002741,,,,,,,,,51.875730908066394
BBIO,2019-09-11,26.559999465942383,27.5,26.07999992370605,26.950000762939453,185200.0,68.04045193492689,,,,,,,,,52.65728917984009
BBIO,2019-09-12,27.0,27.285999298095703,26.003999710083008,26.100000381469727,176400.0,66.47472755036145,,,,,,,,,50.99648344244003
BBIO,2019-09-13,26.09000015258789,26.530000686645508,25.32999992370605,25.90999984741211,194100.0,66.31874867259869,,,,,,,,,50.625243636022134
BBIO,2019-09-16,25.90999984741211,26.38999938964844,24.51000022888184,25.3799991607666,173500.0,65.20849069107024,,,,,,,,,49.5896815346442
BBIO,2019-09-17,25.26000022888184,25.70499992370605,24.670000076293945,24.86000061035156,166000.0,63.913408752870005,,,,,,,,,48.57366248948125
BBIO,2019-09-18,24.86000061035156,25.30500030517578,24.43000030517578,24.75,167100.0,62.8673741883486,,,,,,,,,48.35873359206889
BBIO,2019-09-19,24.82999992370605,25.68000030517578,24.32999992370605,24.530000686645508,225000.0,60.29505742712728,,,,,,,,,47.92887952399018
BBIO,2019-09-20,24.59000015258789,26.43000030517578,24.479999542236328,26.270000457763672,3410300.0,63.894125129185376,,,,,,,,,51.328644589920046
BBIO,2019-09-23,26.0,28.25,26.0,27.604999542236328,400000.0,58.34598477044797,66.75559389925697,,,,,,,,53.93708358271475
BBIO,2019-09-24,28.07999992370605,28.363000869750977,25.11000061035156,25.459999084472656,391800.0,62.560247938948265,68.65910451649788,,,,,,,,49.74599244364974
BBIO,2019-09-25,25.530000686645508,26.049999237060547,23.209999084472656,23.38999938964844,306000.0,66.69495282427633,70.68764313535631,,,,,,,,45.7014444122288
BBIO,2019-09-26,23.56999969482422,23.81399917602539,21.200000762939453,21.239999771118164,337000.0,71.41530860896258,73.23691676916417,,,,,,,,41.50058547180232
BBIO,2019-09-27,21.25,22.459999084472656,19.709999084472656,20.1299991607666,412100.0,71.65416974213107,72.82969826909752,,,,,,,,39.331768348447774
BBIO,2019-09-30,20.21999931335449,22.239999771118164,19.280000686645508,21.46999931335449,315600.0,74.1394494696055,74.14783606379144,,,,,,,,41.94997886934997
BBIO,2019-10-01,21.479999542236328,22.68000030517578,20.75,20.89999961853028,192800.0,73.7897069137261,74.13858025498044,,,,,,,,40.836263176842316
BBIO,2019-10-02,20.709999084472656,21.11000061035156,19.32999992370605,19.56999969482422,276400.0,74.89706034447823,75.0072078514465,,,,,,,,38.23759198540904
BBIO,2019-10-03,19.489999771118164,20.229999542236328,19.01000022888184,20.170000076293945,406600.0,74.3694150534004,75.31060252917327,,,,,,,,39.40992566632356
BBIO,2019-10-04,20.440000534057617,20.989999771118164,19.170000076293945,19.43000030517578,327800.0,74.59980584543742,73.66892879245958,,,,,,,,37.96404882633587
BBIO,2019-10-07,19.290000915527344,19.950000762939453,18.51000022888184,19.6299991607666,217000.0,74.93147132303659,73.4418190103818,,,,,,,,38.354824235476684
BBIO,2019-10-08,19.39999961853028,19.850000381469727,18.68000030517578,19.11000061035156,119500.0,73.31600956528032,73.43225108249044,,,,,,,,37.338805190313735
BBIO,2019-10-09,19.290000915527344,19.29400062561035,17.610000610351562,18.350000381469727,170800.0,72.6259284177033,72.55825415534719,,,,,,,,35.85384969138816
BBIO,2019-10-10,18.21999931335449,19.450000762939453,18.15999984741211,18.75,355500.0,72.64064458698097,72.7295409705743,,,,,,,,36.63540423641582
BBIO,2019-10-11,18.979999542236328,19.739999771118164,18.31999969482422,18.530000686645508,262900.0,70.98314805870471,72.7406093197651,,,,,,,,36.20555016833712
BBIO,2019-10-14,18.690000534057617,18.809999465942383,18.049999237060547,18.1200008392334,179300.0,70.94419040062063,71.65209352254148,,,,,,,,35.40445629384051
BBIO,2019-10-15,18.1200008392334,18.979999542236328,18.059999465942383,18.6200008392334,180600.0,68.38373416818135,68.63359960017468,,,,,,,,36.3814004068116
BBIO,2019-10-16,18.520000457763672,18.989999771118164,17.690000534057617,17.959999084472656,159700.0,68.51977390483346,68.30173706268867,,,,,,,,35.09183074908341
BBIO,2019-10-17,18.0,19.0,17.746000289916992,18.51000022888184,144200.0,69.87703833651878,68.64690707901063,,,,,,,,36.16647150939924
BBIO,2019-10-18,18.3700008392334,18.5,17.84000015258789,18.209999084472656,211400.0,69.86206581264678,68.13159740737301,,,,,,,,35.580302805568955
BBIO,2019-10-21,18.3799991607666,18.90999984741211,18.29199981689453,18.6299991607666,169900.0,67.59407407957282,67.11228511602184,,,,,,,,36.400936009534504
BBIO,2019-10-22,18.64999961853028,18.920000076293945,18.34000015258789,18.39999961853028,192200.0,65.79967034363364,67.01286999321792,,,,,,,,35.951542611986866
BBIO,2019-10-23,18.39999961853028,19.0,18.190000534057617,18.479999542236328,259200.0,65.4898913290165,66.85305014697201,,,,,,,,36.107853520992386
BBIO,2019-10-24,18.57999992370605,18.950000762939453,18.34000015258789,18.51000022888184,170600.0,65.34687788739036,65.63048520143215,,,,,,,,36.16647150939924
BBIO,2019-10-25,18.420000076293945,19.43000030517578,17.729999542236328,18.71999931335449,325400.0,65.6706595796924,65.6275483843499,,,,,,,,36.57678624800898
BBIO,2019-10-28,18.780000686645508,19.670000076293945,18.64999961853028,19.440000534057617,277000.0,67.0774680529458,65.72207234985842,,,,,,,,37.98358815580482
BBIO,2019-10-29,19.559999465942383,20.80500030517578,19.520000457763672,20.0,295200.0,67.8313376192635,65.44527378611026,,,,,,,,39.077764518843544
BBIO,2019-10-30,20.0,20.690000534057617,19.809999465942383,20.26000022888184,309400.0,68.07988845631695,65.00382714599434,,,,,,,,39.58577590479804
BBIO,2019-10-31,20.280000686645508,22.90999984741211,20.200000762939453,22.61000061035156,342400.0,75.96924020791604,68.05213418788865,,,,,,,,44.17741398111135
BBIO,2019-11-01,22.82999992370605,24.420000076293945,22.583999633789062,24.14999961853028,306300.0,75.75775377606081,69.49032953945076,,,,,,,,47.18639991115439
BBIO,2019-11-04,24.39999961853028,25.114999771118164,21.63999938964844,23.07999992370605,171600.0,75.04566023265417,66.86987349869419,,,,,,,,45.0957401056756
BBIO,2019-11-05,23.309999465942383,23.88999938964844,21.90999984741211,23.209999084472656,142300.0,71.65247919375676,66.7097713333712,,,,,,,,45.34974393527984
BBIO,2019-11-06,23.229999542236328,23.61000061035156,21.920000076293945,22.15999984741211,107400.0,68.64240294638697,67.13414371392243,,,,,,,,43.29816278873896
BBIO,2019-11-07,22.31999969482422,25.424999237060547,22.31999969482422,24.420000076293945,237800.0,68.37745494978242,69.90026152553848,,,,,,,,47.71395062657781
BBIO,2019-11-08,24.489999771118164,27.739999771118164,24.21999931335449,27.059999465942383,290300.0,71.71954517102434,72.74492508300294,,,,,,,,52.87221435050643
BBIO,2019-11-11,27.71999931335449,28.5,26.4950008392334,26.75,196700.0,70.05577662830773,72.58522577800102,,,,,,,,52.26651004395324
BBIO,2019-11-12,27.14999961853028,28.340999603271484,24.03899955749512,27.959999084472656,229600.0,70.06913882166562,73.03006486302974,,,,,,,,54.63071300850518
BBIO,2019-11-13,28.040000915527344,28.261999130249023,26.200000762939453,26.280000686645508,179300.0,69.72272396362263,73.97490387239738,,,,,,,,51.34818391938899
BBIO,2019-11-14,26.3799991607666,27.93000030517578,25.905000686645508,27.56999969482422,185200.0,70.35893573475448,74.18959809376491,,,,,,,,53.86869779294646
BBIO,2019-11-15,27.84000015258789,28.920000076293945,27.350000381469727,28.26000022888184,225300.0,68.98169124218072,74.38113185870472,,,,,,-0.97,,55.216881712335464
BBIO,2019-11-18,30.309999465942383,30.309999465942383,27.3799991607666,29.06999969482422,459100.0,69.12821235213346,74.54446524063916,71.70012926613958,,,,,-0.98,-0.25,56.79953013185973
BBIO,2019-11-19,29.3799991607666,31.13999938964844,28.75,30.290000915527344,297700.0,68.5199529641506,74.58245301098174,71.9006889076465,,,,,-0.99,-0.28,59.183276152626654
BBIO,2019-11-20,30.049999237060547,33.29999923706055,30.0,33.290000915527344,446000.0,70.09847599850649,76.90335314628119,73.3817887213833,,,,,-0.97,-0.33,65.04494083045319
BBIO,2019-11-21,33.869998931884766,35.66999816894531,32.59000015258789,33.540000915527344,310900.0,70.18739168857749,76.04393557909181,73.35198269996631,,,,,-0.96,-0.33,65.53341288693872
BBIO,2019-11-22,33.470001220703125,34.9900016784668,33.470001220703125,34.0,362700.0,69.58996242378161,75.74602446118021,72.85865454482577,,,,,-0.93,-0.27,66.43219968203404
BBIO,2019-11-25,34.54999923706055,34.880001068115234,30.59000015258789,31.040000915527344,364600.0,75.81621963714679,78.08029400171465,74.30696202110258,,,,,-0.95,-0.32,60.648692322083285
BBIO,2019-11-26,31.01000022888184,31.799999237060547,28.09000015258789,28.290000915527344,261100.0,82.24346989172678,79.34218521830634,75.64615117958301,,,,,-0.95,-0.35,55.275499700742294
BBIO,2019-11-27,28.290000915527344,30.290000915527344,28.040000915527344,29.84000015258789,198300.0,81.59774981097097,79.96070322067894,75.9577205085528,,,,,-0.96,-0.38,58.30402496025425
BBIO,2019-11-29,29.729999542236328,29.972999572753903,28.75,29.0,67700.0,82.53902329005162,80.15766093466394,76.08995133836468,,,,,-0.97,-0.4,56.66275855232315
BBIO,2019-12-02,28.959999084472656,31.600000381469727,28.950000762939453,31.13999938964844,236800.0,83.54693152896564,81.48151456694711,75.98031596498676,,,,,-0.97,-0.4,60.84407816328068
BBIO,2019-12-03,31.030000686645508,32.04999923706055,30.299999237060547,30.559999465942383,617500.0,84.20166593324257,79.53823142804923,75.77546557890611,,,,,-0.98,-0.38,59.71082314130405
BBIO,2019-12-04,31.440000534057617,34.06999969482422,30.95199966430664,33.91999816894531,298300.0,87.45216383604787,81.0468115899505,77.39912144438549,,,,,-0.98,-0.39,66.27588504628245
BBIO,2019-12-05,34.0099983215332,34.97100067138672,31.90999984741211,32.20000076293945,228300.0,89.84496269166688,81.82217519867885,77.00909506282684,,,,,-1.0,-0.37,62.915202366036524
BBIO,2019-12-06,32.349998474121094,33.29899978637695,32.349998474121094,33.02000045776367,203700.0,89.71935202143996,81.61610095821953,77.09208186457434,,,,,-1.01,-0.38,64.51739011502974
BBIO,2019-12-09,33.220001220703125,38.560001373291016,33.095001220703125,36.2599983215332,395800.0,92.2180766016861,83.61867558194334,78.4314291940091,,,,,-0.94,-0.44,70.84798379312683
BBIO,2019-12-10,36.459999084472656,39.63999938964844,36.459999084472656,36.93000030517578,256900.0,92.10244657351627,83.47709261847342,78.00633583656614,,,,,-0.87,-0.4,72.15709278032398
BBIO,2019-12-11,37.0,37.59299850463867,36.119998931884766,36.72999954223633,161500.0,92.40011987217152,83.325026811655,76.51444395166733,,,,,-0.82,-0.34,71.76631364443712
BBIO,2019-12-12,36.52000045776367,38.380001068115234,36.52000045776367,37.45000076293945,163300.0,92.37442034276548,83.33462019257148,76.08938537747122,,,,,-0.77,-0.3,73.17311555223296
BBIO,2019-12-13,37.459999084472656,37.91999816894531,35.290000915527344,36.5,201700.0,89.29022507479895,83.54124119075223,76.0964765941598,,,,,-0.77,-0.3,71.31692024688947
BBIO,2019-12-16,36.38999938964844,38.150001525878906,34.91999816894531,35.15999984741211,405500.0,89.29002215298893,83.00751960619365,75.9277843368136,,,,,-0.82,-0.28,68.69870972598727
BBIO,2019-12-17,35.369998931884766,36.97999954223633,33.619998931884766,34.939998626708984,391600.0,87.79693168996762,82.51023352435935,75.43353061067862,,,,,-0.85,-0.23,68.26885193116253
BBIO,2019-12-18,35.04999923706055,38.9900016784668,35.04999923706055,38.459999084472656,368400.0,90.9144151463823,82.70665651134684,76.88120431488782,,,,,-0.81,-0.29,75.14653938089803
BBIO,2019-12-19,38.0,38.23400115966797,36.0,36.75,362500.0,90.86560207480314,81.22440335669438,77.06398880871876,,,,,-0.85,-0.31,71.80539230337502
BBIO,2019-12-20,36.84999847412109,42.40999984741211,36.75,41.540000915527344,2790600.0,93.08652959584516,81.64848574591862,78.95084169705608,,,,,-0.67,-0.24,81.16451869447614
BBIO,2019-12-23,41.56999969482422,48.36000061035156,40.15999984741211,46.630001068115234,666700.0,94.18112474107194,83.25882099875612,80.92454272746996,,,,,-0.01,-0.27,91.10981006266151
BBIO,2019-12-24,46.61000061035156,47.44499969482422,44.887001037597656,45.5,510300.0,94.61166054097816,82.95253781253089,80.61703556089647,,,,,0.2,-0.24,88.90191428036907
BBIO,2019-12-26,45.68000030517578,46.68000030517578,42.709999084472656,43.0,295800.0,96.6407584760299,83.77134386479428,80.72954501511892,,,,,0.13,-0.25,84.01719371551363
BBIO,2019-12-27,42.93000030517578,43.0099983215332,35.599998474121094,36.84000015258789,870300.0,106.25101217169602,89.10506771861041,84.43591927104869,,,,,0.01,0.1,71.9812425418495
BBIO,2019-12-30,36.93999862670898,37.30400085449219,35.02000045776367,35.439998626708984,453600.0,106.62079763935486,89.5744451049384,84.2640854877287,,,,,-0.06,0.12,69.24579604413361
BBIO,2019-12-31,35.47999954223633,36.220001220703125,34.59400177001953,35.04999923706055,387700.0,106.6484182852665,89.14891666916346,84.27348013991505,,,,,-0.13,0.12,68.48378082857491
BBIO,2020-01-02,35.16999816894531,35.16999816894531,32.0099983215332,33.220001220703125,438200.0,107.87530126541697,90.09220564974213,83.04338205737182,,,,,-0.18,0.15,64.90816925091659
BBIO,2020-01-03,32.86000061035156,33.470001220703125,31.690000534057617,32.220001220703125,846000.0,107.75863729760688,90.15817344903944,83.08583320867344,,,,,-0.22,0.14,62.954281024974414
BBIO,2020-01-06,32.54999923706055,35.810001373291016,31.600000381469727,34.849998474121094,390500.0,106.66254074384544,90.6779867148021,83.91272153402134,,,,,-0.29,0.06,68.09300169268805
BBIO,2020-01-07,35.08000183105469,35.54999923706055,34.16999816894531,34.61000061035156,330200.0,106.6742771503804,90.71990707672224,83.7321002662671,,,,,-0.35,0.09,67.62407269241749
BBIO,2020-01-08,34.349998474121094,35.25,33.5099983215332,34.18000030517578,305100.0,106.67537360785964,90.72726943820987,83.62679221566634,,,,,-0.4,0.1,66.78390015898299
BBIO,2020-01-09,34.61000061035156,34.80899810791016,32.72999954223633,33.560001373291016,343800.0,103.29699908804672,90.66867605139672,83.60621901207872,,,,,-0.44,0.11,65.57249154587662
BBIO,2020-01-10,33.66999816894531,34.970001220703125,30.950000762939453,31.020000457763672,438300.0,102.24361254350389,92.40499013935867,84.52118284926988,,,,,-0.45,0.04,60.60961366314539
BBIO,2020-01-13,31.26000022888184,34.0,29.739999771118164,33.61000061035156,472500.0,103.67687912709438,93.07844144245855,85.39236437822322,,,,,-0.49,-0.04,65.6701844664753
BBIO,2020-01-14,33.61000061035156,35.209999084472656,33.06999969482422,34.58000183105469,585400.0,103.43929034012152,93.0636077156602,85.28345684706031,,,,,-0.53,-0.03,67.56545843075669
BBIO,2020-01-15,34.66999816894531,35.09000015258789,34.0,34.5099983215332,355400.0,101.58089781709964,92.93397741039648,85.28459891726699,,,,,-0.57,-0.03,67.42867939772803
BBIO,2020-01-16,34.900001525878906,35.5,34.470001220703125,35.0,594500.0,101.40273952834112,92.90249804342804,85.25839691032961,,,,,-0.61,-0.03,68.3860879079762
BBIO,2020-01-17,35.33000183105469,35.630001068115234,34.0,34.400001525878906,236300.0,97.03449780962848,92.95917296396732,85.0955730633845,,,,,-0.65,-0.0,67.21375795380773
BBIO,2020-01-21,34.209999084472656,34.45000076293945,31.280000686645508,32.22999954223633,594800.0,97.72350940183192,94.23596742927192,85.65607426672548,,,,,-0.65,-0.05,62.97381662769732
BBIO,2020-01-22,32.380001068115234,34.900001525878906,32.2400016784668,34.15999984741211,332300.0,98.921739850041,94.75085702500164,85.69272857631975,,,,,-0.68,-0.06,66.74482150004509
BBIO,2020-01-23,33.95000076293945,35.0,33.0099983215332,34.38999938964844,260900.0,94.99112961031454,94.7532851230336,85.51294057444827,,,,,-0.71,-0.04,67.19421489759274
BBIO,2020-01-24,34.45000076293945,35.130001068115234,33.869998931884766,34.130001068115234,500200.0,94.81193450379422,94.6445756361446,85.51312521656644,,,,,-0.74,-0.04,66.68620723838428
BBIO,2020-01-27,34.0,35.209999084472656,34.0,34.79999923706055,328100.0,95.02184157190324,94.585472695138,85.03511250753037,,,,,-0.76,0.02,67.99530877208936
BBIO,2020-01-28,35.0,35.05699920654297,33.66999816894531,34.2599983215332,267600.0,94.88485734732136,94.71889983774892,84.94980445655376,,,,,-0.78,0.03,66.94020734124248
BBIO,2020-01-29,34.2599983215332,35.08000183105469,33.22999954223633,34.2400016784668,256800.0,94.64100894690888,92.36410386175092,84.94479077946033,,,,,-0.8,0.03,66.90113613579666
BBIO,2020-01-30,34.029998779296875,35.46799850463867,33.0099983215332,34.93000030517578,298100.0,94.24251450974891,91.58780735222976,84.97064687989712,,,,,-0.83,0.02,68.24931632843962
BBIO,2020-01-31,34.77000045776367,34.939998626708984,33.25,34.4900016784668,300300.0,94.2965001442585,91.04703434156735,83.81513492857535,,,,,-0.86,0.1,67.3896081922822
BBIO,2020-02-03,34.630001068115234,35.349998474121094,34.20000076293945,34.810001373291016,335300.0,89.83493439211324,91.048223952045,83.11872679835618,,,,,-0.88,0.17,68.01485182830433
BBIO,2020-02-04,35.0,35.20000076293945,34.18000030517578,34.5,464500.0,88.96495856037966,90.43844583385382,83.11569056740335,,,,,-0.91,0.18,67.40914379500512
BBIO,2020-02-05,34.93000030517578,35.4900016784668,34.47999954223633,35.0,345000.0,80.96248763759856,88.50086224949558,82.95153271944768,,,,,-0.93,0.2,68.3860879079762
BBIO,2020-02-06,35.459999084472656,35.970001220703125,34.790000915527344,35.400001525878906,463500.0,72.59665946523263,86.18977097979644,82.94581057067352,,,,,-0.95,0.2,69.16764617974991
BBIO,2020-02-07,35.38999938964844,35.900001525878906,34.849998474121094,34.994998931884766,403200.0,72.45539557294008,86.18964869667617,82.89166480303561,,,,,-0.96,0.2,68.37631637986871
BBIO,2020-02-10,35.040000915527344,36.2599983215332,34.95100021362305,36.22999954223633,310000.0,72.05128044506955,86.02340909996155,82.95118862138573,,,,,-0.98,0.19,70.78936953146604
BBIO,2020-02-11,36.83000183105469,37.59999847412109,34.56999969482422,34.84000015258789,452400.0,57.645538592544845,85.39665865637662,83.22079811443164,,,,,-0.98,0.16,68.07346608996514
BBIO,2020-02-12,35.04999923706055,35.06999969482422,33.77000045776367,34.650001525878906,258800.0,56.592622349571045,84.94226815676295,83.20954139548627,,,,,-0.97,0.16,67.70223001029328
BBIO,2020-02-13,34.369998931884766,34.97999954223633,33.900001525878906,34.04999923706055,226000.0,56.72428147013663,84.93870914932532,82.61529944718438,,,,,-0.97,0.23,66.52989260263273
BBIO,2020-02-14,34.11000061035156,35.2599983215332,34.11000061035156,34.650001525878906,258700.0,54.69525802329297,84.83093873522225,82.30727035807077,,,,,-0.98,0.27,67.70223001029328
BBIO,2020-02-18,34.59000015258789,36.31999969482422,32.900001525878906,34.06999969482422,248900.0,54.14120663728909,84.5480620282143,81.28187557269916,,,,,-0.97,0.37,66.56897126157062
BBIO,2020-02-19,34.939998626708984,35.93000030517578,34.54999923706055,35.16999816894531,327800.0,49.92783011925114,82.5727539160516,80.17888064115996,,,,,-0.95,0.45,68.71824532871018
BBIO,2020-02-20,35.0,35.150001525878906,33.84000015258789,34.9900016784668,355900.0,49.9081452059789,82.57037366922937,78.55944944800538,,,,,-0.91,0.56,68.3665523052533
BBIO,2020-02-21,34.9900016784668,36.13999938964844,34.290000915527344,36.13999938964844,290000.0,50.59102622441556,82.78423599340027,78.10973047166986,,,,,-0.87,0.61,70.61351929299155
BBIO,2020-02-24,34.9900016784668,35.9900016784668,32.13999938964844,33.25,536200.0,56.05991107382703,82.43095738085846,78.80799776668539,,,,,-0.81,0.58,64.9667835125774
BBIO,2020-02-25,33.439998626708984,33.6879997253418,31.61000061035156,31.940000534057617,381900.0,52.37020623879248,80.55544480316259,78.9703218713905,,,,,-0.74,0.56,62.40719098008203
BBIO,2020-02-26,32.0,34.375,31.90999984741211,32.70000076293945,302900.0,47.245960180927135,79.97368898111623,78.22429133040606,,,,,-0.66,0.64,63.892146479007614
BBIO,2020-02-27,32.279998779296875,33.599998474121094,30.43000030517578,30.440000534057617,604400.0,50.62230722284114,81.14388705409108,79.05919348595158,,,,,-0.57,0.56,59.47635864116877
BBIO,2020-02-28,29.40999984741211,32.19499969482422,29.059999465942383,31.8799991607666,709800.0,52.69541326070788,80.37630612952599,79.05617857006334,,,,,-0.48,0.55,62.28995500326836
BBIO,2020-03-02,32.220001220703125,33.650001525878906,31.26000022888184,32.209999084472656,837100.0,52.60191419813908,80.30072496117742,79.05627688216221,,,,,-0.37,0.55,62.934737968759435
BBIO,2020-03-03,32.189998626708984,33.41999816894531,31.065000534057617,32.59000015258789,479700.0,52.5781269780038,77.3961019710725,78.898323015753,,,,,-0.26,0.57,63.67721758159524
BBIO,2020-03-04,32.0099983215332,34.45000076293945,30.81999969482422,31.059999465942383,2125100.0,50.9994384779024,77.2881838490212,79.01837008726766,,,,,-0.14,0.56,60.68776725427514
BBIO,2020-03-05,30.76000022888184,31.18000030517578,29.530000686645508,29.989999771118164,7529400.0,48.66918675150996,77.4162510022328,79.23196110134815,,,,,-0.02,0.53,58.59710744879637
BBIO,2020-03-06,28.14999961853028,30.229999542236328,28.020000457763672,28.920000076293945,1043300.0,49.41299951767703,75.13732897304402,79.45732886335557,,,,,0.1,0.49,56.506447643317614
BBIO,2020-03-09,27.049999237060547,27.84000015258789,24.63999938964844,26.979999542236328,1760700.0,52.74912168004812,76.18071560909459,80.20945292570958,,,,,0.19,0.41,52.7159034415009
BBIO,2020-03-10,27.3700008392334,28.549999237060547,25.89999961853028,28.479999542236328,879200.0,55.20638937844855,77.14510210952761,80.52068953126664,,,,,0.31,0.37,55.64673578041416
BBIO,2020-03-11,27.540000915527344,27.950000762939453,23.80500030517578,23.8799991607666,1149500.0,73.9061231097277,84.63255888783274,85.23883977919398,,,,,0.33,0.95,46.65884919573094
BBIO,2020-03-12,22.209999084472656,23.46999931335449,20.25,20.280000686645508,998000.0,85.82023932315454,90.40587135076431,89.1106725396506,,,,,0.32,1.04,39.62485456373593
BBIO,2020-03-13,21.89999961853028,23.200000762939453,18.8799991607666,23.059999465942383,1419900.0,95.1825880281717,94.53856325951932,91.33413349235548,,,,,0.32,0.93,45.056661446737714
BBIO,2020-03-16,19.68000030517578,20.270000457763672,17.049999237060547,17.649999618530273,1231600.0,120.23670728950458,108.55287153971916,100.8053315384318,87.77108241643477,,,,0.35,2.8,34.48612644253022
BBIO,2020-03-17,18.18000030517578,19.3700008392334,16.524999618530273,16.81999969482422,869800.0,120.078049480275,106.46291224282892,101.07192775137798,87.90973973127242,,,,0.4,2.72,32.864399364068056
BBIO,2020-03-18,15.630000114440918,19.25,14.229999542236328,16.110000610351562,1412900.0,120.10829064461788,106.43408984509996,101.28997654194124,88.01546881664204,,,,0.48,2.65,31.477140512487207
BBIO,2020-03-19,16.170000076293945,21.059999465942383,15.56999969482422,20.5,1160600.0,142.49674474547157,115.31094303149108,108.35114326436045,92.61856014108712,,,,0.47,2.97,40.054708631814634
BBIO,2020-03-20,21.40999984741211,29.63999938964844,20.600000381469727,26.6200008392334,9216500.0,163.76157540901102,125.58740164802988,115.95251372383272,97.46648051466556,,,,0.57,3.18,52.01250621434902
BBIO,2020-03-23,26.170000076293945,26.170000076293945,22.76499938964844,24.190000534057617,1432700.0,165.6591914877167,126.79681473046033,116.88180642188016,98.1025289996424,,,,0.61,3.02,47.26455722903016
BBIO,2020-03-24,24.989999771118164,25.489999771118164,22.780000686645508,25.479999542236328,905500.0,166.1598155528423,127.06496305147692,117.07592738413058,98.250284217378,,,,0.69,2.98,49.78507110258763
BBIO,2020-03-25,24.959999084472656,26.200000762939453,23.270000457763672,24.700000762939453,962400.0,166.06106142708634,123.4782898262581,117.183887231842,98.25395292323547,,,,0.76,2.97,48.2610406714702
BBIO,2020-03-26,24.920000076293945,27.75,24.71999931335449,27.38999938964844,966700.0,169.36602273977385,125.32247153631624,117.03907128450032,99.01526850625508,,,,0.86,2.99,53.516997315997514
BBIO,2020-03-27,26.100000381469727,27.86000061035156,25.708999633789062,26.670000076293945,1016800.0,169.43218037418688,125.39902515426792,116.67280972725382,98.65307104384718,,,,0.93,3.06,52.11019913494771
BBIO,2020-03-30,26.979999542236328,27.59499931335449,25.51000022888184,26.670000076293945,1176800.0,169.27830766669118,124.98364683542307,116.43648694913377,98.54509289889978,,,,1.02,3.11,52.11019913494771
BBIO,2020-03-31,26.64999961853028,29.0,26.3799991607666,29.0,814500.0,171.3570714899882,126.1232796517955,117.16618345659651,98.99194996434898,,,,1.16,2.97,56.66275855232315
BBIO,2020-04-01,27.770000457763672,28.780000686645508,24.780000686645508,25.07999992370605,744600.0,175.64800751417013,128.35795806271858,119.24316209015215,100.1299984616687,,,,1.23,2.71,49.003516557559955
BBIO,2020-04-02,24.61000061035156,25.53499984741211,23.739999771118164,24.739999771118164,474100.0,175.6394840015224,128.36858824246517,118.26862556648643,100.13902682005806,,,,1.24,2.88,48.339194262599946
BBIO,2020-04-03,24.549999237060547,26.940000534057617,21.63999938964844,22.21999931335449,670600.0,177.26807321978214,130.0498552743046,118.33493846720596,100.937116664941,,,,1.12,2.89,43.4153950388066
BBIO,2020-04-06,23.63999938964844,25.0,22.459999084472656,24.9950008392334,983800.0,180.20323448959056,132.51564304984828,119.83746957057856,101.68392210164752,,,,1.07,2.65,48.83743784719298
BBIO,2020-04-07,25.540000915527344,26.690000534057617,24.09000015258789,24.420000076293945,1015700.0,180.01950581094238,131.68156391243963,119.6724445023284,101.04108045157687,,,,0.98,2.69,47.71395062657781
BBIO,2020-04-08,25.09000015258789,27.200000762939453,23.19099998474121,26.93000030517578,1247300.0,182.45646062895383,132.21199044776813,120.29931326266184,101.54158430078073,,,,0.99,2.58,52.618210520902196
BBIO,2020-04-09,27.600000381469727,28.89999961853028,26.323999404907227,28.3799991607666,1088900.0,182.14993669029832,132.55212614934436,120.34708191172814,101.69078961764912,,,,1.01,2.57,55.45134621247073
BBIO,2020-04-13,28.799999237060547,29.39999961853028,26.364999771118164,27.18000030517578,1221200.0,181.92218989363752,132.80369937358788,120.47906359181108,101.65743330995566,,14.62,100.0,0.99,2.56,53.106682577387744
BBIO,2020-04-14,28.0,29.57999992370605,26.809999465942383,29.040000915527344,1286400.0,183.0568223806986,133.53370622925084,120.85856203741577,101.73329040108676,,14.9,100.0,0.99,2.49,56.740915870198926
BBIO,2020-04-15,27.700000762939453,28.190000534057617,26.049999237060547,26.540000915527344,1279500.0,184.69159039200056,134.69043696229966,121.51380087892738,102.28170131578663,,15.18,100.0,0.91,2.4,51.856195305343476
BBIO,2020-04-16,26.520000457763672,27.030000686645508,25.239999771118164,26.540000915527344,952000.0,184.28394505224907,134.09405212641454,120.5402638075117,102.21170075229963,,15.44,98.0,0.83,2.56,51.856195305343476
BBIO,2020-04-17,27.420000076293945,27.65999984741211,26.299999237060547,27.38999938964844,1342300.0,184.35823123395747,133.6836840817163,120.65013095013892,102.07087099410666,,15.68,98.0,0.78,2.54,53.516997315997514
BBIO,2020-04-20,26.64999961853028,28.63999938964844,26.51000022888184,27.6200008392334,492100.0,184.11146589410768,133.68959668752365,120.63565600366115,102.06637379460425,,15.89,97.0,0.74,2.54,53.96639444029119
BBIO,2020-04-21,26.670000076293945,27.520000457763672,26.209999084472656,26.950000762939453,370800.0,183.1299519586474,133.75613764271264,119.84592621519444,101.9480907930112,,16.09,92.0,0.68,2.66,52.65728917984009
BBIO,2020-04-22,27.6200008392334,28.75,27.020000457763672,28.559999465942383,283000.0,183.23408974280912,134.27686881412296,119.30944369560004,102.00480050333672,,16.27,89.0,0.69,2.73,55.80304668941969
BBIO,2020-04-23,28.600000381469727,30.77199935913086,28.600000381469727,29.700000762939453,355300.0,175.70844074166646,134.53080915450866,119.16933154464512,102.02199551252818,,16.45,87.0,0.68,2.76,58.030481801181075
BBIO,2020-04-24,29.799999237060547,31.190000534057617,29.14999961853028,31.09000015258789,319100.0,168.35682796258305,134.89170723091462,119.30046684704708,101.95450957118088,,16.61,88.0,0.7,2.73,60.746385242681974
BBIO,2020-04-27,32.345001220703125,32.67499923706055,31.38999938964844,31.739999771118164,442400.0,164.8644027596742,134.89684422401908,118.80912790293488,101.9740479832121,,16.75,85.0,0.71,2.82,62.01641184419518
BBIO,2020-04-28,32.63999938964844,32.845001220703125,30.20499992370605,30.600000381469727,614000.0,143.19031402416024,135.06951835093545,118.91492619718092,101.31563079280568,,16.88,85.0,0.71,2.8,59.78898045917983
BBIO,2020-04-29,31.82999992370605,32.43000030517578,30.38999938964844,31.780000686645508,431100.0,141.8826315877168,135.29808242487587,117.8946397386089,101.36014275763652,,17.0,81.0,0.71,2.97,62.09456916207097
BBIO,2020-04-30,30.790000915527344,32.0,30.51000022888184,30.530000686645508,775200.0,141.76699825203588,135.52192831722127,117.7775941430544,101.44747267577868,,17.1,80.0,0.71,2.99,59.65220887964324
BBIO,2020-05-01,29.93000030517578,30.350000381469727,28.600000381469727,28.96999931335449,473500.0,126.99533954017252,135.8677043792707,117.99089568437198,101.5643094146931,,17.19,81.0,0.69,2.95,56.604140563916296
BBIO,2020-05-04,29.239999771118164,30.26000022888184,28.3700008392334,29.989999771118164,299500.0,102.98962933510848,136.0570896275337,117.15160948853398,101.57144984958276,,17.28,76.0,0.72,3.1,58.59710744879637
BBIO,2020-05-05,30.76000022888184,31.57999992370605,30.09000015258789,30.850000381469727,842300.0,98.74174794482066,136.1920867886327,117.2060216014529,101.58041932316752,,17.35,78.0,0.77,3.09,60.277452515665374
BBIO,2020-05-06,30.81999969482422,32.65999984741211,30.600000381469727,32.27000045776367,297900.0,98.4936916574652,136.3274756568356,117.43943242348509,101.68703465767352,,17.4,78.0,0.83,3.04,63.05197394557312
BBIO,2020-05-07,32.75,34.30500030517578,32.224998474121094,33.08000183105469,590000.0,97.90246722471036,136.21191548125478,117.4666703609189,101.69718103678272,,17.44,78.0,0.89,3.04,64.63462609184342
BBIO,2020-05-08,33.849998474121094,34.369998931884766,33.15999984741211,34.040000915527344,279500.0,94.00925762148516,136.34167251683496,117.49521051752644,101.64602342690094,,17.47,78.0,0.93,3.03,66.51035699990982
BBIO,2020-05-11,33.310001373291016,34.19499969482422,32.11000061035156,32.97999954223633,447700.0,94.17675023923545,136.44875645859565,117.45290254980956,101.7180561789399,,17.48,76.0,0.96,3.04,64.43923279715395
BBIO,2020-05-12,33.36000061035156,34.91999816894531,32.38999938964844,32.83000183105469,386700.0,94.2157834779506,136.39930977161444,117.45112021602154,101.69947718603224,,17.48,75.0,0.98,3.04,64.14615403535787
BBIO,2020-05-13,32.54999923706055,32.904998779296875,29.559999465942383,30.780000686645508,465500.0,93.50445741596064,136.98503816014264,116.85214553473698,101.88414378505068,,17.48,66.0,1.08,3.15,60.14068093612879
BBIO,2020-05-14,29.670000076293945,30.93000030517578,29.09000015258789,30.600000381469727,403800.0,82.51696175748233,136.80932651183664,116.64793367321566,101.84339610434468,,17.47,64.0,1.15,3.18,59.78898045917983
BBIO,2020-05-15,30.76000022888184,32.4900016784668,29.700000762939453,32.189998626708984,419400.0,83.24513744788196,137.23740870278695,115.24733850186666,101.81499729617708,,17.46,61.0,1.31,3.41,62.89565930982154
BBIO,2020-05-18,33.0099983215332,35.04999923706055,33.0099983215332,34.81999969482422,472100.0,77.96859815340396,138.04655349781785,114.42774072509944,102.14552265612254,,17.46,60.0,1.09,3.54,68.03438743102724
BBIO,2020-05-19,35.20000076293945,35.93000030517578,34.5,34.5,357000.0,71.87950391522826,136.98106060551268,114.37995431805324,102.14766608291644,,17.44,59.0,0.86,3.55,67.40914379500512
BBIO,2020-05-20,34.70000076293945,35.17499923706055,33.77000045776367,34.900001525878906,948400.0,71.15237670813546,136.73278913076547,114.07572904097114,101.90828448395624,,17.42,58.0,0.78,3.61,68.19070206677881
BBIO,2020-05-21,35.09000015258789,35.72999954223633,33.65999984741211,34.72999954223633,390000.0,66.4443849373897,136.66112729360057,111.42514709551745,101.85348270570005,,17.4,57.0,0.81,4.02,67.85853719255277
BBIO,2020-05-22,34.86000061035156,35.290000915527344,34.33000183105469,35.0,222800.0,65.1241264921459,135.8251236519709,111.26422471990796,101.85480099520356,,17.38,56.0,0.81,4.06,68.3860879079762
BBIO,2020-05-26,35.02000045776367,36.54999923706055,34.50400161743164,35.31999969482422,561900.0,63.36167885841428,135.5254537404845,111.25980473991652,101.84764972178108,,17.35,55.0,0.81,4.06,69.01133154399834
BBIO,2020-05-27,35.83000183105469,36.060001373291016,34.0,35.689998626708984,419100.0,60.98387523562391,135.52578914814063,110.93701071991131,101.31585362277886,,17.3,54.0,0.78,4.14,69.73426810061916
BBIO,2020-05-28,36.41999816894531,36.5,34.91999816894531,35.11000061035156,523800.0,54.17103615753566,135.55948476231353,110.85804003786984,101.02544719090704,,17.25,53.0,0.75,4.16,68.60101680538858
BBIO,2020-05-29,31.34000015258789,32.459999084472656,28.8700008392334,29.32999992370605,2446400.0,77.09683584568153,140.21830860051705,113.8010422603829,103.26684985506498,,17.23,57.0,0.75,3.83,57.30754151781421
BBIO,2020-06-01,29.63999938964844,30.03499984741211,28.51000022888184,28.8799991607666,1337100.0,76.80592218764018,140.07218951834955,113.81905615205838,103.2119536564655,,17.19,57.0,0.74,3.83,56.42829032544182
BBIO,2020-06-02,28.84000015258789,29.25,27.5,29.0,868600.0,76.78417519290795,139.87703136071826,113.80992989918238,103.20855739362564,,17.15,56.0,0.73,3.83,56.66275855232315
BBIO,2020-06-03,29.030000686645508,30.209999084472656,28.61000061035156,28.86000061035156,563900.0,76.41169562238456,139.1309492244558,113.77981780115172,103.17957151087272,,17.11,54.0,0.7,3.84,56.389215393249955
BBIO,2020-06-04,28.89999961853028,29.440000534057617,27.21199989318848,27.770000457763672,588400.0,75.40751330276535,138.9189316081188,113.26334552236206,103.25304606219731,,17.06,53.0,0.65,3.95,54.259476928833315
BBIO,2020-06-05,28.450000762939453,29.790000915527344,28.054000854492188,29.07999992370605,1039200.0,75.75480933538792,134.30034107465946,112.76861877852062,103.39125607513552,,17.02,52.0,0.64,4.06,56.81906946132867
BBIO,2020-06-08,29.770000457763672,30.09000015258789,29.3439998626709,29.84000015258789,532900.0,74.9082553277594,129.79208217932248,112.75150026182403,103.4264461536632,,16.97,51.0,0.65,4.06,58.30402496025425
BBIO,2020-06-09,29.540000915527344,30.76000022888184,29.39999961853028,29.81999969482422,388200.0,74.61690148756645,127.28025230910862,112.75153669452833,103.11481421527112,,16.91,51.0,0.67,4.06,58.26494630131636
BBIO,2020-06-10,30.0,30.38999938964844,29.01000022888184,29.190000534057617,372400.0,74.13415966371579,114.16402153087388,112.76745552384844,102.98303234874676,,16.85,51.0,0.68,4.06,57.033998358741044
BBIO,2020-06-11,28.31999969482422,28.850000381469727,27.600000381469727,27.790000915527344,557800.0,74.40225717055824,114.18499101808897,112.99193229158912,102.69880853061422,,16.79,52.0,0.66,4.0,54.298555587771205
BBIO,2020-06-12,29.059999465942383,29.270000457763672,27.520000457763672,28.670000076293945,455000.0,74.30288271315436,113.76831422038522,112.65853746828944,102.25874074775756,,16.72,47.0,0.64,4.08,56.01797558683207
BBIO,2020-06-15,27.86000061035156,31.170000076293945,27.86000061035156,31.11000061035156,1057200.0,76.53966570241386,104.2132939808214,113.03506731358422,102.03788350854042,,16.65,52.0,0.67,4.0,60.78546390161986
BBIO,2020-06-16,31.75,32.29999923706055,30.59000015258789,31.709999084472656,704300.0,76.1031247297166,89.79514620576381,113.07351545353237,101.8408005237464,,16.58,52.0,0.7,3.99,61.957793855788346
BBIO,2020-06-17,31.690000534057617,32.90999984741211,31.479999542236328,31.729999542236328,1154700.0,75.69000288103311,87.41398808506575,113.06850276262628,101.5741213762359,,16.5,51.0,0.72,3.99,61.99687251472624
BBIO,2020-06-18,31.170000076293945,32.939998626708984,30.559999465942383,32.47999954223633,1189300.0,74.85049742710447,86.94647148550666,113.08802028263882,101.54567363404097,,16.41,52.0,0.75,3.99,63.462288684182866
BBIO,2020-06-19,32.75,33.650001525878906,31.51000022888184,31.51000022888184,3376400.0,74.98230897994819,86.93330633521161,113.16140675944806,101.29689203473282,,16.31,52.0,0.79,3.97,61.56701844664754
BBIO,2020-06-22,31.6299991607666,33.5,30.670000076293945,33.150001525878906,1373300.0,76.02464746297602,85.01292193949126,113.45721342031604,101.40463615740344,,16.21,53.0,0.8,3.9,64.77139767138
BBIO,2020-06-23,33.59000015258789,34.0,32.33000183105469,32.619998931884766,1385100.0,75.61110969659143,84.88253641085952,113.43762069181452,101.31732605790302,,16.11,52.0,0.84,3.91,63.735831843256044
BBIO,2020-06-24,32.15999984741211,33.2599983215332,31.39999961853028,32.959999084472656,445500.0,75.66294259407617,84.89162349185494,113.4345966767754,101.31745857825048,,15.98,51.0,0.86,3.91,64.40015413821607
BBIO,2020-06-25,32.61000061035156,34.40999984741211,32.29999923706055,34.31999969482422,584200.0,73.96893158196453,83.59731570252201,113.61040719752154,101.3522975608739,,15.84,53.0,0.87,3.87,67.05744331805616
BBIO,2020-06-26,34.400001525878906,34.599998474121094,32.58000183105469,33.20000076293945,1261100.0,74.69360124490896,78.09555005776714,113.72327745144722,101.31099428621889,93.73334962250502,15.69,53.0,0.89,3.84,64.8690905919787
BBIO,2020-06-29,33.619998931884766,34.06999969482422,32.2400016784668,32.59000015258789,482600.0,73.51776308356445,78.15103046007175,113.73454827168057,101.32031671245645,93.72730256486332,15.53,53.0,0.93,3.84,63.67721758159524
BBIO,2020-06-30,32.540000915527344,33.2599983215332,31.979999542236328,32.61000061035156,769800.0,69.69153566590651,74.59199229624669,113.7182926672476,101.30530594222442,93.71680611377208,15.36,51.0,0.98,3.84,63.71629624053313
BBIO,2020-07-01,32.630001068115234,32.77000045776367,30.100000381469727,30.34000015258789,1093500.0,72.57072978490021,72.6141876824271,114.26952040806869,101.65241921727464,93.9910807410347,15.19,58.0,1.03,3.72,59.28096907322534
BBIO,2020-07-02,30.780000686645508,30.979999542236328,29.59000015258789,29.76000022888184,624800.0,72.53713681782374,72.5568123368829,114.15657480256974,101.64452810583413,93.84321770192236,15.0,57.0,1.11,3.74,58.14771405124872
BBIO,2020-07-06,29.96999931335449,30.88999938964844,29.450000762939453,29.670000076293945,504400.0,72.5400775803954,69.83685992443831,114.00123900948468,101.5425659566076,93.834610643111,14.82,55.0,1.16,3.78,57.97186381277424
BBIO,2020-07-07,29.350000381469727,30.920000076293945,29.062000274658203,30.420000076293945,501700.0,72.97844989911873,69.20683362346715,114.07733035346858,101.5246914739083,93.8260068962051,14.62,56.0,1.21,3.76,59.437279982230876
BBIO,2020-07-08,30.190000534057617,31.479999542236328,30.0,31.46999931335449,448600.0,73.73676984967541,68.8998456136907,114.18369874871586,101.56579720852288,93.83575210354924,14.4,57.0,1.26,3.74,61.488861128771745
BBIO,2020-07-09,31.64999961853028,32.58000183105469,31.23900032043457,32.209999084472656,470600.0,74.04533833398614,67.75521230177335,114.21087534966443,101.5670157351706,93.85966079925537,14.17,57.0,1.3,3.73,62.934737968759435
BBIO,2020-07-10,32.2599983215332,32.86000061035156,31.020000457763672,31.57999992370605,412500.0,74.1030020112656,65.17227638869242,114.22212409181851,101.58643003552572,93.57806348408285,13.91,57.0,1.35,3.73,61.703790026184116
BBIO,2020-07-13,32.060001373291016,32.060001373291016,29.799999237060547,29.82999992370605,615300.0,54.71587014899638,66.3177281666172,114.44773369217702,101.83409212931586,93.66948734678648,13.61,60.0,1.42,3.68,58.2844856307853
BBIO,2020-07-14,29.950000762939453,30.049999237060547,27.530000686645508,28.049999237060547,1038800.0,57.4487580100069,67.27997320786055,114.84090268984755,102.11687188552104,93.8316500011053,13.26,60.0,1.47,3.59,54.80656324697966
BBIO,2020-07-15,29.0,30.834999084472656,28.559999465942383,30.530000686645508,580800.0,62.58904209203514,69.45099864538898,115.54097064765278,102.57638984068244,93.94263983902192,12.88,61.0,1.58,3.45,59.65220887964324
BBIO,2020-07-16,30.420000076293945,30.8700008392334,29.559999465942383,30.68000030517578,326700.0,62.56408412948697,69.23793334512217,114.8002800409076,102.49209722137394,93.94150646988962,12.49,58.0,1.62,3.61,59.94529136818536
BBIO,2020-07-17,30.420000076293945,31.96500015258789,30.23500061035156,31.530000686645508,453200.0,61.76152161597752,68.4615532682978,114.71091103513498,102.48837072957558,93.97787995488856,12.09,57.0,1.62,3.63,61.60609710558542
BBIO,2020-07-20,31.100000381469727,32.060001373291016,30.81999969482422,31.729999542236328,311100.0,60.48145959418385,68.02290667637261,114.65315585208788,102.48193214259722,93.81320307621708,11.64,56.0,1.64,3.64,61.99687251472624
BBIO,2020-07-21,32.060001373291016,32.060001373291016,30.14999961853028,30.190000534057617,579000.0,61.942685848211575,68.1614214591986,114.35911698154486,101.86776965361004,93.43617307870625,11.18,52.0,1.64,3.7,58.987886584683224
BBIO,2020-07-22,29.989999771118164,31.270000457763672,29.1200008392334,30.88500022888184,634300.0,62.27919206840856,68.19018659736126,114.17781539618277,101.61208629417835,93.32291229761552,10.69,47.0,1.65,3.74,60.345838305433674
BBIO,2020-07-23,30.700000762939453,31.979999542236328,30.190000534057617,30.68000030517578,308700.0,61.96223415388863,67.78773092561828,114.16941816747448,101.46488774672292,93.29123828942308,10.16,46.0,1.67,3.74,59.94529136818536
BBIO,2020-07-24,30.450000762939453,31.0,29.809999465942383,30.25,318200.0,60.274816493749405,67.38552640369161,114.17274412915368,101.48069856931178,93.17403139327814,9.59,46.0,1.7,3.74,59.10511883475086
BBIO,2020-07-27,30.26000022888184,32.58000183105469,30.26000022888184,32.369998931884766,418600.0,62.6534730581788,68.31762297369963,114.43045471748638,101.621901529614,93.24371969752276,8.97,54.0,1.68,3.69,63.247359786770495
BBIO,2020-07-28,32.2599983215332,32.75,31.280000686645508,31.3799991607666,328700.0,58.924036659142565,67.74143811914519,114.4006836398456,101.06499879288091,93.29087735069469,8.3,52.0,1.67,3.7,61.31301089029727
BBIO,2020-07-29,31.3799991607666,31.3799991607666,28.809999465942383,28.979999542236328,424600.0,62.98552614100217,69.36757299602225,114.95904289381488,100.79411375650037,93.5765127719854,7.57,59.0,1.68,3.58,56.62367989338525
BBIO,2020-07-30,28.549999237060547,29.88999938964844,28.43000030517578,29.709999084472656,290200.0,63.496969160420335,69.31074312080334,114.48249037677076,100.82560908512936,93.44783845576409,6.77,54.0,1.74,3.69,58.050017403903986
BBIO,2020-07-31,29.76000022888184,29.89999961853028,26.75,28.13999938964844,1003400.0,64.75736264692233,69.50567048603159,114.49489205741884,100.8989805643468,93.59835077241428,5.86,54.0,1.73,3.68,54.98241348545414
BBIO,2020-08-03,28.5,28.850000381469727,26.770000457763672,27.200000762939453,585900.0,64.89116297768295,69.57136048303099,111.1047444244524,100.71100707052452,93.53539243105278,5.09,9.0,1.9,4.12,53.14576123632564
BBIO,2020-08-04,26.5,27.739999771118164,26.170000076293945,27.39999961853028,290900.0,62.844069546516046,69.29112206437367,107.92228909287734,100.55458205351492,93.40220412859102,4.44,5.0,2.21,4.63,53.53653664546646
BBIO,2020-08-05,27.790000915527344,28.030000686645508,26.809999465942383,27.700000762939453,279000.0,62.96665907090342,69.10448329446778,106.04080881935307,100.5199617546416,93.33980208824606,3.86,4.0,2.47,5.06,54.12270534929673
BBIO,2020-08-06,27.489999771118164,28.21999931335449,27.0,27.850000381469727,248300.0,62.87459083804158,69.12446000500748,96.85774508357292,100.46550737595952,93.17511225327894,4.03,1.0,2.59,4.54,54.41578783783885
BBIO,2020-08-07,27.920000076293945,28.78499984741211,27.8799991607666,28.3799991607666,228100.0,61.80307119429018,68.04686209476161,96.512734153925,100.37100972915528,93.18690799586132,4.21,1.0,2.19,4.6,55.45134621247073
BBIO,2020-08-10,28.600000381469727,29.14999961853028,28.39999961853028,28.479999542236328,297200.0,61.33137988493215,68.04745673205186,96.20134906196012,99.73655313297034,92.60519112465953,4.4,1.0,0.18,4.67,55.64673578041416
BBIO,2020-08-11,28.81999969482422,30.14999961853028,28.18000030517578,28.38999938964844,401500.0,61.20051183699631,67.18423621107064,88.50063511479085,99.73196208802844,92.5683885161093,5.09,1.0,-0.31,4.55,55.47088554193969
BBIO,2020-08-12,28.56999969482422,30.25,28.38999938964844,28.88999938964844,635000.0,61.519085086224855,65.18985801879738,78.28315127813482,99.74087412907888,92.5599162329819,6.25,1.0,-0.26,1.56,56.44782965491078
BBIO,2020-08-13,28.979999542236328,29.71999931335449,28.09000015258789,29.11000061035156,342300.0,58.0926569799751,65.2135270328112,76.74279365850275,99.16656683646748,92.50207886062243,7.28,1.0,-0.21,1.82,56.877687449735504
BBIO,2020-08-14,29.0,29.21999931335449,28.229999542236328,28.530000686645508,375600.0,58.11522894750769,65.23848180397455,76.3971807450065,98.58433153174624,92.46684621751228,8.18,1.0,-0.14,1.86,55.744432427758895
BBIO,2020-08-17,28.989999771118164,29.8799991607666,28.32699966430664,29.76000022888184,468400.0,59.4687455464812,65.90197153117944,76.49632346607763,98.50837762583646,92.52683900968589,8.96,2.0,-0.06,1.88,58.14771405124872
BBIO,2020-08-18,29.670000076293945,29.88999938964844,28.8700008392334,29.170000076293945,191900.0,59.26338488603511,65.96195998261292,74.81784618875561,98.4787542744134,92.52513846340696,9.73,1.0,-0.01,2.04,56.99491969980315
BBIO,2020-08-19,29.280000686645508,29.690000534057617,28.75,29.1299991607666,255100.0,58.30998497926663,65.91454724148537,74.69084752129517,98.11413118052188,92.50039892981674,10.43,1.0,0.06,2.08,56.91676238192736
BBIO,2020-08-20,28.86000061035156,29.540000915527344,28.11000061035156,28.26000022888184,403000.0,58.31566761429162,66.08327216055336,74.85487838167508,98.15405647822772,92.46428718015022,11.07,3.0,0.11,2.02,55.216881712335464
BBIO,2020-08-21,28.420000076293945,28.84000015258789,27.479999542236328,28.170000076293945,375700.0,58.133078549471605,66.0320259478412,73.65855899387704,97.3599254504587,92.46475545221924,11.69,1.0,0.09,2.2,55.04103147386098
BBIO,2020-08-24,28.299999237060547,29.200000762939453,27.850000381469727,28.799999237060547,307900.0,56.3363765245588,55.07691923355144,69.97525519800503,97.20824590115754,92.47700494501017,12.37,1.0,0.17,2.27,56.27197941643629
BBIO,2020-08-25,28.950000762939453,29.450000762939453,28.700000762939453,29.38999938964844,167100.0,53.64558894521048,55.14381000939014,69.99700065406275,97.19178541151828,92.4145164032379,13.01,2.0,0.25,2.28,57.42477376788187
BBIO,2020-08-26,29.39999961853028,29.76000022888184,29.01000022888184,29.1299991607666,184600.0,47.54912924656782,55.16957319732027,67.79903563289093,96.54699926101416,92.38422944972892,13.66,1.0,-0.32,2.61,56.91676238192736
BBIO,2020-08-27,29.270000457763672,30.190000534057617,28.8799991607666,29.280000686645508,287500.0,47.55195496768525,55.169502020670514,65.24678638222093,96.52207206557505,92.22679167133376,14.33,1.0,-0.35,2.83,57.209848597215526
BBIO,2020-08-28,29.31999969482422,29.950000762939453,29.200000762939453,29.59000015258789,169600.0,46.910194734186526,54.61117962289492,65.13958138908387,96.53090910737996,92.16011402321328,14.95,1.0,-0.51,2.89,57.815552903768705
BBIO,2020-08-31,29.65999984741211,30.209999084472656,28.739999771118164,29.86000061035156,341200.0,46.96014333614797,53.82866787852255,63.31095403895042,96.5075895400868,92.16173688612824,15.58,1.0,-0.47,3.17,58.343103619192135
BBIO,2020-09-01,29.75,29.959999084472656,27.46999931335449,27.6200008392334,607800.0,50.06322370307732,55.90227249279904,63.99672098283924,96.89149223062084,92.28831797562312,16.14,2.0,-0.49,2.91,53.96639444029119
BBIO,2020-09-02,27.799999237060547,28.850000381469727,27.549999237060547,28.3799991607666,473600.0,50.27468948652884,56.20521942408535,63.76940353081435,96.85622258601752,92.28831263976656,16.67,2.0,-0.47,3.05,55.45134621247073
BBIO,2020-09-03,28.36000061035156,29.18000030517578,27.739999771118164,28.290000915527344,306600.0,50.2617040235922,56.04488004604655,62.89328821440294,96.85462493683995,92.28753416856364,17.19,1.0,-0.49,3.25,55.275499700742294
BBIO,2020-09-04,28.739999771118164,29.479999542236328,27.559999465942383,28.920000076293945,281300.0,50.638688932412855,55.30041350074786,61.31828290148336,96.2032697332554,92.30663865543195,17.7,1.0,-0.47,3.73,56.506447643317614
BBIO,2020-09-08,28.68000030517578,32.790000915527344,28.32999992370605,32.09000015258789,725300.0,55.77896576372751,58.91336886948868,63.466570223133445,96.86676221036886,92.47990101541647,18.14,4.0,-0.5,3.4,62.700273468624154
BBIO,2020-09-09,32.0099983215332,34.13999938964844,31.950000762939453,33.150001525878906,560700.0,55.77389117510067,56.89569216536584,63.4783233402686,95.83407349158404,92.29616502595394,18.55,5.0,-0.55,3.4,64.77139767138
BBIO,2020-09-10,32.93000030517578,34.25,32.51100158691406,33.09000015258789,643500.0,50.18646372494305,56.77370538593252,63.47254009156096,94.82037665303912,92.28572696214536,18.93,5.0,-0.59,3.39,64.65416169456633
BBIO,2020-09-11,33.400001525878906,35.13999938964844,33.0099983215332,33.560001373291016,688900.0,49.90117665475272,56.84000694833596,63.36039637973781,94.80078107707637,92.23611652191592,19.29,4.0,-0.66,3.47,65.57249154587662
BBIO,2020-09-14,33.900001525878906,36.900001525878906,33.900001525878906,36.459999084472656,1129100.0,51.76459517549216,59.10667916552046,64.03718102334297,95.10021597324906,92.594819245216,19.63,10.0,-0.54,3.35,71.23876292901369
BBIO,2020-09-15,36.720001220703125,37.470001220703125,36.290000915527344,36.9900016784668,593500.0,50.17910754671503,58.77449452637155,63.79642551578495,93.34107402999712,92.57752820335637,19.95,9.0,-0.4,3.41,72.27432875713765
BBIO,2020-09-16,37.27000045776367,38.5099983215332,37.11000061035156,37.380001068115234,615900.0,50.17147719004262,57.94152676633206,63.42833825337528,93.2349293712194,92.55498747419244,20.25,5.0,-0.26,3.52,73.03634397269637
BBIO,2020-09-17,37.0,38.560001373291016,36.97999954223633,38.459999084472656,661300.0,50.44618447742424,58.06664133739455,63.49929447795552,93.28449772034972,92.59190214581848,20.54,9.0,0.04,3.5,75.14653938089803
BBIO,2020-09-18,38.97999954223633,42.630001068115234,38.27999877929688,42.18999862670898,4690400.0,55.66959996914309,60.9017497253726,64.80225515674165,93.69282853509428,93.02960831607834,20.78,14.0,1.8,3.32,82.43454156924331
BBIO,2020-09-21,41.720001220703125,41.86000061035156,39.27099990844727,39.65999984741211,909200.0,59.7982426890504,61.8953668839947,65.37585725735738,93.91552021598284,93.00917579071108,21.01,17.0,1.66,3.09,77.49120674272707
BBIO,2020-09-22,39.90999984741211,40.31999969482422,37.9900016784668,40.02000045776367,651600.0,59.75836796598664,61.461747133007535,65.03026121092046,93.46911874108451,92.887687342619,21.23,15.0,1.51,3.24,78.19460769662498
BBIO,2020-09-23,39.97999954223633,40.40999984741211,38.56999969482422,38.650001525878906,498600.0,61.11567456337289,61.79663563667551,64.70926957333161,93.55975749714548,92.59139556598451,21.43,14.0,1.24,3.35,75.51778291406198
BBIO,2020-09-24,38.22999954223633,39.0,37.61000061035156,37.77000045776367,389500.0,61.82516484282288,62.02264176490068,64.63688187793966,93.5888287793284,92.21761652972089,21.63,14.0,0.97,3.34,73.79835918825508
BBIO,2020-09-25,37.130001068115234,37.65999984741211,36.2599983215332,36.65999984741211,717900.0,62.838728426894704,60.434515158511005,64.70078121008349,93.6314432936686,91.7439876673374,21.81,15.0,0.76,3.28,71.62954206490055
BBIO,2020-09-28,37.25,37.2599983215332,36.459999084472656,36.84000015258789,374800.0,62.292461836107385,60.253683865910745,64.33013944906529,93.15729018638504,91.57287415443908,21.99,14.0,0.57,3.38,71.9812425418495
BBIO,2020-09-29,36.93000030517578,37.91999816894531,36.25,37.09999847412109,309900.0,61.46821388540813,60.24199392905214,64.2269322682262,92.68221937755298,91.3620479944819,22.15,14.0,0.42,3.41,72.48925020105793
BBIO,2020-09-30,37.68000030517578,38.459999084472656,37.0,37.52000045776367,414200.0,60.92393213048541,60.100915866219786,64.097030816246,92.63165766975403,91.31979972500336,22.29,14.0,0.3,3.45,73.30988713176953
BBIO,2020-10-01,37.77000045776367,39.77999877929688,37.59999847412109,39.59999847412109,480100.0,62.2493238768238,60.67133485240036,64.42787217199331,92.84713308178868,91.20842318553323,22.42,17.0,0.18,3.4,77.37397076591338
BBIO,2020-10-02,39.290000915527344,40.40999984741211,38.52999877929688,39.59999847412109,376000.0,61.14318212512116,60.540542904726365,64.42043119728477,92.83361199041651,91.16732010340738,22.54,17.0,0.06,3.4,77.37397076591338
BBIO,2020-10-05,36.70000076293945,40.119998931884766,36.196998596191406,39.77000045776367,3228800.0,61.0281112745051,60.34729511408352,63.53635636808481,92.80988855595876,91.07869627928366,22.66,10.0,-0.07,3.74,77.70613564013944
BBIO,2020-10-06,40.29999923706055,40.43000030517578,39.0099983215332,39.34999847412109,1517800.0,61.26996680075504,59.08494921458314,63.55687461529927,92.4879472599299,91.08556870880028,22.77,11.0,-0.21,3.72,76.88549870942784
BBIO,2020-10-07,39.880001068115234,40.880001068115234,39.04499816894531,40.310001373291016,1633300.0,61.33352548827475,57.57755897652691,63.18361041314532,92.27976604328263,91.06179572347337,22.88,3.0,-0.31,3.85,78.76123707098631
BBIO,2020-10-08,40.79999923706055,40.79999923706055,38.84999847412109,38.900001525878906,722300.0,62.545494290177736,55.808274317600606,62.267098116922966,92.37816030864803,91.0392596649892,23.0,2.0,-0.39,4.03,76.00625497054753
BBIO,2020-10-09,39.150001525878906,40.06999969482422,38.66999816894531,39.34000015258789,1000800.0,62.53232495040114,55.82761856921508,62.26539885973619,92.38129594830804,91.0239620491608,23.11,2.0,-0.47,4.05,76.86596310670494
BBIO,2020-10-12,40.31999969482422,40.41999816894531,38.93000030517578,39.869998931884766,489300.0,62.54050415326336,55.65313219825635,62.27383968071428,92.36685637349431,91.01784824961592,23.22,4.0,-0.53,4.04,77.90152148133683
BBIO,2020-10-13,39.81999969482422,40.73899841308594,38.4640007019043,39.72999954223633,730800.0,62.66201068838697,55.67145612249629,62.270748417038,92.34770050981278,90.98451085567385,23.33,4.0,-0.59,4.05,77.62797832226366
BBIO,2020-10-14,39.7400016784668,40.02999877929688,38.2599983215332,38.43000030517578,698200.0,58.43403738231834,55.09438065457075,62.50337574648351,92.43564301459396,91.0246801895794,23.43,6.0,-0.66,3.92,75.08792511923724
BBIO,2020-10-15,38.27000045776367,39.63999938964844,37.83000183105469,39.20000076293945,413700.0,58.29694457095695,55.05518080602335,62.56229700145804,92.43531131771935,90.95610859998436,23.52,7.0,-0.71,3.9,76.59241994763177
BBIO,2020-10-16,39.2400016784668,41.5099983215332,38.97999954223633,40.970001220703125,861600.0,58.92427912044448,55.61829341382085,62.91933744257642,92.5645965138604,91.00869161939296,23.6,9.0,-0.73,3.78,80.05080300196846
BBIO,2020-10-19,41.2599983215332,41.4900016784668,38.75,39.52999877929688,779800.0,60.46072735309716,56.10840805449156,63.13369875407208,92.66110820878714,91.07123704473716,23.66,10.0,-0.79,3.68,77.23719918637681
BBIO,2020-10-20,39.72999954223633,40.22999954223633,38.97999954223633,39.290000915527344,660700.0,53.69240115030279,54.5711680138332,56.080713177161215,92.65753660847462,91.054233883864,23.78,1.0,-0.89,0.64,76.76827018610625
BBIO,2020-10-21,39.380001068115234,39.72999954223633,38.79999923706055,39.11000061035156,521700.0,53.22068341390601,54.128592204317336,56.0165155628657,92.64534023055032,91.04431794695186,23.88,1.0,-0.98,0.65,76.41656970915729
BBIO,2020-10-22,39.310001373291016,41.02999877929688,39.310001373291016,40.209999084472656,611800.0,53.5553917012552,51.48338124612173,56.15347592299788,92.69232466719464,91.07785420331297,23.96,3.0,-1.05,0.61,78.56584377629684
BBIO,2020-10-23,40.27000045776367,40.70000076293945,38.810001373291016,39.65999984741211,1312700.0,53.820059601081695,51.47003495590985,56.20419106749992,92.69691583140484,91.09334612234736,24.04,4.0,-1.12,0.6,77.49120674272707
BBIO,2020-10-26,38.77000045776367,39.709999084472656,38.130001068115234,39.68999862670898,437200.0,48.57628692092676,49.98496084787924,55.807256611872106,92.60867212140548,91.08984780483505,24.1,1.0,-1.19,0.68,77.54982100438785
BBIO,2020-10-27,39.65999984741211,40.5,39.48500061035156,39.7599983215332,422500.0,48.45195480990508,49.30435446971872,55.3895848487292,92.48864478727614,91.02304254273866,24.17,1.0,-1.25,0.78,77.68659258392445
BBIO,2020-10-28,39.25,39.66999816894531,38.380001068115234,38.630001068115234,393300.0,49.21626297855853,49.82716327604936,55.49922627806843,92.55199406857932,91.04161363197854,24.22,2.0,-1.3,0.77,75.47870425512409
BBIO,2020-10-29,38.630001068115234,39.68000030517578,38.54999923706055,39.0099983215332,363000.0,48.60678958603618,49.82280084621498,55.50846021093088,92.53325515412408,91.03859704170632,24.26,3.0,-1.35,0.76,76.22117641446783
BBIO,2020-10-30,38.84000015258789,39.02000045776367,37.290000915527344,38.380001068115234,456900.0,40.19634628368969,50.02621932126392,55.4583675150172,92.5336073524152,90.41967193522514,24.28,2.0,-1.39,0.77,74.99023219863854
BBIO,2020-11-02,39.02000045776367,39.119998931884766,37.77000045776367,38.56999969482422,305700.0,36.18361085062213,49.94697217354627,54.83136714179901,92.51169657791829,90.19308881734024,24.29,1.0,-1.43,0.88,75.36146827831041
BBIO,2020-11-03,39.040000915527344,40.130001068115234,39.02000045776367,39.880001068115234,493500.0,37.43410006990667,50.28053068683808,54.86131477764774,92.51957870379564,90.12319876263302,24.3,2.0,-1.46,0.87,77.92106453755181
BBIO,2020-11-04,39.84000015258789,41.59999847412109,39.40999984741211,40.02000045776367,629600.0,35.96481824292441,50.24937659554147,53.40262184146239,92.51756095745272,90.12263529025294,24.3,1.0,-1.5,1.03,78.19460769662498
BBIO,2020-11-05,40.16999816894531,42.18999862670898,40.130001068115234,40.9900016784668,681900.0,35.79579789248509,50.3316587781366,53.44645305379424,92.48255074656704,90.01713637351413,24.29,2.0,-1.53,1.01,80.08988166090636
BBIO,2020-11-06,41.34999847412109,41.34999847412109,39.02000045776367,39.375,506100.0,36.729174425791925,51.20552439423034,53.87535548030316,92.07051842322969,89.61360956136993,24.25,3.0,-1.56,0.92,76.93434889647322
BBIO,2020-11-09,40.54999923706055,41.91999816894531,39.77000045776367,40.34999847412109,1131000.0,37.27912454663532,51.08494677433266,53.88663960514085,91.98163120556652,89.07042320305182,24.2,4.0,-1.59,0.92,78.83938693537002
BBIO,2020-11-10,40.79999923706055,41.63999938964844,39.810001373291016,40.150001525878906,771000.0,37.32949170223262,50.56015556114493,53.64732023705903,91.94651058426884,89.06315147262104,24.14,3.0,-1.61,0.97,78.44861525297524
BBIO,2020-11-11,40.5099983215332,41.040000915527344,39.56999969482422,40.970001220703125,537400.0,37.59873139612051,50.382056034772575,53.16426666632237,91.56472617340032,88.98007067388681,24.07,1.0,-1.64,1.08,80.05080300196846
BBIO,2020-11-12,41.0,44.02999877929688,40.81999969482422,43.04999923706055,1221800.0,37.09457297880995,51.15233039365307,53.61043318331097,91.58817602770137,88.87988574760294,23.97,4.0,-1.62,0.97,84.11488663611232
BBIO,2020-11-13,43.95000076293945,43.95000076293945,41.43000030517578,43.52000045776367,1033300.0,37.15719038643964,50.57886561838233,53.61225380257149,91.5889432063842,88.76466576862995,23.86,5.0,-1.6,0.97,85.0332164874226
BBIO,2020-11-16,43.52000045776367,45.27999877929688,43.52000045776367,44.33000183105469,838300.0,37.42046674233996,50.5834166826383,53.3320144232958,91.60276218050276,88.75061825675816,23.74,2.0,-1.56,1.05,86.61586863369291
BBIO,2020-11-17,43.4900016784668,44.27999877929688,42.93000030517578,43.540000915527344,504100.0,37.72356644779098,50.75764418676148,53.1269696789274,91.44149883308464,88.73260078835385,23.6,1.0,-1.55,1.09,85.0722951463605
BBIO,2020-11-18,43.34000015258789,44.459999084472656,43.06999969482422,43.34999847412109,543400.0,37.26375189963836,50.73129419801603,53.03018899250066,91.3390408082063,88.64581045607407,23.44,1.0,-1.56,1.12,84.70105161319654
BBIO,2020-11-19,43.0,44.0099983215332,42.86399841308594,43.70000076293945,298700.0,35.49848135369492,50.63085201988219,53.0353134282562,91.2273941505403,88.15529541586399,23.26,2.0,-1.56,1.12,85.38491696437156
BBIO,2020-11-20,43.150001525878906,44.650001525878906,43.150001525878906,44.22999954223633,435500.0,35.513818462703014,50.641230850081456,51.66793502644795,90.83403804601544,88.15981619465397,23.08,1.0,-1.54,1.26,86.42047533900346
BBIO,2020-11-23,44.45000076293945,46.56999969482422,44.25,46.43999862670898,512700.0,37.74408123293575,51.35997459851795,52.02275114543132,90.79365917422376,88.2798646937086,22.87,2.0,-1.46,1.16,90.73856652949756
BBIO,2020-11-24,46.97999954223633,47.150001525878906,45.59999847412109,46.97999954223633,648900.0,37.69843057756017,51.36572130683828,52.02091736172536,88.26874901742588,87.79757013557396,22.65,2.0,-1.38,1.16,91.79366796034444
BBIO,2020-11-25,47.22999954223633,48.63999938964844,46.900001525878906,48.470001220703125,535200.0,36.53822852782688,48.38803847022662,52.09273899573629,86.05592756152367,87.33322043475535,22.4,4.0,-1.25,1.14,94.7049646965348
BBIO,2020-11-27,48.959999084472656,50.09000015258789,48.2400016784668,49.130001068115234,242500.0,36.402089217291824,48.25471450112586,51.90117380743185,84.79679500790363,87.18948682174613,22.13,2.0,-1.14,1.19,95.99453062751695
BBIO,2020-11-30,49.29999923706055,51.53499984741211,48.900001525878906,50.2400016784668,1076100.0,35.016678570731855,48.25976603377627,51.89307197540425,78.42400686316277,87.15908974044233,21.85,2.0,-1.01,1.2,98.1633477508715
BBIO,2020-12-01,50.9900016784668,52.40999984741211,50.11000061035156,51.130001068115234,848600.0,32.71766303118909,48.21921172230997,51.78812029538161,78.17231270559847,86.8973194178189,21.54,2.0,-0.88,1.22,99.90230707940131
BBIO,2020-12-02,51.02000045776367,51.02000045776367,48.4900016784668,48.84999847412109,1639600.0,36.089369188036464,45.358101725818656,51.472531338017205,78.19496216061795,87.00297800089433,21.2,1.0,-0.88,1.25,95.44743685587852
BBIO,2020-12-03,49.060001373291016,50.77000045776367,48.54999923706055,50.5099983215332,437000.0,36.68117848858452,45.380541383132886,50.55051423931285,73.11120912500277,86.45191717751277,20.85,1.0,-0.83,1.35,98.69089101280287
BBIO,2020-12-04,51.16999816894531,52.29999923706055,50.66999816894531,52.18999862670898,265300.0,36.93545390288708,45.64456831174461,49.14044777174893,66.54095462885846,86.33955845394702,20.46,1.0,-0.75,1.46,101.97342382866508
BBIO,2020-12-07,52.34000015258789,53.58000183105469,52.0,53.09999847412109,343500.0,36.386753890342064,45.66860462493999,49.17680817279089,65.49814490847513,86.32190019561156,20.06,2.0,-0.66,1.44,103.75146181613277
BBIO,2020-12-08,53.06999969482422,56.75,53.04999923706055,56.66999816894531,530200.0,39.63767988342616,44.54739091813392,49.962150285777696,65.65047544056185,86.0642983220137,19.63,3.0,-0.41,1.29,110.726842186467
BBIO,2020-12-09,57.16999816894531,58.66999816894531,55.560001373291016,56.86000061035156,604300.0,39.60519948014818,44.53004872232472,49.96368618881138,65.51439203248336,86.04843854395892,19.16,4.0,-0.27,1.29,111.09808571963093
BBIO,2020-12-10,56.4900016784668,58.93000030517578,56.06999969482422,57.75,468200.0,37.6783549069963,44.558104692555325,49.18365613218098,64.46658514812518,86.05649993178575,18.68,3.0,-0.15,1.45,112.83704504816075
BBIO,2020-12-11,58.20000076293945,62.5,58.13999938964844,61.34999847412109,930700.0,40.04495461631616,45.67739813506459,49.86095500931202,64.7045154407094,86.23864543571376,18.16,4.0,0.14,1.3,119.87103968015573
BBIO,2020-12-14,62.84999847412109,64.31500244140625,60.88999938964844,61.20000076293945,1349000.0,39.29687825570538,42.15993529818428,49.83635564709773,64.70762864662186,86.19512723359693,17.6,4.0,0.25,1.31,119.57796091835966
BBIO,2020-12-15,61.15999984741211,61.64500045776367,59.060001373291016,60.9900016784668,692000.0,39.56752523740101,39.76517913386271,49.75046903096227,64.025127945606,86.10591211556185,16.99,4.0,0.27,1.33,119.16764617974991
BBIO,2020-12-16,60.81999969482422,61.720001220703125,60.34999847412109,61.540000915527344,509100.0,39.22700561029542,39.765063307842894,48.790043494700654,61.5113462340076,86.104372407546,16.34,1.0,0.25,1.53,120.2422832133197
BBIO,2020-12-17,61.63999938964844,64.56999969482422,60.34000015258789,64.41000366210938,361200.0,40.09190248602937,39.55137232099064,48.80812817607183,61.65778074426993,85.7000216231283,15.64,2.0,0.32,1.52,125.84994778828802
BBIO,2020-12-18,64.81999969482422,66.37999725341797,64.2300033569336,64.88999938964844,1495000.0,40.08835247446899,39.00259899357707,46.78379284759656,60.18106311590585,85.56865504879492,14.88,1.0,0.34,1.56,126.78780578882916
BBIO,2020-12-21,63.93000030517578,65.87999725341797,63.63999938964844,65.75,547800.0,36.48938867377147,38.15966451847332,46.71352141808772,58.70173895131081,84.72016621485979,14.06,1.0,0.34,1.59,128.46815085569816
BBIO,2020-12-22,65.87000274658203,68.2750015258789,65.19999694824219,67.91000366210938,448700.0,36.69796248504805,38.42415949506028,45.79062634801052,58.68837017416353,84.003751575568,13.16,1.0,0.39,1.72,132.68855657908566
BBIO,2020-12-23,67.91000366210938,69.55000305175781,66.93000030517578,69.08999633789062,387300.0,36.08347277945447,38.4451325865401,45.29151694826281,57.67260644040299,83.97765909254409,12.31,1.0,0.42,1.86,134.99413037499264
BBIO,2020-12-24,69.58000183105469,70.55999755859375,68.51000213623047,69.5,302800.0,36.24797118998099,38.455405604081015,45.29365010901215,57.398521015653245,83.77530717747388,11.5,2.0,0.4,1.86,135.7952317029813
BBIO,2020-12-28,70.44000244140625,70.71499633789062,68.5790023803711,69.4800033569336,463500.0,35.30048974938958,37.41649293163312,45.31846210182005,57.11530107510248,82.28873972860144,10.66,3.0,0.35,1.85,135.7561604975355
BBIO,2020-12-29,69.38999938964844,69.76000213623047,66.19999694824219,67.62000274658203,664400.0,37.43044544212232,38.11350344671359,45.68069360754657,56.77905156210479,82.23847569157809,10.11,4.0,0.23,1.74,132.12192720472433
BBIO,2020-12-30,68.36000061035156,70.9800033569336,67.88999938964844,70.06999969482422,415700.0,37.90680488701089,38.48910836260431,45.8507625239145,55.76526494109441,82.29317460751588,9.5,6.0,0.15,1.67,136.908947395489
BBIO,2020-12-31,69.80999755859375,71.55999755859375,67.65499877929688,71.11000061035156,436400.0,36.57625629676601,38.27491625737634,45.850956520997535,55.772451001713854,82.10674385610413,8.84,7.0,0.08,1.66,138.94099293930694
BBIO,2021-01-04,71.12000274658203,71.83999633789062,63.08000183105469,63.63999938964844,992700.0,51.7357369383863,45.4652576431097,49.62728529633174,57.361751242643344,82.82769277018204,8.37,15.0,-0.06,2.58,124.34544550640143
BBIO,2021-01-05,63.220001220703125,65.87999725341797,62.73799896240234,65.05000305175781,727100.0,51.78112306464174,44.65090081472445,49.65376932372872,57.39638716584848,82.50075060578516,8.17,16.0,-0.18,2.57,127.10043506033229
BBIO,2021-01-06,64.66999816894531,65.94499969482422,63.38999938964844,64.2300033569336,565800.0,52.32479486278131,44.858503115926965,49.76344295441827,57.32817334744502,82.50936913760545,7.99,18.0,-0.3,2.51,125.49824731133907
BBIO,2021-01-07,64.87000274658203,65.80000305175781,64.30500030517578,64.80999755859375,787200.0,51.1829256579585,44.845735766247984,49.56007719443939,56.98010660612648,82.49824739917678,7.81,15.0,-0.4,2.61,126.63149115307759
BBIO,2021-01-08,65.13999938964844,66.62999725341797,62.93999862670898,65.51000213623047,600800.0,51.18284848877273,44.78316870149692,49.26135212246588,56.83632063107981,82.47569705076532,7.62,15.0,-0.51,2.72,127.9992218554276
BBIO,2021-01-11,66.0,68.93000030517578,65.08999633789062,68.58000183105469,578100.0,51.85117838870183,44.57691471648945,49.419844176824576,56.83692507402254,82.18185857012159,7.45,16.0,-0.59,2.69,133.99765811279073
BBIO,2021-01-12,68.88999938964844,69.58999633789062,67.56999969482422,68.63999938964844,511800.0,51.939256365961775,44.56125382972966,49.40964958146596,56.80529064358918,81.81727272926558,7.28,16.0,-0.67,2.69,134.11488663611232
BBIO,2021-01-13,68.63999938964844,69.11499786376953,65.4000015258789,65.68000030517578,1052400.0,54.213106448968006,45.27949468602245,49.73257136932632,56.88815450046378,81.91071225616284,7.08,21.0,-0.76,2.6,128.33137927616156
BBIO,2021-01-14,65.0,70.01000213623047,64.69400024414062,69.7300033569336,847600.0,56.14783618370204,45.58201207351188,50.36006049264742,57.13008031311784,82.10941007960912,6.89,28.0,-0.82,2.42,136.24463255402105
BBIO,2021-01-15,69.06999969482422,70.0,66.9000015258789,68.61000061035156,435500.0,54.21387106503545,45.77581801160382,50.47436150100363,56.93752416003738,82.12340126824864,6.78,29.0,-0.9,2.36,134.0562723744515
BBIO,2021-01-19,69.80999755859375,69.87999725341797,68.3949966430664,69.37999725341797,510000.0,53.80792293466491,45.68551116285872,50.44177094936746,56.53789914890344,82.10324883865955,6.66,29.0,-0.96,2.37,135.56075974935396
BBIO,2021-01-20,69.52999877929688,71.4000015258789,67.4800033569336,67.70999908447266,627100.0,54.30821243786245,46.046161243100514,50.63774109720346,56.53156803557431,81.86532128360471,6.57,32.0,-1.03,2.29,132.29776998970672
BBIO,2021-01-21,68.29000091552734,68.37999725341797,65.87999725341797,66.44000244140625,446000.0,54.821511608524645,46.16569064950685,50.82148863529776,56.52832358193379,81.70615407883916,6.52,33.0,-1.1,2.21,129.81633850183317
BBIO,2021-01-22,65.48999786376953,69.58000183105469,64.69999694824219,69.4800033569336,587500.0,53.25995952015205,46.7231592113128,51.15059682674457,56.52567791133202,81.81360640822223,6.46,34.0,-1.15,2.11,135.7561604975355
BBIO,2021-01-25,67.45999908447266,68.50499725341797,62.810001373291016,65.79000091552734,2424700.0,56.15238294382643,48.50533141984496,52.12214099818277,56.8986186724113,82.0081186149957,6.42,43.0,-1.21,1.85,128.54630817357392
BBIO,2021-01-26,65.4800033569336,65.91000366210938,60.27999877929688,62.33000183105469,4700800.0,58.57064334728727,49.59370589485022,51.248878898578965,57.23088674429494,82.18556542817652,6.37,35.0,-1.27,1.82,121.78585670065209
BBIO,2021-01-27,60.52999877929688,60.869998931884766,55.18999862670898,55.470001220703125,3013000.0,65.43423978960415,55.775049551687104,54.84583173804359,58.82315171357932,83.02284459624308,6.32,58.0,-1.3,2.31,108.38218227813003
BBIO,2021-01-28,56.84000015258789,57.2599983215332,55.34000015258789,56.29999923706055,1400500.0,65.64691849237748,55.61170488325282,54.83785097965706,58.83339128394549,83.03253454192078,6.27,58.0,-1.34,2.33,110.00390562984617
BBIO,2021-01-29,56.63999938964844,57.43999862670898,54.34999847412109,56.7599983215332,1332700.0,65.72254429776943,55.61201237025807,54.78452189668732,58.28578795099792,83.0152558218427,6.24,57.0,-1.38,2.34,110.90269242494146
BBIO,2021-02-01,57.0099983215332,57.970001220703125,55.22999954223633,57.43000030517578,1177100.0,65.76885434375532,55.33997410572176,52.52602493733068,58.28360382589511,83.00803480513497,6.18,45.0,-1.4,2.47,112.2118014121386
BBIO,2021-02-02,58.93999862670898,63.45000076293945,58.619998931884766,63.0099983215332,1227900.0,70.03281176156729,58.11403659101245,54.14974086907717,58.97134647248398,83.49929584470084,6.12,58.0,-1.45,2.31,123.11449383708009
BBIO,2021-02-03,63.5,64.19999694824219,62.31999969482422,62.97999954223633,973000.0,69.9902686397586,58.03545208143881,54.144986616009504,58.29753325651308,83.49208340849673,6.06,58.0,-1.49,2.31,123.05587957541928
BBIO,2021-02-04,63.470001220703125,64.75,62.52999877929688,64.51000213623047,591000.0,70.25080135287682,57.284527392321,54.2034447800429,58.32963305609994,83.51149058966097,6.0,60.0,-1.53,2.29,126.04533362948543
BBIO,2021-02-05,65.0,68.31999969482422,64.47000122070312,68.27999877929688,1509300.0,71.59374143183962,58.05404116658204,53.42075921895949,58.662572782379854,83.6837126083775,5.92,52.0,-1.56,2.37,133.4114856822144
BBIO,2021-02-08,68.93000030517578,72.7300033569336,67.80999755859375,72.3499984741211,1578500.0,73.38326335156178,58.84302530540233,54.03185443683892,59.00217100171391,83.85383486237018,5.85,59.0,-1.58,2.22,141.36381016551968
BBIO,2021-02-09,72.81999969482422,73.5,70.66000366210938,70.8499984741211,726900.0,73.65654969760436,59.13628413720975,54.20608426246913,59.07470632949128,83.82655977837929,5.78,63.0,-1.6,2.13,138.43297782660645
BBIO,2021-02-10,71.27999877929688,72.38999938964844,68.25,68.87000274658203,953900.0,74.13460208304788,59.01755130362164,54.36704696817024,59.19447798612934,83.7795426341203,5.7,64.0,-1.62,2.04,134.56428748715203
BBIO,2021-02-11,69.69999694824219,69.98999786376953,66.33000183105469,67.2699966430664,446100.0,74.02781781117234,59.36146536611228,52.75166808892656,59.27638779118507,83.81661853100842,5.61,46.0,-1.64,2.11,131.43805440005724
BBIO,2021-02-12,68.4800033569336,71.25,66.73999786376953,67.36000061035156,1722500.0,73.2514290034421,59.32732445238141,51.66642890776309,59.22967471767632,83.79243379649472,5.49,37.0,-1.66,2.43,131.6139120920238
BBIO,2021-02-16,67.66000366210938,69.20999908447266,64.51000213623047,64.9800033569336,874500.0,73.75850989657374,59.763490541585526,52.07591103581392,55.26828520779523,83.86829583222716,5.38,44.0,-1.67,2.25,126.9636634807957
BBIO,2021-02-17,64.3499984741211,65.47699737548828,63.6150016784668,64.72000122070312,847600.0,66.28767276218477,59.76066238394545,51.70665221313316,55.226884939027066,83.84831585140743,5.27,39.0,-1.68,2.4,126.45564836809517
BBIO,2021-02-18,63.650001525878906,64.4800033569336,62.02000045776367,63.84999847412109,897200.0,66.09128359911819,59.90306312874826,51.59672421690522,55.26800657333397,83.8121489354713,5.16,37.0,-1.68,2.45,124.75576024501119
BBIO,2021-02-19,66.0,69.26000213623047,64.8499984741211,66.68000030517578,1050300.0,67.18970196495496,60.37301178765725,51.638364846638055,55.44878909545188,83.90886070242594,5.04,38.0,-1.69,2.51,130.28526750210375
BBIO,2021-02-22,66.68000030517578,68.66999816894531,64.86000061035156,65.66999816894531,644600.0,67.31443196067401,59.8983241592727,51.74820126038004,55.26204696583961,83.87426435300628,4.93,42.0,-1.69,2.45,128.3118362199466
BBIO,2021-02-23,64.91000366210938,66.5,62.65999984741211,65.94000244140625,1150900.0,67.25359631242547,59.88705212581761,51.748486622497005,55.04302425291366,83.43172960877222,4.8,43.0,-1.69,2.44,128.8393943888621
BBIO,2021-02-24,65.8499984741211,68.30000305175781,65.02999877929688,67.41000366210938,1081400.0,66.19888152786885,59.74907301097235,51.8060323664186,55.02442285088479,83.34244211468406,4.68,45.0,-1.69,2.43,131.71161246611456
BBIO,2021-02-25,67.86000061035156,69.48500061035156,64.0999984741211,65.12999725341797,2175800.0,66.91772122370277,60.27919169589774,51.61656324563819,55.21376715333195,83.40030467010438,4.54,38.0,-1.67,2.4,127.25673478909971
BBIO,2021-02-26,65.4000015258789,71.76000213623047,64.41000366210938,70.68000030517578,3058000.0,69.87591480407264,62.22160676876126,53.02906230173705,55.882513986664975,83.43799266908721,4.39,56.0,-1.66,2.19,138.10082040587247
BBIO,2021-03-01,72.47000122070312,72.81999969482422,69.19999694824219,71.91000366210938,1166000.0,67.89870035808276,62.219135810368165,53.05961994064763,55.52932937916584,83.33875999033162,4.25,59.0,-1.64,2.19,140.50410948285437
BBIO,2021-03-02,69.27999877929688,71.01000213623047,66.08000183105469,66.16999816894531,829600.0,72.02600470161235,63.99341403068616,54.85571000687302,56.42015872014311,83.78230055216306,4.12,81.0,-1.61,1.93,129.2887803329177
BBIO,2021-03-03,65.72000122070312,67.37999725341797,63.7400016784668,63.900001525878906,1103000.0,72.57409349137629,64.23165165921809,55.13715001773917,55.86286010913996,83.86248030951032,3.99,83.0,-1.59,1.8,124.85346061910197
BBIO,2021-03-04,63.47999954223633,65.0199966430664,59.650001525878906,62.52000045776367,1028900.0,72.51222897100543,64.15982874005797,54.92440747447266,55.91699666069368,83.74396670605029,3.87,83.0,-1.55,1.87,122.15709278032398
BBIO,2021-03-05,63.0,63.0,57.709999084472656,62.220001220703125,865900.0,72.35210682857513,64.10961693328632,54.93516632772499,55.92500376616617,83.6613590649415,3.75,84.0,-1.52,1.86,121.57092780323973
BBIO,2021-03-08,62.88999938964844,64.29000091552734,59.28499984741211,59.47999954223633,876700.0,71.96990697350061,63.49846583310076,55.47709577565523,56.17219990983581,83.70685827977951,3.63,88.0,-1.48,1.67,116.21727078462165
BBIO,2021-03-09,60.810001373291016,65.5,60.040000915527344,64.9000015258789,1113900.0,75.17420767362127,65.9213364202289,57.01235031149977,56.89673343735701,83.81411924117987,3.53,96.0,-1.43,1.53,126.80734884504415
BBIO,2021-03-10,65.5,69.9000015258789,65.5,69.72000122070312,1215100.0,76.20816233741655,67.39229031717528,57.65295876575273,57.1913670673488,83.93868802191608,3.42,97.0,-1.39,1.49,136.22508949780607
BBIO,2021-03-11,70.70999908447266,72.97000122070312,69.08000183105469,71.22000122070312,777500.0,67.2388887216347,66.4401938232852,57.6622917720706,57.17617749664532,81.99421470442974,3.3,98.0,-1.35,1.48,139.15592183671933
BBIO,2021-03-12,70.37999725341797,72.07499694824219,69.0,70.94000244140625,346300.0,67.30106339650916,66.44562687336317,57.35609260938181,57.179994082747854,80.25104315859724,3.16,97.0,-1.3,1.54,138.608835518573
BBIO,2021-03-15,70.27999877929688,71.63999938964844,69.25,69.88999938964844,461300.0,67.61898002022588,66.53069473156525,57.06882364694602,57.06192053461054,79.3111648244532,3.0,97.0,-1.24,1.63,136.55724691854005
BBIO,2021-03-16,70.04000091552734,70.70999908447266,67.22000122070312,68.05000305175781,841000.0,68.29530104793186,66.77801814076462,57.27033233689974,57.00754508962766,74.53960574854848,3.02,97.0,-1.18,1.56,132.96209973815883
BBIO,2021-03-17,67.13999938964844,68.98999786376953,66.27999877929688,68.62000274658203,709500.0,63.13049115287882,66.16553573675694,57.24915930999992,56.94667193014483,74.34618095363807,3.04,96.0,-1.12,1.57,134.0758154306665
BBIO,2021-03-18,68.5999984741211,68.66899871826172,63.310001373291016,63.470001220703125,579800.0,67.34420001785378,68.10285740253119,58.65352169975111,57.76920639836868,74.65687265276283,3.08,100.0,-1.04,1.36,124.01328808566745
BBIO,2021-03-19,64.0199966430664,68.0,63.34000015258789,67.66000366210938,2232700.0,69.52620089094752,69.31748342057953,59.32825378809167,57.49697195101732,71.06141346873915,3.14,100.0,-0.96,1.26,132.2000845226001
BBIO,2021-03-22,70.41000366210938,71.0,66.16000366210938,69.11000061035156,994900.0,67.81451286484096,69.13650754559937,59.37680584553996,57.46108758745005,66.2541281832582,3.2,100.0,-0.88,1.26,135.0332164874226
BBIO,2021-03-23,68.12000274658203,69.19000244140625,65.33999633789062,65.79000091552734,813700.0,67.02522328808843,69.77978055853214,60.00797616584437,57.80736749977694,65.71398811851716,3.28,100.0,-0.79,1.1,128.54630817357392
BBIO,2021-03-24,66.33999633789062,66.93000030517578,61.27000045776367,61.27000045776367,629900.0,69.71022310293296,71.23558200177943,60.98488373734761,58.44223554695272,65.96442023003995,3.38,100.0,-0.7,0.98,119.71473249789626
BBIO,2021-03-25,60.34999847412109,63.470001220703125,60.20000076293945,63.13999938964844,372400.0,70.05368520760705,71.5395025854996,61.11348754718393,58.41601300235613,65.92609570165925,3.48,100.0,-0.6,0.95,123.36850139343034
BBIO,2021-03-26,63.29999923706055,63.68999862670898,60.2599983215332,60.81999969482422,851500.0,70.52455360682968,71.72747222192893,61.391006602425854,58.573683780565055,65.2899063475991,3.58,100.0,-0.52,0.89,118.83548130552386
BBIO,2021-03-29,60.220001220703125,60.48500061035156,57.0,57.09999847412109,672400.0,72.59503141338236,72.38119676720657,62.324979071458856,59.03920462734165,65.55841852938407,3.71,100.0,-0.46,0.71,111.5670147199015
BBIO,2021-03-30,56.84999847412109,60.11000061035156,56.310001373291016,59.119998931884766,772100.0,72.90983660140017,72.71135163215445,62.34178603468563,58.71734181531263,65.63446964060937,3.83,100.0,-0.36,0.71,115.51386983072373
BBIO,2021-03-31,59.369998931884766,62.0,59.220001220703125,61.59999847412109,554800.0,74.02690442814837,69.68833423656727,62.6200842295624,58.36439207441993,65.24599222479154,3.96,100.0,-0.26,0.67,120.35951173664128
BBIO,2021-04-01,62.4900016784668,63.130001068115234,59.040000915527344,59.36000061035156,782700.0,74.66568139519684,69.92386296898088,62.88119604706629,57.779695686675936,63.65619078173511,4.09,100.0,-0.15,0.59,115.98280628448639
BBIO,2021-04-05,60.220001220703125,60.5,58.0099983215332,58.9900016784668,403200.0,73.39503624385398,69.89242998072038,62.50774469324048,57.79148561859159,63.640574375571305,4.2,98.0,-0.09,0.68,115.25986972786555
BBIO,2021-04-06,57.310001373291016,59.68999862670898,57.310001373291016,57.75,645300.0,73.4946103090899,69.97473527872071,62.54878981273097,57.796870519572906,62.70982364259129,4.31,98.0,-0.03,0.65,112.83704504816075
BBIO,2021-04-07,57.5099983215332,59.13999938964844,55.880001068115234,56.060001373291016,786100.0,73.81173175605528,70.15273521567435,62.75775267794948,57.9279121005648,61.74694340480214,4.42,99.0,-0.03,0.6,109.53497662957561
BBIO,2021-04-08,57.040000915527344,58.459999084472656,56.3849983215332,58.119998931884766,347100.0,74.37556566863195,69.8943613415016,62.91676395360819,57.714047601168126,61.77670073339843,4.53,100.0,-0.01,0.57,113.55998160478156
BBIO,2021-04-09,57.540000915527344,58.08000183105469,54.01499938964844,54.4900016784668,1544500.0,75.9065835518277,71.023919756006,63.3952182319326,58.22815741701839,61.418078583012914,4.64,100.0,0.01,0.48,106.46737271112576
BBIO,2021-04-12,54.31999969482422,54.54999923706055,53.560001373291016,53.959999084472656,546900.0,71.20468831492353,70.54020806235329,63.40939376359584,58.23671302972389,61.22798620606893,4.75,100.0,0.01,0.47,105.4318068830018
BBIO,2021-04-13,54.18999862670898,55.5,52.959999084472656,54.59999847412109,998100.0,71.04713894057126,69.38188846633861,63.3746819584275,58.20933472133295,61.0621514906988,4.86,98.0,0.02,0.48,106.68229415504604
BBIO,2021-04-14,54.93000030517578,58.34000015258789,54.93000030517578,55.75,1362800.0,67.96112851254,69.52068007193236,63.36147422906395,57.74088476517333,60.7568713976448,4.96,97.0,-0.0,0.5,108.92926859627639
BBIO,2021-04-15,55.7599983215332,57.06999969482422,54.22999954223633,54.95000076293945,814500.0,67.45422400569637,69.48878891982602,63.40938386182581,57.63622337002396,60.06645710338794,5.05,99.0,-0.11,0.48,107.36615950622107
BBIO,2021-04-16,55.869998931884766,56.119998931884766,53.9900016784668,55.119998931884766,510900.0,67.30131162672788,69.3708966192753,63.40298427141865,56.79056058062344,60.06576027716738,5.15,98.0,-0.26,0.48,107.69831692695504
BBIO,2021-04-19,54.38999938964844,56.209999084472656,54.130001068115234,55.5099983215332,685300.0,67.37969923075686,69.32720767135487,63.38840326669208,56.735549091376136,59.99848559603027,5.23,96.0,-0.46,0.48,108.46033214251376
BBIO,2021-04-20,55.0099983215332,56.47499847412109,53.400001525878906,54.119998931884766,397500.0,66.56983517770986,68.75172646674915,63.09610617072832,56.42326757838993,60.061847766498985,5.31,93.0,-0.59,0.5,105.74442870101286
BBIO,2021-04-21,53.41999816894531,55.41999816894531,53.11000061035156,55.310001373291016,376300.0,61.34792052859073,68.13816575168869,63.1580382877481,56.28543974436164,60.029602550605055,5.38,93.0,-0.71,0.49,108.06956046011898
BBIO,2021-04-22,55.27000045776367,57.13999938964844,54.22999954223633,55.900001525878906,426100.0,57.09692836591221,67.34945221185153,62.99677120661396,56.289560746290576,59.778829476113856,5.45,91.0,-0.79,0.52,109.22235481156454
BBIO,2021-04-23,56.15999984741211,56.505001068115234,53.94499969482422,54.470001220703125,651400.0,56.67608440699446,63.18336942162242,63.11496370868716,56.394134610904025,59.7342682431387,5.52,92.0,-0.87,0.48,106.42829405218785
BBIO,2021-04-26,55.13999938964844,56.0099983215332,54.4900016784668,55.81999969482422,370500.0,57.48669241806924,63.312718085659,63.13427094186731,56.44713504985468,59.61715901780297,5.58,92.0,-0.92,0.48,109.06604017581296
BBIO,2021-04-27,55.84999847412109,56.15499877929688,54.31999969482422,55.31999969482422,369200.0,57.45035548351976,63.31439088905477,63.09827636695434,56.439205491669306,59.59924007749257,5.64,90.0,-0.95,0.48,108.08909606284188
BBIO,2021-04-28,55.04999923706055,56.77000045776367,54.54999923706055,56.22999954223633,411700.0,57.57342247399963,63.35892342941135,62.70358969681927,56.458909300168855,59.488289680171405,5.69,84.0,-1.11,0.57,109.86713405030959
BBIO,2021-04-29,56.34999847412109,56.3650016784668,54.3849983215332,55.27000045776367,326300.0,57.48282821008303,60.39753238492889,62.56067192479022,56.50771780480407,59.41387661415823,5.73,82.0,-1.21,0.58,107.99140314224319
BBIO,2021-04-30,54.61000061035156,56.54999923706055,54.61000061035156,55.91999816894531,684200.0,53.631853724948165,60.463674945451295,62.37722261718152,56.49206963261063,59.26907299777252,5.75,79.0,-1.25,0.61,109.26142601701036
BBIO,2021-05-03,56.5,56.54999923706055,53.810001373291016,55.369998931884766,600200.0,49.596415494789255,60.24007587168174,62.342326497642354,56.51283079122188,59.02593006179288,5.77,78.0,-1.27,0.61,108.18678898344058
BBIO,2021-05-04,55.34999847412109,55.34999847412109,53.0099983215332,54.0,593300.0,49.14633743033192,59.121242388125154,61.60053459048213,56.54492383249801,59.00235861460972,5.79,75.0,-1.27,0.68,105.50996420087758
BBIO,2021-05-05,53.79999923706055,54.86000061035156,52.27999877929688,52.93999862670898,955100.0,47.73284325718656,57.78116936822285,61.67364894714839,56.424019228227806,58.98610585853628,5.8,75.0,-1.25,0.66,103.43883999812171
BBIO,2021-05-06,52.560001373291016,52.61000061035156,48.68000030517578,49.59000015258789,1678900.0,47.08214142124745,59.00233608037483,62.46330123225534,56.93952198993669,59.21313496298223,5.81,79.0,-1.11,0.53,96.89331742261226
BBIO,2021-05-07,49.209999084472656,50.650001525878906,47.63999938964844,48.02999877929688,729200.0,46.25820702695749,59.065645157375,61.84855130338522,57.08705518557743,59.26294746488329,5.82,74.0,-0.95,0.59,93.84524910688533
BBIO,2021-05-10,47.470001220703125,47.630001068115234,45.77000045776367,46.470001220703125,928500.0,46.04044277866039,59.21799549329387,62.03865784055714,57.10996287097182,59.30013616871259,5.83,74.0,-0.75,0.54,90.79718824465044
BBIO,2021-05-11,44.93999862670898,49.93000030517578,44.93999862670898,49.130001068115234,761200.0,46.76664606750028,60.543711078876825,62.72763987513237,57.44714410065437,59.45667941935895,5.84,84.0,-0.76,0.45,95.99453062751695
BBIO,2021-05-12,48.72999954223633,51.27999877929688,48.415000915527344,49.47999954223633,867400.0,45.38900121050752,60.25326948974266,62.71985545130862,57.40458061517547,59.456020634589045,5.84,83.0,-0.8,0.45,96.67838852519989
BBIO,2021-05-13,49.66999816894531,51.86000061035156,49.650001525878906,50.720001220703125,923000.0,44.147949694515816,60.55169134093455,62.40244552834216,57.425962395410544,59.12864066451722,5.83,76.0,-0.87,0.49,99.1012132049047
BBIO,2021-05-14,50.880001068115234,53.93999862670898,50.880001068115234,53.65999984741211,708600.0,46.75033279736305,61.76626045472984,63.07791496476527,57.75316094021369,59.3725323787163,5.79,88.0,-0.94,0.4,104.84564190591755
BBIO,2021-05-17,53.150001525878906,54.380001068115234,51.79999923706055,54.130001068115234,729300.0,46.87123221681466,61.06188864752362,63.05483044733419,57.756240639710754,59.17690045118611,5.75,87.0,-1.0,0.41,105.76397175722785
BBIO,2021-05-18,54.33000183105469,56.290000915527344,54.084999084472656,55.72999954223633,1180300.0,47.42542007273053,61.37282637165652,63.01267398372312,57.83038350740952,58.74052072266378,5.69,86.0,-1.03,0.41,108.8901899373385
BBIO,2021-05-19,55.0,55.90999984741211,53.7400016784668,54.970001220703125,687100.0,46.81297460343444,61.39677501509222,62.96414308389421,57.86246275948259,58.75077580800189,5.61,84.0,-1.05,0.42,107.40523816515895
BBIO,2021-05-20,55.119998931884766,57.59999847412109,53.97999954223633,57.220001220703125,592300.0,47.10140911461458,61.82220199424626,63.31065103064024,57.20794564958827,58.86750202849775,5.53,93.0,-1.05,0.36,111.80148667352884
BBIO,2021-05-21,58.79999923706055,59.61000061035156,57.56999969482422,57.900001525878906,929800.0,43.11931710429043,61.53570193082992,63.34784611123728,57.149532554447326,58.87168890787705,5.44,93.0,-1.05,0.36,113.13013126344889
BBIO,2021-05-24,58.18999862670898,58.31499862670898,55.79999923706055,56.959999084472656,622900.0,43.31798267921737,59.06902007112661,63.26133548454264,57.19402586649719,58.89755784019391,5.35,91.0,-1.05,0.38,111.29347156082832
BBIO,2021-05-25,57.540000915527344,58.22999954223633,56.619998931884766,57.68000030517578,490600.0,43.333990042517776,59.00608244320434,63.02081393025812,57.162729099190045,58.902801951864646,5.26,83.0,-1.04,0.42,112.70027346862415
BBIO,2021-05-26,58.11000061035156,59.27999877929688,57.43000030517578,58.630001068115234,492500.0,43.18154698771352,56.76029847056888,63.03212418133168,55.927625078421926,58.91431482138817,5.16,83.0,-1.03,0.41,114.55646877396764
BBIO,2021-05-27,58.91999816894531,58.91999816894531,56.540000915527344,57.9900016784668,1029700.0,43.080286834934284,56.378584183618905,60.579283410223226,55.84512079855794,58.89987863152832,5.1,55.0,-1.04,0.32,113.30598150192337
BBIO,2021-05-28,58.15999984741211,59.65999984741211,57.040000915527344,59.20000076293945,444000.0,43.42543438010751,56.40022413154276,60.56748994517444,55.88050380229104,56.02694018775136,5.04,54.0,-1.03,0.33,115.6701844664753
BBIO,2021-06-01,59.720001220703125,60.68000030517578,58.59999847412109,60.369998931884766,910900.0,43.69322414094883,56.54933409089633,60.624718510609696,55.89921888109619,56.021905937297625,4.99,55.0,-1.02,0.32,117.95623011315146
BBIO,2021-06-02,60.5,60.88600158691406,58.01300048828125,59.40999984741211,865900.0,43.252222964724815,55.88218109763488,60.653865125064286,55.13576837543253,56.053815768944645,4.92,55.0,-1.02,0.31,116.08049920508508
BBIO,2021-06-03,59.20000076293945,59.720001220703125,57.13999938964844,58.810001373291016,557700.0,43.0451821134217,52.87227990229696,60.64272291929911,55.138929035167806,56.06364237152243,4.85,54.0,-1.01,0.31,114.9081692509166
BBIO,2021-06-04,59.20000076293945,59.810001373291016,57.45000076293945,57.959999084472656,525800.0,43.22770572794996,50.67486681734357,60.2104854740941,55.167965626834494,55.93744231484536,4.77,50.0,-0.98,0.38,113.2473597867705
BBIO,2021-06-07,58.25,63.18999862670898,57.68000030517578,61.95000076293945,1844800.0,46.38158761786442,52.42467114465135,61.17704285609099,55.60353535160522,56.1332942807363,4.69,57.0,-0.94,0.27,121.0433770878163
BBIO,2021-06-08,62.0,63.31999969482422,60.63999938964844,62.33000183105469,896800.0,45.99056513360528,52.451928681792296,60.79555996350198,54.5666275353337,56.08752488037416,4.62,54.0,-0.92,0.34,121.78585670065209
BBIO,2021-06-09,62.68000030517578,63.18999862670898,60.63999938964844,61.34999847412109,703200.0,46.19699856857017,52.46199848006867,60.06563998214288,54.07625788455961,56.117814131381735,4.55,47.0,-0.88,0.43,119.87103968015573
BBIO,2021-06-10,61.59999847412109,63.2599983215332,60.84000015258789,62.29999923706055,1088300.0,46.1748286353069,52.33055425542038,60.07512805842126,54.09233968601433,56.07885082826473,4.47,47.0,-0.84,0.43,121.72723498549922
BBIO,2021-06-11,61.59999847412109,64.13999938964844,61.34999847412109,63.93000030517578,556000.0,46.18852574496293,52.59264442797055,60.19547894725541,53.97965927255826,55.87958406492849,4.4,47.0,-0.8,0.41,124.91207488076277
BBIO,2021-06-14,64.05999755859375,64.18000030517578,61.72999954223633,63.7400016784668,1106000.0,46.19541829569472,50.09939474140997,60.0781548675655,53.896662628081856,55.81290128426429,4.32,46.0,-0.77,0.43,124.5408388010909
BBIO,2021-06-15,63.59999847412109,63.68000030517578,61.29999923706055,62.470001220703125,826500.0,46.56379248719922,48.4579708819112,60.087704095061454,53.825874150118565,55.30131939257667,4.25,46.0,-0.74,0.43,122.05939985972527
BBIO,2021-06-16,61.91999816894531,64.61000061035156,61.880001068115234,63.18000030517578,1676400.0,45.77665878974312,48.30352984496459,59.67829591920621,53.83444974360333,55.283681877946286,4.17,41.0,-0.69,0.5,123.44665871130613
BBIO,2021-06-17,62.61000061035156,64.02999877929688,61.0,62.630001068115234,2229600.0,45.36031453950184,47.296699242052114,59.070501015496966,53.85015855639266,55.29521137464736,4.11,38.0,-0.66,0.61,122.37202167773636
BBIO,2021-06-18,61.369998931884766,62.69499969482422,59.83000183105469,61.33000183105469,2194100.0,40.93314844325316,45.17858871597426,58.53869765767036,53.91482393547936,55.30661772677724,4.04,36.0,-0.66,0.7,119.83196847470994
BBIO,2021-06-21,61.720001220703125,63.77999877929688,61.290000915527344,63.130001068115234,1476500.0,39.67071754697996,45.14687456128907,55.658011270783526,53.66078342256431,55.27072464181574,4.03,28.0,-0.64,0.25,123.34896579070744
BBIO,2021-06-22,62.869998931884766,63.34999847412109,60.0,60.34000015258789,1296600.0,40.93201567988085,45.448904956510496,56.100290751133606,53.957212709876615,55.267216222269546,4.02,28.0,-0.62,0.19,117.89761585149066
BBIO,2021-06-23,60.130001068115234,60.625,58.959999084472656,59.34999847412109,1099900.0,39.04007187459262,43.65928229786735,56.153709614816,54.00290257214413,55.268663621836886,4.0,28.0,-0.61,0.18,115.96326322827137
BBIO,2021-06-24,59.810001373291016,60.79999923706055,58.380001068115234,59.5,669000.0,39.05444332675562,43.07919289540758,56.12560535645122,53.9812917432852,55.26283889141415,3.96,27.0,-0.6,0.19,116.25634944355956
BBIO,2021-06-25,59.560001373291016,60.630001068115234,58.58000183105469,60.45000076293945,2769100.0,38.76991010470391,42.357844663261766,54.19859699198136,53.94313809188029,55.14725773756538,3.96,16.0,-0.59,0.13,118.11254474890302
BBIO,2021-06-28,60.0,60.459999084472656,57.34999847412109,59.38999938964844,864700.0,36.24631692413365,41.82348485786212,54.26794200294204,53.80761995627077,55.06906643802533,3.96,18.0,-0.58,0.12,116.04142054614717
BBIO,2021-06-29,59.65999984741211,60.560001373291016,58.630001068115234,60.119998931884766,879300.0,36.30517634427202,41.876635171223874,54.16415286172074,53.80999808555521,55.03802923024307,3.96,15.0,-0.56,0.14,117.46775805666591
BBIO,2021-06-30,61.04499816894531,61.79999923706055,59.63999938964844,60.959999084472656,447900.0,35.6322861495042,41.72255512774984,53.42784424225116,53.8114519677024,55.04961153495904,3.96,13.0,-0.5,0.24,119.10902446459704
BBIO,2021-07-01,61.38999938964844,64.05000305175781,60.959999084472656,63.61000061035156,531700.0,37.04322404349446,42.085068915628334,53.05045210636165,54.01633373645682,54.68208723822564,3.97,12.0,-0.49,0.27,124.28683124474063
BBIO,2021-07-02,63.900001525878906,64.52999877929688,62.79999923706055,63.84999847412109,492000.0,35.503593745914515,41.487419998755,52.96228233605507,53.84745849612251,54.63653268001462,3.99,11.0,-0.45,0.28,124.75576024501119
BBIO,2021-07-06,64.11000061035156,64.4000015258789,62.88999938964844,64.23999786376953,451500.0,35.42795782761397,39.14260501671383,52.79222456138836,53.81084749877034,54.63399083107393,4.01,11.0,-0.41,0.32,125.51777546056991
BBIO,2021-07-07,64.02999877929688,65.33000183105469,63.4900016784668,64.11000061035156,1024600.0,34.97122209865302,39.06890863875904,52.665948361801306,53.587394747185854,54.59202915030459,4.01,10.0,-0.38,0.34,125.26377535771172
BBIO,2021-07-08,63.0,64.37000274658203,62.70000076293945,63.95000076293945,494300.0,34.921022547960355,39.0393331772181,52.666097728645866,53.3971513390445,54.50598463534099,4.0,10.0,-0.34,0.34,124.95115353970066
BBIO,2021-07-09,64.30000305175781,64.70999908447266,63.66999816894531,64.16999816894531,627200.0,34.70653313413845,38.85510366166163,52.3615082895308,53.38703929782178,54.46742822012045,3.99,8.0,-0.33,0.41,125.38100388103332
BBIO,2021-07-12,63.619998931884766,65.08999633789062,63.61000061035156,63.77999877929688,370900.0,34.564185392005434,38.738353627826186,52.36649610316307,53.39023851683282,54.427925228552574,3.98,8.0,-0.32,0.41,124.61898866547463
BBIO,2021-07-13,62.83000183105469,64.20999908447266,62.27999877929688,62.72999954223633,357400.0,34.613401930421695,38.9348578844545,52.38870589931839,53.355446464162135,54.13138640089845,3.96,8.0,-0.31,0.4,122.56740751893373
BBIO,2021-07-14,62.869998931884766,63.220001220703125,58.58000183105469,58.72999954223633,1223300.0,39.36464451541548,41.33849512379314,52.94512071552512,53.93204232621,54.185294236120185,3.94,11.0,-0.25,0.38,114.75185461516502
BBIO,2021-07-15,58.52999877929688,59.970001220703125,57.52000045776367,59.34000015258789,1938600.0,39.22649720612181,41.014526081613056,52.928832720436766,53.94038330192177,53.56505267618984,3.92,10.0,-0.2,0.39,115.94372762554848
BBIO,2021-07-16,60.02000045776367,61.27000045776367,58.90999984741211,59.18000030517578,1205800.0,39.11889858429951,40.80535685395512,52.92310959620124,53.94351697564909,53.5672203398731,3.9,9.0,-0.14,0.39,115.63110580753741
BBIO,2021-07-19,57.93999862670898,59.220001220703125,57.380001068115234,57.40999984741211,710700.0,39.897902064901096,41.26015906619138,52.99402173434037,53.9562398327325,53.61057343995776,3.88,12.0,-0.07,0.38,112.17272275320072
BBIO,2021-07-20,57.59999847412109,61.31999969482422,57.57500076293945,61.11000061035156,933100.0,39.31156454640914,42.79507664989096,53.69409017560164,54.41840916308064,53.94488284225057,3.84,16.0,-0.02,0.31,119.40211067988517
BBIO,2021-07-21,61.36000061035156,61.91999816894531,59.150001525878906,61.59999847412109,343900.0,39.34246684808644,42.556435033647695,52.06410478755653,54.37627502656069,53.69070251090956,3.86,1.0,0.05,0.34,120.35951173664128
BBIO,2021-07-22,61.43000030517578,62.709999084472656,60.54999923706055,61.650001525878906,816300.0,39.06911665319856,42.49912775336996,51.97972044137761,54.375999560910834,53.65375488634956,3.88,1.0,0.05,0.36,120.45721211073206
BBIO,2021-07-23,62.06999969482422,62.06999969482422,60.29999923706055,60.59999847412109,276700.0,39.10719087661745,42.564978894838674,50.37176172642579,54.30201644445268,53.682564993837,3.95,1.0,0.12,0.35,118.4056235106991
BBIO,2021-07-26,60.560001373291016,60.95000076293945,56.119998931884766,56.310001373291016,883100.0,43.53639887014278,45.08999125988204,51.39472426658873,55.036373130510775,54.19426052104954,4.01,2.0,0.15,0.34,110.02344868606116
BBIO,2021-07-27,55.90999984741211,56.40999984741211,53.29999923706055,53.7400016784668,968100.0,45.23912845954085,46.03909550221535,51.798387692445424,55.27236328802917,54.01858792576484,4.06,3.0,0.11,0.27,105.00195654166913
BBIO,2021-07-28,54.060001373291016,56.1349983215332,53.380001068115234,55.369998931884766,753400.0,46.16447869780904,46.41859107432265,52.03438166296331,55.14982400884485,53.98773644027589,4.1,5.0,0.1,0.22,108.18678898344058
BBIO,2021-07-29,55.470001220703125,55.98500061035156,54.34999847412109,54.380001068115234,459400.0,46.10143682318929,46.27896904151033,51.62994056314592,55.13426865141451,53.39898101883528,4.15,3.0,0.05,0.29,106.25244381371337
BBIO,2021-07-30,54.209999084472656,54.209999084472656,52.95000076293945,53.45000076293945,1238100.0,46.22721209827688,46.23456337983748,49.72016341404419,55.1741832589134,53.38789121495384,4.25,1.0,0.07,0.16,104.43532716730779
BBIO,2021-08-02,53.63999938964844,53.959999084472656,52.15999984741211,52.33000183105469,783400.0,46.2331932844611,44.41033672348199,48.3891182945027,55.194819706142354,53.13739605406287,4.38,1.0,0.08,0.15,102.24697444123035
BBIO,2021-08-03,51.51499938964844,53.29999923706055,51.51499938964844,52.790000915527344,982300.0,45.295967452398415,43.90461215750408,48.27061045497239,54.90401874722804,53.01488496920732,4.51,1.0,-0.0,0.17,103.14576123632564
BBIO,2021-08-04,52.41999816894531,54.08000183105469,52.41999816894531,52.83000183105469,458500.0,43.76917024597124,43.30954760950446,48.27402855063889,54.89183678773087,53.0131143339551,4.63,2.0,-0.12,0.17,103.22391855420143
BBIO,2021-08-05,53.720001220703125,57.43999862670898,52.57500076293945,56.130001068115234,828600.0,47.46726328437427,43.58062340769493,49.27526190945358,55.30455902554115,53.32317015164425,4.72,4.0,-0.16,0.11,109.67174820911218
BBIO,2021-08-06,56.18999862670898,56.18999862670898,53.790000915527344,54.09999847412109,474100.0,48.510737178478905,44.29483587602575,49.42987221048687,55.441982160561686,53.46958572139427,4.81,5.0,-0.16,0.08,105.70535004207495
BBIO,2021-08-09,53.900001525878906,55.15999984741211,53.2400016784668,53.38999938964844,304100.0,48.25139271109834,44.12615942636199,49.4302368533005,55.46435940194978,53.468085641388974,4.9,6.0,-0.23,0.08,104.31809119049412
BBIO,2021-08-10,53.459999084472656,53.459999084472656,52.09999847412109,52.22999954223633,756100.0,48.37150028909581,42.81903483899493,48.03186787487366,55.52553709454414,53.52395498555103,5.01,1.0,-0.25,0.06,102.05158114654087
BBIO,2021-08-11,52.560001373291016,53.33000183105469,51.27000045776367,52.130001068115234,583800.0,48.12541090312624,42.77719846292509,46.85605461086666,55.51094898193006,53.52279558720534,5.14,1.0,-0.31,0.12,101.85619530534349
BBIO,2021-08-12,51.97999954223633,52.220001220703125,50.310001373291016,50.84000015258789,416700.0,48.13866983887509,42.60830557478732,46.83311945184432,55.30196626651412,53.57163274118973,5.26,1.0,-0.55,0.12,99.33567770503998
BBIO,2021-08-13,50.70000076293945,52.11000061035156,49.95000076293945,50.119998931884766,317800.0,45.91908100347044,42.61495541850503,46.28151308914943,55.31368273882428,53.59430505227175,5.39,1.0,-0.6,0.21,97.92887579724415
BBIO,2021-08-16,49.66999816894531,50.650001525878906,48.525001525878906,49.47999954223633,567400.0,45.8032391818888,41.7778710893346,44.9937303469082,55.21320688702086,53.5688732728888,5.54,1.0,-0.64,0.24,96.67838852519989
BBIO,2021-08-17,49.040000915527344,49.72999954223633,48.18000030517578,49.540000915527344,1401000.0,45.68991912157441,41.67995042863304,44.7002782088728,55.190321331864126,53.418008693736816,5.68,1.0,-0.66,0.31,96.79562450201357
BBIO,2021-08-18,49.77000045776367,50.43999862670898,48.05099868774414,48.630001068115234,803400.0,45.732173793204986,41.71295549390253,44.423347961565526,55.16979122737278,53.41206286676389,5.82,1.0,-0.69,0.37,95.01758651454585
BBIO,2021-08-19,48.310001373291016,48.95000076293945,46.970001220703125,47.08000183105469,726000.0,46.16946082751859,42.0296272090074,43.61196598104725,55.26017502747172,53.52185482328103,5.97,1.0,-0.68,0.39,91.9890612550339
BBIO,2021-08-20,47.63999938964844,49.720001220703125,46.68000030517578,49.02999877929688,735700.0,48.3283581567398,42.80224265854565,43.74616519933342,55.20969655819562,53.56288048735433,6.1,2.0,-0.74,0.37,95.7991373328275
BBIO,2021-08-23,49.70000076293945,50.31999969482422,49.17499923706055,49.27999877929688,795800.0,48.49452257544204,42.80066243671629,43.216229432529616,55.07002122775896,53.56093401211886,6.23,1.0,-0.77,0.48,96.28760938931305
BBIO,2021-08-24,49.27999877929688,50.0099983215332,48.630001068115234,49.84999847412109,678800.0,48.77463761009284,42.62804910344726,42.90685846355132,54.94888871292961,53.53184722618612,6.36,1.0,-0.82,0.55,97.4013250818207
BBIO,2021-08-25,49.900001525878906,50.56999969482422,49.369998931884766,50.31999969482422,495600.0,45.75119653096365,42.44980209148169,42.93684448100131,54.92132447710102,53.505939440265934,6.48,2.0,-0.87,0.54,98.31965493313099
BBIO,2021-08-26,50.470001220703125,50.93999862670898,48.630001068115234,49.209999084472656,803800.0,45.769221802635904,42.55122678485321,42.94953780118927,54.42811207410488,53.55049911681519,6.59,3.0,-0.92,0.53,96.15083780977645
BBIO,2021-08-27,49.25,51.04999923706055,49.0099983215332,50.47999954223633,990500.0,46.67830374490844,42.92538349319398,42.92383006571165,54.51469795485916,53.600774339537935,6.7,2.0,-0.97,0.54,98.63227675114206
BBIO,2021-08-30,50.790000915527344,51.63999938964844,48.2400016784668,48.59000015258789,497100.0,47.09479828034912,43.47644731018648,42.90693774417662,54.66014317399664,53.74539626762188,6.79,2.0,-1.0,0.54,94.93942919667008
BBIO,2021-08-31,48.59000015258789,50.31999969482422,48.59000015258789,50.11000061035156,872000.0,43.907929020158605,41.61165142157533,42.01976827916799,54.302272227792805,53.818101605489865,6.89,1.0,-1.04,0.53,97.90934019452123
BBIO,2021-09-01,50.040000915527344,51.380001068115234,49.86000061035156,50.63999938964844,399500.0,43.98725374076613,41.66505656823341,42.03341245588394,54.31950103156403,53.22110599325166,6.99,2.0,-1.07,0.53,98.94489856915312
BBIO,2021-09-02,51.02000045776367,51.310001373291016,49.84000015258789,51.18000030517578,536100.0,44.22033470437722,41.681891562347474,42.02492398893051,54.33623537480901,53.169596942253904,7.07,2.0,-1.09,0.53,100.0
BBIO,2021-09-03,51.11000061035156,52.060001373291016,51.095001220703125,51.619998931884766,779200.0,44.29442825110221,41.576863159274936,41.91011580411904,54.33518230747815,53.17032568720309,7.15,1.0,-1.12,0.57,100.85970813615741
BBIO,2021-09-07,51.13999938964844,51.77000045776367,50.59000015258789,51.68000030517578,633500.0,39.33000413305947,41.14808928842013,41.8536050391708,54.0528012717682,53.13387989489203,7.22,1.0,-1.14,0.58,100.9769441129711
BBIO,2021-09-08,52.3849983215332,52.3849983215332,49.68000030517578,50.0099983215332,629700.0,38.17479667690182,41.5835361963326,42.16035194061566,54.17199877016061,52.25909115069859,7.28,6.0,-1.18,0.51,97.71394689983177
BBIO,2021-09-09,49.81999969482422,51.959999084472656,49.560001373291016,50.869998931884766,787300.0,37.405481294072,41.66729122269178,42.23860545685852,54.18869682058508,52.19065523023513,7.34,7.0,-1.2,0.48,99.39429196670078
BBIO,2021-09-10,51.43999862670898,51.61000061035156,49.83000183105469,50.34999847412109,505400.0,37.19809870601283,41.57614368085156,42.08360365074705,54.04942394467126,52.2032314846095,7.39,6.0,-1.23,0.52,98.37826919479178
BBIO,2021-09-13,50.75,51.209999084472656,49.93299865722656,50.90999984741211,919900.0,37.13192063132362,41.67321532871072,41.97237501442799,54.02400620512654,52.19683875924153,7.43,3.0,-1.25,0.56,99.47244928457656
BBIO,2021-09-14,51.02999877929688,51.20000076293945,48.20000076293945,48.72999954223633,1633200.0,38.70913725789792,42.338880002425306,42.47965499575831,54.24480446449949,51.75268016136568,7.47,10.0,-1.28,0.46,95.21297235574325
BBIO,2021-09-15,48.959999084472656,49.47999954223633,47.68999862670898,48.459999084472656,1100200.0,38.57360571813157,41.78543265789709,42.30283749015551,54.246082779442894,51.73977994453194,7.5,10.0,-1.3,0.51,94.68542164031982
BBIO,2021-09-16,48.4900016784668,49.369998931884766,47.09999847412109,49.36000061035156,1031800.0,39.05309770330811,41.1617276594281,42.21991765461681,54.21662976142099,51.76028727378743,7.52,9.0,-1.33,0.53,96.4439240250646
BBIO,2021-09-17,49.959999084472656,52.18999862670898,49.32500076293945,52.119998931884766,2566600.0,38.22060364892841,42.72871463836859,43.11333537064584,54.44432007104898,51.96250388556214,7.53,18.0,-1.34,0.42,101.8366522491285
BBIO,2021-09-20,50.869998931884766,51.959999084472656,48.56999969482422,49.220001220703125,1252600.0,40.22098027615088,44.17982569971152,43.95223925860757,54.804476020406334,51.47540396016686,7.52,22.0,-1.36,0.34,96.17038086599143
BBIO,2021-09-21,49.63999938964844,51.040000915527344,49.45500183105469,50.18000030517578,1299900.0,40.6169174968586,44.24937326874006,43.998702666374776,53.30611262518205,51.12543406386742,7.52,23.0,-1.38,0.33,98.04611177405782
BBIO,2021-09-22,50.52000045776367,50.7599983215332,49.869998931884766,49.93999862670898,675400.0,40.1885057640393,44.1465967862238,43.95578773921478,53.23585217843655,51.12213462093492,7.51,23.0,-1.4,0.34,97.57717532029517
BBIO,2021-09-23,51.66999816894531,51.66999816894531,49.0,49.900001525878906,2349000.0,40.18878809350028,44.0368270698372,43.93339020075489,53.21916715493663,50.99657917775169,7.49,22.0,-1.42,0.35,97.49902545591148
BBIO,2021-09-24,49.43999862670898,49.720001220703125,48.209999084472656,48.56999969482422,861400.0,40.29256280461664,44.160539590325456,43.96176964973266,53.29064953424446,51.016987380763936,7.49,25.0,-1.44,0.34,94.90035053773218
BBIO,2021-09-27,48.68999862670898,50.72999954223633,48.02999877929688,50.43999862670898,601600.0,41.66242763829236,43.95692495877742,44.28572122740631,53.47451560097694,51.0547939181874,7.47,27.0,-1.45,0.28,98.55411943326627
BBIO,2021-09-28,49.9900016784668,50.84999847412109,49.43999862670898,50.09999847412109,857200.0,41.53370985791256,43.93179670534204,43.06025250164991,53.18151711651523,51.0597834489967,7.45,18.0,-1.45,0.32,97.88979713830625
BBIO,2021-09-29,50.290000915527344,50.869998931884766,47.459999084472656,47.619998931884766,1620100.0,44.100029480715385,44.90625608660909,43.517744627168334,53.495824981186814,51.3202154135147,7.43,21.0,-1.44,0.29,93.0441552323887
BBIO,2021-09-30,47.619998931884766,48.67499923706055,46.72999954223633,46.869998931884766,975000.0,44.016282970846746,44.95688124676199,43.27190134156047,53.28739384182937,51.33744039917807,7.41,21.0,-1.45,0.34,91.57873906293207
BBIO,2021-10-01,46.86000061035156,48.244998931884766,44.88999938964844,47.7400016784668,789400.0,43.34771302174269,45.21402026048702,42.45008182880569,52.83541815673549,51.0909155686656,7.38,12.0,-1.44,0.42,93.27862718601607
BBIO,2021-10-04,48.43999862670898,48.43999862670898,46.47999954223633,47.06999969482422,584000.0,41.82104201671245,45.21951619062205,42.48984228101563,52.82825183948987,51.11252127533498,7.34,14.0,-1.44,0.41,91.96951819881892
BBIO,2021-10-05,47.369998931884766,48.31999969482422,45.93999862670898,46.34000015258789,583800.0,41.97430280694091,45.270087678407,42.36235409514018,52.82873196286231,51.13723499418376,7.3,12.0,-1.43,0.45,90.54318068830018
BBIO,2021-10-06,45.65999984741211,46.5099983215332,44.720001220703125,44.90999984741211,843200.0,42.60447655146625,45.5270860615344,41.62655122805965,52.87631832886429,51.224845373532446,7.26,1.0,-1.4,0.48,87.7491199289235
BBIO,2021-10-07,45.0,46.60699844360352,44.63999938964844,44.75,839200.0,42.4296958997502,43.75748224436274,41.59334066786188,52.83943087893835,51.17167738418312,7.21,1.0,-1.39,0.49,87.43649811091242
BBIO,2021-10-08,44.75,45.18000030517578,43.5,44.11000061035156,495700.0,42.19317114895767,43.6922094582476,41.33991001840493,52.56250849697707,51.06565901700164,7.16,1.0,-1.36,0.57,86.18601083886817
BBIO,2021-10-11,43.88999938964844,46.93999862670898,43.40999984741211,46.63999938964844,760400.0,44.84061833366654,45.42918758496644,42.31323513490992,52.64572911866605,51.35304859511065,7.09,15.0,-1.38,0.46,91.12934566538442
BBIO,2021-10-12,46.70000076293945,47.81999969482422,45.94499969482422,46.63999938964844,986300.0,43.55937848641499,45.10063336712953,41.781342224522085,52.27964822698483,51.33723766816769,7.01,4.0,-1.4,0.58,91.12934566538442
BBIO,2021-10-13,46.63999938964844,48.63999938964844,46.5,48.54999923706055,981200.0,44.23699743558501,43.92379003430487,42.25961981283052,50.69147040909844,51.48727204463916,6.92,15.0,-1.41,0.48,94.8612718787943
BBIO,2021-10-14,49.040000915527344,50.17499923706055,48.810001373291016,49.34999847412109,812300.0,44.401267877294686,44.05305720356978,42.2908456277529,50.698235399110246,51.39667829847685,6.82,16.0,-1.42,0.47,96.4243809688496
BBIO,2021-10-15,49.84000015258789,50.0,47.83000183105469,47.97999954223633,511500.0,44.94914730671297,44.32558215465105,42.44149517446888,50.7906149810637,51.44404392522208,6.72,20.0,-1.42,0.43,93.74755618628662
BBIO,2021-10-18,47.959999084472656,48.43999862670898,47.25,47.86000061035156,387700.0,44.83425008096583,44.24370088339116,42.34136049212684,50.76855305692983,51.2604688163724,6.61,19.0,-1.42,0.47,93.51309168615134
BBIO,2021-10-19,48.02999877929688,48.88999938964844,47.040000915527344,47.16999816894531,377400.0,44.95257865623815,41.87576437109592,42.36416836710699,49.55208992158232,51.15289212961318,6.54,21.0,-1.42,0.46,92.16490404001631
BBIO,2021-10-20,47.619998931884766,48.30899810791016,45.27000045776367,45.400001525878906,493300.0,45.28953871109038,41.532312742134295,42.59138414805651,49.74110123938483,51.29662141584256,6.46,26.0,-1.4,0.43,88.70652843917168
BBIO,2021-10-21,45.43999862670898,46.79999923706055,45.43000030517578,46.130001068115234,533100.0,45.24788876457522,41.16046525038416,42.54716243474942,49.691356104645465,51.31698417180812,6.38,26.0,-1.38,0.44,90.13286594969043
BBIO,2021-10-22,46.130001068115234,47.02000045776367,45.33000183105469,47.0,504900.0,45.63455382388551,41.27684705447915,42.62691822759103,49.26071800832747,51.27698517567391,6.29,28.0,-1.36,0.41,91.83274661928233
BBIO,2021-10-25,47.540000915527344,48.71500015258789,46.93999862670898,48.45000076293945,640100.0,46.46217010533695,41.698656698094425,42.92259362971517,48.89535432900259,51.34264545184537,6.19,31.0,-1.34,0.33,94.6658860375969
BBIO,2021-10-26,48.59999847412109,50.02999877929688,48.459999084472656,49.08000183105469,436200.0,44.87491331383652,41.60159394632034,42.938570661123606,48.876997759288486,51.35695982581353,6.09,34.0,-1.32,0.32,95.89683770691826
BBIO,2021-10-27,49.0,49.45000076293945,48.52999877929688,48.93000030517578,614300.0,44.85273636640913,41.55290033507388,41.521208160444594,48.77688334916883,51.358357621150965,5.97,2.0,-1.27,0.32,95.60375149163009
BBIO,2021-10-28,49.08000183105469,50.70000076293945,48.77999877929688,50.5,409900.0,45.472833804827445,42.09368654944986,41.849045874145006,48.86876506249229,51.36345756059279,5.86,6.0,-1.21,0.25,98.67135541007995
BBIO,2021-10-29,50.5099983215332,50.59000015258789,49.31999969482422,49.380001068115234,821800.0,42.98039030280737,40.32762563564531,41.91703087912345,48.929565417822985,51.40952584368947,5.75,9.0,-1.15,0.23,96.4830026840025
BBIO,2021-11-01,49.209999084472656,51.93999862670898,49.209999084472656,51.83000183105469,689100.0,42.0356074768893,40.97428556211013,42.5921216129859,49.116585510549015,51.59881484289469,5.63,31.0,-1.08,0.16,101.27003032825925
BBIO,2021-11-02,51.54999923706055,51.68999862670898,49.900001525878906,51.04999923706055,512400.0,41.9693535667496,41.00167042127472,42.4110243645804,49.143112519425735,51.62331349211279,5.49,25.0,-1.01,0.2,99.74599244364974
BBIO,2021-11-03,50.70000076293945,51.56999969482422,49.14500045776367,50.0099983215332,545600.0,42.39212794560121,40.97205142902868,42.51067693884912,49.17484669578993,51.56655247032834,5.35,30.0,-0.94,0.17,97.71394689983177
BBIO,2021-11-04,49.91999816894531,51.97999954223633,49.869998931884766,51.459999084472656,639800.0,43.18894740051741,41.40855220072582,42.69722641387266,49.0163795012427,51.64020192355685,5.2,35.0,-0.85,0.13,100.54708631814636
BBIO,2021-11-05,52.119998931884766,53.56999969482422,51.02000045776367,53.40999984741211,731400.0,43.57387047330359,41.77707213601917,43.09755443857613,49.2007270982566,51.71622828861449,5.05,44.0,-0.77,0.06,104.357169849432
BBIO,2021-11-08,53.52999877929688,53.52999877929688,51.15999984741211,51.619998931884766,373800.0,43.5916102726539,42.27741366493431,43.3901090002769,49.35063807925316,51.67090389593788,4.89,48.0,-0.67,-0.0,100.85970813615741
BBIO,2021-11-09,51.869998931884766,51.869998931884766,50.4900016784668,51.0099983215332,338800.0,43.693745496541446,42.26487782132148,43.312504356152594,49.287335534472746,51.63357232606478,4.75,48.0,-0.55,0.02,99.66783512577395
BBIO,2021-11-10,50.72999954223633,51.54999923706055,49.25,49.310001373291016,650500.0,42.21874947691409,42.848238848612326,43.32458666797276,49.28255342508152,51.74764922570978,4.66,49.0,-0.44,0.02,96.3462311044659
BBIO,2021-11-11,49.79999923706055,50.470001220703125,47.709999084472656,47.880001068115234,379200.0,42.87176104200854,43.10597733182868,42.99975554140394,48.38394765827734,51.79889306338229,4.56,43.0,-0.33,0.06,93.55217034508922
BBIO,2021-11-12,47.75,48.400001525878906,46.95000076293945,47.880001068115234,533800.0,42.54275476757686,42.58261593867128,42.94055199368172,48.32951028752008,51.56569155649441,4.46,42.0,-0.22,0.07,93.55217034508922
BBIO,2021-11-15,48.43999862670898,48.84000015258789,47.40499877929688,48.15999984741211,751400.0,42.35549967844963,41.76549053407428,42.95291595429236,47.369174486596464,51.55792604993837,4.34,44.0,-0.09,0.07,94.09925666323558
BBIO,2021-11-16,47.95000076293945,48.709999084472656,47.060001373291016,47.25,817100.0,42.48297417484889,41.92568077294128,42.93902681530523,47.25012022338658,51.56263882512084,4.27,42.0,0.05,0.07,92.32121867576788
BBIO,2021-11-17,46.970001220703125,47.20500183105469,45.81600189208984,46.09999847412109,773300.0,42.08677861898869,42.130164929605,43.01585457384139,47.26814044646092,51.59056975362915,4.19,47.0,0.18,0.06,90.07424423453753
BBIO,2021-11-18,46.06999969482422,46.7400016784668,44.61000061035156,44.88999938964844,713000.0,42.82076121329139,42.38487780892156,43.11824980897882,47.358583932466814,51.658290827908935,4.1,51.0,0.33,0.04,87.71004126998561
BBIO,2021-11-19,44.0,45.130001068115234,42.5099983215332,42.650001525878906,1085100.0,45.16655811914072,43.38029971830396,43.706117618061135,47.44313829688539,51.90627125494574,4.02,59.0,0.49,-0.01,83.33333581783069
BBIO,2021-11-22,42.650001525878906,43.95800018310547,40.56999969482422,40.630001068115234,1778500.0,43.84585433334568,43.99661695841308,43.65073982800022,46.56635445522853,52.11693207546075,3.95,59.0,0.65,0.01,79.38648070700845
BBIO,2021-11-23,41.54999923706055,41.54999923706055,39.334999084472656,40.93999862670898,968300.0,43.97028711626631,43.45833378257554,43.67342540922405,45.73810044030346,51.88969786687125,3.87,60.0,0.78,0.0,79.99218128681558
BBIO,2021-11-24,40.619998931884766,40.994998931884766,40.06999969482422,40.7400016784668,884900.0,41.90001243877395,42.88952015015683,43.640785258378536,45.64754439456584,51.87738971126227,3.8,59.0,0.87,0.01,79.60140960442081
BBIO,2021-11-26,39.84000015258789,40.59000015258789,37.93999862670898,39.54999923706055,488500.0,41.90363789100549,43.11997534291901,43.8199254417449,45.75537467576794,51.86000626599234,3.72,64.0,0.95,-0.02,77.2762778453147
BBIO,2021-11-29,40.400001525878906,40.41999816894531,37.63999938964844,38.040000915527344,733600.0,42.48016131742067,43.58980921251113,44.15091629873816,45.92948022275547,51.979591596573336,3.64,70.0,1.04,-0.08,74.32590990367852
BBIO,2021-11-30,37.65999984741211,41.040000915527344,37.65999984741211,40.5,1873300.0,47.1230191826301,45.666524066522726,45.42826317637082,46.50434808669704,52.31680023477365,3.56,75.0,0.98,-0.09,79.13247315065817
BBIO,2021-12-01,40.959999084472656,42.970001220703125,39.52999877929688,39.560001373291016,1503700.0,47.34208677060019,45.82557355078458,45.52656123534524,46.54864133554496,52.3327486819169,3.48,76.0,0.89,-0.11,77.29582090152968
BBIO,2021-12-02,39.68000030517578,40.775001525878906,38.86000061035156,40.02999877929688,906000.0,46.58377486190584,45.55686783276687,45.56212166153314,45.71825756392713,52.1561839928207,3.39,77.0,0.81,-0.13,78.21414329934791
BBIO,2021-12-03,40.02999877929688,40.02999877929688,38.130001068115234,38.619998931884766,1085200.0,47.05439757345101,45.81672455242607,44.77463737464813,45.19683241539671,52.16009558533128,3.29,74.0,0.85,-0.15,75.45916119890911
BBIO,2021-12-06,38.54999923706055,39.56999969482422,37.959999084472656,39.34999847412109,585100.0,47.05628975940555,46.04798142963492,44.86367270388015,45.17900498552848,52.08781636305532,3.18,75.0,0.87,-0.17,76.88549870942784
BBIO,2021-12-07,39.84999847412109,40.68000030517578,39.57500076293945,39.90999984741211,659400.0,46.19445483744039,46.095453989265685,44.95658092177411,44.88986308228115,52.0775772780736,3.06,76.0,0.86,-0.2,77.97967879921262
BBIO,2021-12-08,39.470001220703125,40.90999984741211,39.310001373291016,40.27999877929688,797600.0,46.07209600795787,45.42012676305679,44.80327498393839,44.167364994520334,51.66262772145549,2.94,75.0,0.86,-0.19,78.70261535583344
BBIO,2021-12-09,39.86000061035156,40.43000030517578,37.150001525878906,37.220001220703125,999800.0,50.602575452230646,48.00559270210849,45.125606370628496,44.92022199018157,52.24056523270452,2.78,79.0,0.8,-0.05,72.7237221546853
BBIO,2021-12-10,37.220001220703125,38.00699996948242,36.0099983215332,36.18999862670898,931500.0,49.37161514673083,48.00747277544728,45.22513918975328,44.83248788148823,52.27823779041388,2.67,80.0,0.67,-0.07,70.71121221359023
BBIO,2021-12-13,36.02999877929688,38.2599983215332,35.564998626708984,38.02999877929688,786200.0,52.26424582195743,47.76170682654667,46.04891661189943,44.683947812923,52.15920212911652,2.56,84.0,0.36,-0.15,74.30636684746355
BBIO,2021-12-14,37.65999984741211,39.0099983215332,37.20000076293945,38.15999984741211,1218500.0,49.546284236163736,46.54346639885014,46.02438289876145,44.47171950525608,52.1618737172783,2.49,84.0,0.06,-0.15,74.5603744038138
BBIO,2021-12-15,38.04999923706055,38.83000183105469,36.15999984741211,38.77999877929688,816200.0,50.10064085658056,46.47886671167307,44.79592541025144,44.22509527820791,52.19263405759518,2.38,75.0,-0.06,-0.21,75.7717830169202
BBIO,2021-12-16,38.810001373291016,39.650001525878906,36.720001220703125,37.04999923706055,1247700.0,51.11282757763915,47.2449489866314,44.76990833782884,44.33097485836742,52.364895458323005,2.25,74.0,-0.14,-0.21,72.39155728045925
BBIO,2021-12-17,36.540000915527344,43.04499816894531,36.05400085449219,42.650001525878906,2626600.0,66.49586429504242,55.89470545822116,50.03812591617612,47.46332050909864,54.07060436942438,2.18,99.0,-0.2,3.13,83.33333581783069
BBIO,2021-12-20,41.93000030517578,42.34000015258789,40.40999984741211,41.43999862670898,999200.0,65.49120010476541,55.92878738481909,50.151342602087325,47.51512873449376,54.13087510574319,2.13,100.0,-0.29,3.09,80.96912539978666
BBIO,2021-12-21,41.470001220703125,43.13999938964844,41.02000045776367,42.36000061035156,752600.0,65.59959776460246,55.53296326797478,50.24827264163094,47.481885790915264,54.1623768750526,2.15,100.0,-0.35,3.0,82.76670644346936
BBIO,2021-12-22,42.02000045776367,42.02000045776367,38.06999969482422,38.380001068115234,1511700.0,70.82226413039653,58.89750656803605,52.44598106869093,48.64077814360252,54.91395378722367,2.27,100.0,-0.45,2.85,74.99023219863854
BBIO,2021-12-23,38.29999923706055,41.59000015258789,38.130001068115234,40.619998931884766,674300.0,72.94600657581287,59.40385638252453,53.2683769146875,48.573524904487805,55.196023922747074,2.41,100.0,-0.54,2.56,79.36693765079346
BBIO,2021-12-27,12.640000343322754,13.149999618530272,11.199999809265137,11.380000114440918,35549400.0,374.2474025837642,266.94682503037603,208.48549345309365,158.0129624297494,138.49780740904217,16.62,100.0,11.34,82.66,22.23524823482674
BBIO,2021-12-28,12.18000030517578,13.729999542236328,12.0600004196167,13.43000030517578,41235300.0,379.1362690279592,269.627971886881,210.1198975932402,159.3360305182456,139.570432321904,23.39,100.0,11.12,80.34,26.240719470682805
BBIO,2021-12-29,12.899999618530272,14.770000457763672,12.859999656677246,14.1899995803833,21210900.0,379.9474711440219,270.0771062333808,210.37516930899312,159.47390117820004,139.6904732473381,28.52,100.0,9.61,80.18,27.725673106235366
BBIO,2021-12-30,14.0,14.869999885559082,13.40999984741211,14.550000190734863,9880100.0,380.38107354044905,270.23377798171936,210.46364075361652,159.5185093674277,139.6627979904852,32.78,100.0,8.13,80.14,28.429074060133285
BBIO,2021-12-31,14.43000030517578,17.34000015258789,14.43000030517578,16.68000030517578,18516500.0,383.775899727226,272.1001216560789,211.79311410344192,160.42178710732773,140.3765812912468,36.53,100.0,6.77,78.49,32.590856204994886
BBIO,2022-01-03,17.145999908447266,17.5,15.670000076293944,17.15999984741211,11649100.0,384.1970619335847,272.243684430957,211.88224149628323,160.467230923878,140.01901233256595,39.87,100.0,5.67,78.43,33.52872165902808
BBIO,2022-01-04,17.290000915527344,18.1299991607666,16.040000915527344,16.290000915527344,6394600.0,384.2007826224028,272.3435932245744,211.97067445598836,160.54231851843502,140.0704855458421,42.89,100.0,4.75,78.23,31.828840989436163
BBIO,2022-01-05,15.970000267028809,16.31999969482422,14.8100004196167,14.93000030517578,5543500.0,384.5077578846734,272.2967313766642,212.31166991093627,160.78801762583774,140.3067704612718,45.66,100.0,3.99,77.52,29.171551809596068
BBIO,2022-01-06,15.010000228881836,15.25,14.100000381469728,14.920000076293944,3450300.0,384.4386405401428,272.2947706986924,212.31939387158687,160.77589095294846,140.29987980390734,48.21,100.0,3.33,77.54,29.15201248012712
BBIO,2022-01-07,15.0,15.399999618530272,14.350000381469728,14.649999618530272,2944700.0,384.37129686026094,272.01598030215035,212.31108014347555,160.7659931789668,140.29546638782637,50.57,98.0,2.77,77.51,28.624461764703685
BBIO,2022-01-10,14.579999923706056,14.579999923706056,13.369999885559082,14.210000038146973,3568200.0,384.3705214865481,271.9182648458227,212.32867117875207,160.74460584435616,140.2203937454775,52.77,100.0,2.29,77.45,27.764751765173262
BBIO,2022-01-11,14.130000114440918,14.710000038146973,13.829999923706056,14.300000190734863,3274100.0,384.5449665321651,271.9699236888444,212.32435604135577,160.75294178891696,140.2242217348079,54.83,99.0,1.86,77.55,27.94060200364774
BBIO,2022-01-12,14.289999961853027,14.449999809265137,13.550000190734863,13.600000381469728,2002900.0,383.50486016427993,272.0131619498215,212.24199387212892,160.806727596071,140.24210870384076,56.77,95.0,1.49,77.45,26.57288061816282
BBIO,2022-01-13,13.5600004196167,13.729999542236328,12.800000190734863,12.989999771118164,2897900.0,383.4943956757991,272.0573614804318,212.2867624642364,160.86592692234473,140.14040835718342,58.59,95.0,1.17,77.25,25.38100760777936
BBIO,2022-01-14,12.895000457763672,12.89799976348877,12.18000030517578,12.75,2386600.0,383.2582131940427,272.0354619231477,212.25093475613468,160.8535779141618,140.14229943498108,60.3,94.0,0.88,77.23,24.91207488076276
BBIO,2022-01-18,12.489999771118164,12.550000190734863,11.699999809265137,11.760000228881836,2898000.0,383.45654068086446,272.1944338274876,212.4848767470056,161.082811442864,140.3265196631116,61.93,100.0,0.63,76.65,22.977725984289528
BBIO,2022-01-19,11.869999885559082,12.149999618530272,11.579999923706056,11.699999809265137,4037100.0,383.20340644669193,272.08326459710634,212.48640185165647,161.07142760012334,140.31586647014743,63.47,100.0,0.41,76.69,22.860491870848872
BBIO,2022-01-20,11.800000190734863,12.289999961853027,11.380000114440918,11.460000038146973,1918500.0,382.9051900059072,271.8550530329973,212.39242995102288,161.07235523396295,140.3175149700209,64.92,98.0,0.2,76.72,22.391559143832275
BBIO,2022-01-21,11.260000228881836,11.5,10.279999732971191,10.300000190734863,2665700.0,383.04253902936046,272.2659182724228,212.86246872808937,161.35193798622964,140.57428022803174,66.31,100.0,0.02,75.85,20.125049099879032
BBIO,2022-01-24,9.869999885559082,10.5,9.229999542236328,10.479999542236328,4261000.0,383.3267436033766,272.3713804661934,212.7985633276853,161.35742144245577,140.51680542977414,67.63,99.0,-0.15,75.91,20.47674771345497
BBIO,2022-01-25,10.40999984741211,10.579999923706056,9.869999885559082,10.25,2061800.0,383.349401970997,272.1113164345038,212.75952332064557,161.33930316712474,140.44654728881807,68.87,98.0,-0.3,75.88,20.027354315907317
BBIO,2022-01-26,10.470000267028809,10.6899995803833,9.640000343322754,9.739999771118164,2264800.0,382.36717994521786,272.15583926158,212.78851938295128,161.23679147590343,140.08620419895522,70.05,98.0,-0.44,75.69,19.030870873467283
BBIO,2022-01-27,9.84000015258789,9.970999717712402,8.710000038146973,8.949999809265137,2637200.0,382.2414939028154,271.94530920002256,213.0219067303973,161.47277745516917,140.28395469140622,71.17,100.0,-0.56,75.11,17.487299249507885
BBIO,2022-01-28,8.899999618530273,9.104999542236328,8.460000038146973,9.039999961853027,2887200.0,382.1560432944247,272.0499798297511,213.0462770132885,161.43816475958232,140.28614298849175,72.24,100.0,-0.68,75.1,17.663149487982363
BBIO,2022-01-31,9.109999656677246,10.039999961853027,9.010000228881836,9.869999885559082,2758700.0,384.1968081095656,273.0961763735779,213.6845058540493,161.66207972186203,140.59586334389715,73.26,100.0,-0.79,74.47,19.284876566444527
BBIO,2022-02-01,10.039999961853027,10.899999618530272,9.90999984741211,10.8100004196167,2519000.0,382.3819392961332,273.9369946947608,214.2988641656836,162.08430581082294,140.58347735708702,74.24,100.0,-0.9,73.77,21.121532542319066
BBIO,2022-02-02,10.84000015258789,10.850000381469728,10.119999885559082,10.25,2064000.0,382.3532477767192,273.67250420894106,214.38057793389288,162.10471017143806,140.6577579682799,75.17,100.0,-1.0,73.55,20.027354315907317
BBIO,2022-02-03,10.100000381469728,10.18000030517578,9.645000457763672,9.8100004196167,2090400.0,381.8036928958866,273.6898983237921,214.38198306437533,162.15526127919108,140.67033969504178,76.04,100.0,-1.08,73.41,19.167644316376887
BBIO,2022-02-04,9.869999885559082,10.18000030517578,9.520000457763672,9.989999771118164,1762900.0,381.9783706241461,273.8333245331476,214.4067371368868,162.08138873331683,140.5461566523925,76.87,100.0,-1.17,73.53,19.519342929952828
BBIO,2022-02-07,10.0600004196167,10.44499969482422,9.989999771118164,10.260000228881836,1857800.0,381.3826274697264,274.0510362939348,214.50710818939044,162.1186671751038,140.43462789609157,77.66,100.0,-1.24,73.46,20.04689364537626
BBIO,2022-02-08,10.130000114440918,10.142999649047852,9.59000015258789,9.789999961853027,1693600.0,101.86334882997394,274.08328543639686,214.49466088352963,162.17678801780616,140.48305743289012,78.39,99.0,-1.31,73.32,19.128565657438994
BBIO,2022-02-09,9.829999923706056,10.279999732971191,9.729999542236328,10.140000343322754,3326500.0,89.08582208427464,274.32253647070456,214.35493935293147,162.2425224153438,140.53348561647755,79.09,95.0,-1.38,73.47,19.812427281867965
BBIO,2022-02-10,9.84000015258789,10.039999961853027,9.25,9.399999618530272,3645300.0,88.93496128794533,274.42954898846887,214.4650414563352,162.40076601323355,140.6900046218843,79.75,98.0,-1.44,73.27,18.366548578507256
BBIO,2022-02-11,9.479999542236328,9.479999542236328,8.654999732971191,8.680000305175781,3204000.0,90.13893590249738,274.63367858170346,214.6193300624846,162.6089411656119,140.8703197778508,80.37,100.0,-1.49,72.82,16.959750397457466
BBIO,2022-02-14,8.708000183105469,8.854999542236328,8.479999542236328,8.539999961853027,1745100.0,77.46543111636427,274.6437394615637,214.60970713007012,162.567874198202,140.844996690658,80.95,99.0,-1.53,72.8,16.686205375011273
BBIO,2022-02-15,8.880000114440918,9.119999885559082,8.680000305175781,8.90999984741211,3029000.0,78.36552498114291,275.0237632440178,214.80567471580127,162.65031188345134,140.93485300248935,81.49,100.0,-1.58,72.63,17.409143795005118
BBIO,2022-02-16,8.989999771118164,8.989999771118164,8.661999702453613,8.84000015258789,2726900.0,77.93126796012487,275.0039403466168,214.80495318392764,162.64935932338608,140.93370538020352,81.99,99.0,-1.62,72.68,17.27237221546853
BBIO,2022-02-17,8.720000267028809,8.850000381469727,8.210000038146973,8.359999656677246,1929800.0,76.10430417698385,275.03331840519456,214.71086615004484,162.73741696859886,140.92089272397635,82.46,98.0,-1.65,72.59,16.334504898062317
BBIO,2022-02-18,8.329999923706055,8.420000076293945,8.050000190734863,8.079999923706055,2123100.0,76.00819538724495,274.9461739390385,214.71832772111387,162.7600634988097,140.9428446620873,82.87,98.0,-1.68,72.51,15.787416716542952
BBIO,2022-02-22,7.989999771118164,8.100000381469727,7.710000038146973,7.809999942779541,2321200.0,76.10554846576123,274.9107170909233,214.67014886848065,162.52051534672708,140.96062053132758,83.26,96.0,-1.71,72.62,15.259866932806023
BBIO,2022-02-23,7.920000076293945,7.980000019073486,7.320000171661377,7.340000152587891,2391300.0,76.99386371839671,275.0016491783569,214.78328237349547,162.61664444542464,141.02876019685624,83.6,98.0,-1.73,72.35,14.341539876555265
BBIO,2022-02-24,7.269999980926514,8.0600004196167,7.099999904632568,8.0,5169500.0,82.7992957156541,275.9828161726467,215.3478655902024,163.0285529438991,141.32364023538943,83.91,100.0,-1.75,71.73,15.631105807537418
BBIO,2022-02-25,8.079999923706055,8.199999809265137,7.519999980926514,7.900000095367432,3109500.0,82.29843900625985,275.38063758232056,215.3486925828336,162.99768820403057,141.03438422439493,84.18,100.0,-1.77,71.73,15.435717171280503
BBIO,2022-02-28,7.889999866485596,8.100000381469727,7.730000019073486,7.800000190734863,2340400.0,81.88576255372861,275.3957019015771,215.34993951763695,162.93730581234271,141.01087132678688,84.41,100.0,-1.78,71.73,15.240328535023586
BBIO,2022-03-01,7.849999904632568,8.494999885559082,7.739999771118164,8.359999656677246,3131100.0,85.61744126832119,275.99417722939285,215.7816137339144,163.21612979451962,141.0280849969229,84.61,100.0,-1.79,71.37,16.334504898062317
BBIO,2022-03-02,8.430000305175781,8.430000305175781,8.010000228881836,8.260000228881836,1648700.0,83.24499888080405,276.0013963514805,215.77257385029392,163.21276756728847,141.00315713626,84.76,99.0,-1.8,71.37,16.13911719349191
BBIO,2022-03-03,8.170000076293945,8.4399995803833,7.75,7.889999866485596,2134800.0,83.79639755265336,275.8745721899164,215.82099290911336,163.24166451558045,141.0469995445229,84.88,100.0,-1.81,71.23,15.416177841811557
BBIO,2022-03-04,7.869999885559082,8.21500015258789,7.449999809265137,7.510000228881836,1733200.0,84.43042887147021,275.7792447233967,215.56116000392697,163.30253851140804,141.10655088634965,84.97,97.0,-1.81,71.34,14.673701024035276
BBIO,2022-03-07,7.570000171661377,7.829999923706055,7.434999942779541,7.510000228881836,1678200.0,79.79432648068145,275.7327469768142,215.56116000392697,163.3047761987317,141.0609872001317,85.02,96.5,-1.8,71.34,14.673701024035276
BBIO,2022-03-08,7.579999923706055,8.119999885559082,7.139999866485596,7.829999923706055,2545500.0,80.8411143065178,275.8888048077624,215.57228158349665,163.3565849813041,140.82523407627448,85.04,97.0,-1.8,71.33,15.298944660057407
BBIO,2022-03-09,8.039999961853027,8.710000038146973,7.96999979019165,8.569999694824219,3506900.0,85.75812847579502,276.9152355397005,216.19320686758127,163.75049464987015,140.944054663411,85.03,100.0,-1.79,70.65,16.74482150004509
BBIO,2022-03-10,8.319999694824219,8.569999694824219,8.244999885559082,8.569999694824219,2068300.0,84.69649025940925,276.53849880330057,216.20410955166287,163.7540864279908,140.91523637562122,84.98,100.0,-1.78,70.7,16.74482150004509
BBIO,2022-03-11,8.600000381469727,8.989999771118164,8.5,8.579999923706055,2940200.0,81.204297671673,276.52908124596564,216.211255859723,163.7526153658729,140.91778483070857,84.9,100.0,-1.76,70.7,16.76436082951404
BBIO,2022-03-14,8.619999885559082,8.979999542236328,8.060999870300293,8.25,4000800.0,81.8538291028308,276.4112599212673,216.239050687293,163.7563014656253,140.95005613374266,84.78,100.0,-1.74,70.6,16.119577864022965
BBIO,2022-03-15,8.289999961853027,8.53499984741211,8.09000015258789,8.510000228881836,2023000.0,77.93442303065487,276.62266552772246,216.348951638201,163.82999367978422,140.9933707190905,84.63,100.0,-1.72,70.62,16.627589249977454
BBIO,2022-03-16,8.579999923706055,9.34000015258789,8.489999771118164,9.34000015258789,2724000.0,78.16023147958539,275.5762374401757,216.9909374952056,164.26854883690055,141.34757074611514,84.45,100.0,-1.69,69.93,18.24931632843962
BBIO,2022-03-17,9.479999542236328,10.789999961853027,9.380000114440918,10.760000228881836,4091100.0,87.51444424043015,277.68692690750623,218.36229807958745,165.22514040215935,141.95808413287622,84.25,100.0,-1.66,68.41,21.02383775834735
BBIO,2022-03-18,10.800000190734863,11.239999771118164,10.65999984741211,11.140000343322754,16244500.0,86.92627655795546,277.7863269370012,218.38611044847065,165.19285555957913,141.84144106558892,84.01,100.0,-1.62,68.39,21.76631550781014
BBIO,2022-03-21,11.109999656677246,11.145000457763672,10.364999771118164,10.4399995803833,2653900.0,89.07655131069545,277.4756276622336,218.48495485808664,165.31391905940282,141.92988929198845,83.73,100.0,-1.59,68.08,20.398592258952203
BBIO,2022-03-22,10.420000076293944,11.170000076293944,10.25,11.039999961853027,2376500.0,90.19007202989746,277.465498783746,218.7703868576178,165.4872839163145,142.00880266817666,83.4,100.0,-1.54,67.84,21.57092593986672
BBIO,2022-03-23,10.960000038146973,11.539999961853027,10.760000228881836,10.760000228881836,2114500.0,89.3880646378849,95.23789170716532,218.6495953955183,165.4953521344429,141.87546910614012,83.04,99.0,-1.5,67.87,21.02383775834735
BBIO,2022-03-24,10.829999923706056,11.13700008392334,10.345000267028809,10.75,1091900.0,88.87659711301453,88.68754265213443,218.65879290805407,165.49644614809424,141.82823690447017,82.63,99.0,-1.45,67.91,21.004298428878407
BBIO,2022-03-25,10.829999923706056,10.845000267028809,10.079999923706056,10.359999656677246,1827600.0,86.60955811183626,88.08634581573229,218.44591293399947,165.51960363687118,141.82720696991285,82.2,96.0,-1.41,68.0,20.24228134994667
BBIO,2022-03-28,10.40999984741211,10.779999732971191,10.199999809265137,10.43000030517578,1265200.0,82.9640161057788,87.89703030189615,218.47595882965507,165.5309681348999,141.72182370901112,81.72,96.0,-1.36,68.01,20.379054792856273
BBIO,2022-03-29,10.640000343322754,11.09000015258789,10.550000190734863,10.859999656677246,1821200.0,83.26040869373588,83.34383052309826,218.6569560264309,165.63662291725262,141.73951346538144,81.2,98.0,-1.3,67.91,21.21922546291776
BBIO,2022-03-30,10.880000114440918,11.010000228881836,10.229999542236328,10.369999885559082,1983400.0,84.034553658655,83.38683521744244,218.59732688602048,165.55893358832174,141.71256822683196,80.64,96.0,-1.25,67.82,20.261820679415614
BBIO,2022-03-31,10.55500030517578,10.611000061035156,10.140000343322754,10.149999618530272,1495700.0,84.30742061033554,82.93760524189062,218.4321174501048,165.54767473525084,141.68803073447674,80.04,92.0,-1.22,67.9,19.83196474796389
BBIO,2022-04-01,10.119999885559082,10.899999618530272,10.109999656677246,10.850000381469728,2084500.0,84.15362528066743,82.64855831478512,218.81233061713743,165.79305401008068,141.87957423257313,79.41,100.0,-1.18,67.63,21.199687996821833
BBIO,2022-04-04,10.9399995803833,12.130000114440918,10.803000450134276,12.020000457763672,3164100.0,87.36258349105881,85.54515004807706,219.61242083450992,166.30048222822694,142.2907066341034,78.74,100.0,-1.14,66.87,23.48573737024402
BBIO,2022-04-05,12.010000228881836,12.470000267028809,11.95400047302246,12.100000381469728,2918700.0,86.24051584282789,85.51506763378644,219.61533912732872,166.09531812714232,142.27692007355802,78.02,100.0,-1.07,66.95,23.642048279249554
BBIO,2022-04-06,11.859999656677246,12.19499969482422,11.539999961853027,12.140000343322754,1505200.0,83.21940882572679,85.33441359746249,219.6184544035832,166.08949793803993,142.21711640287634,77.25,100.0,-1.0,67.02,23.720203733752317
BBIO,2022-04-07,12.020000457763672,12.279999732971191,11.329999923706056,11.5,1610400.0,82.99393587450558,85.9615184105823,219.70058660737035,166.1710081368379,142.17835049532812,76.42,100.0,-0.92,66.8,22.469714598335038
BBIO,2022-04-08,11.390000343322754,11.579999923706056,10.739999771118164,10.9399995803833,1667600.0,84.64791689872271,85.95532559006638,219.74904605078692,166.23793282324263,142.24522509411915,75.55,100.0,-0.84,66.61,21.375536371923292
BBIO,2022-04-11,10.949999809265137,11.130000114440918,10.510000228881836,10.829999923706056,2176200.0,84.58756305601565,85.51555495312282,219.74923854570125,166.06394935805085,142.23406838719134,74.63,100.0,-0.76,66.63,21.160609337883944
BBIO,2022-04-12,10.850000381469728,11.34000015258789,10.579999923706056,10.779999732971191,1684400.0,82.8489995279048,85.45443995016208,219.749233074353,166.00460601160475,142.20785578991593,73.65,99.0,-0.66,66.67,21.062914553912226
BBIO,2022-04-13,10.869999885559082,11.760000228881836,10.729999542236328,11.619999885559082,1723200.0,84.79640768115574,85.34549319681301,220.19897777690792,166.23901944649816,142.43911604169355,72.62,100.0,-0.54,66.33,22.70418096184334
BBIO,2022-04-14,11.449999809265137,11.670000076293944,10.970000267028809,10.979999542236328,2214400.0,85.48614662658768,86.12229314971628,220.22448292141544,166.33239804452083,142.5254031708686,71.55,100.0,-0.4,66.29,21.45369182642606
BBIO,2022-04-18,10.979999542236328,11.15999984741211,9.859999656677246,10.210000038146973,3086600.0,87.17024192394028,87.2804120922454,220.35562683284468,166.5009941686015,142.67290925061425,70.41,100.0,-0.23,66.07,19.94919886140455
BBIO,2022-04-19,10.199999809265137,10.94499969482422,10.18000030517578,10.800000190734863,1743500.0,88.11243785577496,85.28848056657333,220.61056740104345,166.67411711533762,142.79889466084572,69.21,100.0,-0.04,65.86,21.101993212850118
BBIO,2022-04-20,10.8100004196167,10.90999984741211,10.399999618530272,10.779999732971191,1234000.0,87.74408003535154,85.22021093661002,220.61405620324092,166.66314726490845,142.7716919159542,67.94,100.0,0.17,65.86,21.062914553912226
BBIO,2022-04-21,10.960000038146973,11.109999656677246,9.890000343322754,10.010000228881836,2105900.0,87.71457332876898,86.46497429579692,220.81075624344209,166.83785973527085,142.92109558658024,66.61,100.0,0.4,65.52,19.55842158889072
BBIO,2022-04-22,10.010000228881836,10.390000343322754,9.9399995803833,10.020000457763672,1438900.0,87.70992923664699,85.81846561859089,220.78578928984604,166.6355777538476,142.91034554195497,65.2,99.0,0.65,65.63,19.577960918359665
BBIO,2022-04-25,10.029999732971191,10.34000015258789,9.84000015258789,10.09000015258789,1344800.0,87.70279109019553,83.9738810432741,220.47454483075063,166.6152759002053,142.88267914435426,63.74,96.0,0.94,65.9,19.71473249789625
BBIO,2022-04-26,9.93000030517578,10.079999923706056,9.074999809265137,9.170000076293944,1777500.0,91.630556928282,86.30089598163988,220.85132925393836,166.92724223550505,143.15835803511672,62.21,100.0,1.26,65.28,17.917155180959604
BBIO,2022-04-27,9.100000381469728,9.279999732971191,8.75,8.770000457763672,1489100.0,92.27732045245722,84.81420116570133,220.8610429596972,166.97196815284897,143.18778850396518,60.58,100.0,1.63,65.15,17.135600635931944
BBIO,2022-04-28,8.949999809265137,8.949999809265137,7.800000190734863,8.65999984741211,2276800.0,88.10455440812402,82.59363279094322,220.83647358538545,166.96955503468325,143.185352206377,58.84,98.0,2.05,65.23,16.920671738519573
BBIO,2022-04-29,8.65999984741211,8.729999542236328,7.989999771118164,8.020000457763672,1465500.0,79.37510128823408,83.33533667657747,220.98610030115617,167.14738169609632,143.3404189088172,56.99,100.0,2.52,64.84,15.670184466475312
BBIO,2022-05-02,7.940000057220459,8.4399995803833,7.71999979019165,8.420000076293945,2194500.0,80.15482195179816,83.60601214657284,221.1735470952458,167.2919709692178,143.4510456079093,55.03,100.0,3.08,64.68,16.451739011502976
BBIO,2022-05-03,8.399999618530273,8.574999809265137,8.109999656677246,8.34000015258789,1306000.0,78.40675309576417,83.50543863118756,221.1400640681028,167.29160990450572,143.4403471109674,52.92,99.0,3.73,64.68,16.295428102497443
BBIO,2022-05-04,8.40999984741211,8.640000343322754,7.829999923706055,8.579999923706055,1760900.0,76.86502960342719,83.5320042236659,221.01509347093716,167.3478412704187,143.47943783692,50.68,98.0,4.49,65.07,16.76436082951404
BBIO,2022-05-05,8.329999923706055,8.460000038146973,7.300000190734863,7.510000228881836,2508100.0,84.86521268441277,87.25933336779796,221.805951692916,167.98142387856635,143.91509034013546,48.28,100.0,5.36,63.88,14.673701024035276
BBIO,2022-05-06,7.519999980926514,7.519999980926514,6.440000057220459,6.699999809265137,3128000.0,89.78275866681378,89.69740111812837,222.10118163903297,168.41007309629873,144.28943176560426,45.71,100.0,6.46,63.19,13.091050741137986
BBIO,2022-05-09,6.510000228881836,6.570000171661377,5.650000095367432,5.659999847412109,3489000.0,100.01890813011644,94.62944581542789,223.3680114208464,169.32837834238197,145.1624736567418,42.93,100.0,7.8,61.37,11.059007060693041
BBIO,2022-05-10,6.0,6.300000190734863,5.690000057220459,6.050000190734863,3768700.0,102.88371449900296,94.67623207000932,223.714345782004,169.57221143388173,145.21518826307113,39.82,100.0,9.53,61.07,11.821024139624777
BBIO,2022-05-11,6.0,6.079999923706055,5.150000095367432,5.210000038146973,3356800.0,108.08013097560456,99.12388824490776,224.63945872084932,170.330827634974,145.89093884361128,36.35,100.0,11.7,59.82,10.179757731693664
BBIO,2022-05-12,5.190000057220459,6.03000020980835,4.980000019073486,5.940000057220459,4636600.0,116.848739602802,102.66427545439883,224.46959861532548,171.1586242913315,146.52398522920106,32.69,99.0,14.61,59.99,11.606096173898914
BBIO,2022-05-13,6.179999828338623,6.764999866485596,5.96999979019165,6.619999885559082,3122400.0,122.49390322101355,105.34018419268556,225.3828160952484,171.74399653637263,146.84730107432827,28.46,100.0,18.88,59.25,12.934739832132452
BBIO,2022-05-16,6.559999942779541,7.119999885559082,6.460000038146973,6.739999771118164,2099800.0,120.4939344694902,104.89861640945566,225.3655313105048,171.72373355190717,146.8609692540418,23.36,99.0,24.31,59.26,13.16920619564075
BBIO,2022-05-17,6.949999809265137,7.454999923706055,6.829999923706055,7.429999828338623,2419400.0,120.0802853683622,106.71419118417045,225.7373875564613,172.17304289040672,147.1942843795722,16.81,100.0,34.69,59.24,14.517389183343235
BBIO,2022-05-18,7.139999866485596,7.400000095367432,6.929999828338623,7.090000152587891,2607300.0,120.20317623363157,106.91417332890352,225.48172917928952,172.1563474958828,147.24446513311912,3.99,99.0,0.45,59.32,13.85306782006972
BBIO,2022-05-19,7.110000133514404,7.53000020980835,7.110000133514404,7.389999866485596,1996700.0,121.28888321936296,106.5180199144895,101.99380817046313,172.24927374643647,147.2488881192021,12.14,1.0,0.45,0.07,14.439233728840467
BBIO,2022-05-20,7.409999847412109,7.619999885559082,7.039999961853027,7.610000133514404,1507800.0,121.4528383467744,105.18768027990906,98.4460474231412,172.29612455243733,147.2831258178016,16.88,1.0,0.56,-0.03,14.869089660292193
BBIO,2022-05-23,7.570000171661377,7.639999866485596,7.255000114440918,7.340000152587891,1157300.0,121.16138199852108,105.41042404560082,98.07767926958468,172.30733184058718,147.30757270137596,20.51,1.0,0.71,0.02,14.341539876555265
BBIO,2022-05-24,7.170000076293945,7.170000076293945,6.610000133514404,6.71999979019165,1850700.0,123.0837825165006,106.88831025678292,98.79375963220092,172.54429837827269,147.51021933225118,23.51,3.0,0.86,-0.03,13.130128468389369
BBIO,2022-05-25,6.670000076293945,6.929999828338623,6.4079999923706055,6.630000114440918,1410000.0,123.04001022796882,105.85410781885848,96.0466674316366,172.52551728249964,147.4898886647555,26.23,1.0,0.79,0.0,12.954279161601399
BBIO,2022-05-26,6.599999904632568,6.940000057220459,6.53000020980835,6.619999885559082,2057400.0,120.07194706304205,105.84138829106264,95.86589810113168,172.49666720945044,147.49142740309117,28.66,1.0,0.36,0.03,12.934739832132452
BBIO,2022-05-27,6.650000095367432,7.244999885559082,6.440000057220459,7.239999771118164,2379700.0,123.48846682412706,107.1663844652653,96.89642817815997,172.90894763561107,147.7891356239744,30.81,3.0,0.04,-0.04,14.14615030861184
BBIO,2022-05-31,7.420000076293945,7.420000076293945,6.599999904632568,6.829999923706055,1982900.0,122.9614284166148,107.35256243592067,96.40372196889612,172.98037317670264,147.8466240341421,32.8,3.0,-0.03,-0.01,13.345056434115229
BBIO,2022-06-01,6.880000114440918,7.090000152587891,6.449999809265137,6.590000152587891,1247800.0,121.31697684456874,107.5801169555137,96.49843952157836,172.9617469589679,147.86969900468577,34.63,4.0,-0.18,-0.02,12.87612370709863
BBIO,2022-06-02,6.519999980926514,6.869999885559082,6.425000190734863,6.71999979019165,1540200.0,121.69861834797052,107.28901920628088,96.58433163617772,172.99857508681697,147.896622063813,36.33,5.0,-0.35,-0.03,13.130128468389369
BBIO,2022-06-03,6.659999847412109,7.21999979019165,6.639999866485596,7.21999979019165,1980500.0,122.95781058307163,106.66922677219898,97.33384368126916,173.24121472322386,148.11352706760002,37.9,7.0,-0.48,-0.1,14.107072581360455
BBIO,2022-06-06,7.059999942779541,7.550000190734863,6.929999828338623,7.010000228881836,1769200.0,123.01946849154332,106.80689827033434,97.37742245719544,173.08183720472394,147.937655758388,39.37,8.0,-0.74,-0.1,13.696756911064186
BBIO,2022-06-07,6.769999980926514,8.140000343322754,6.769999980926514,8.050000190734863,2318400.0,130.43909709456454,110.68356996448772,99.82347920908168,173.89357320013931,148.6592108449248,40.69,12.0,-0.87,-0.11,15.728800591509131
BBIO,2022-06-08,7.940000057220459,8.345000267028809,7.670000076293945,7.809999942779541,1792500.0,127.95620890569614,110.56687867529855,99.69227669335078,173.87461923360513,148.67372674981198,41.95,12.0,-0.94,-0.1,15.259866932806023
BBIO,2022-06-09,7.670000076293945,7.71999979019165,7.440000057220459,7.489999771118164,1603600.0,127.88501703189714,110.67612293310896,99.84040886918018,173.91323807627555,148.69281623718587,43.13,14.0,-1.0,-0.11,14.634622365097382
BBIO,2022-06-10,7.239999771118164,7.349999904632568,6.409999847412109,6.659999847412109,2499600.0,131.95368837761677,111.34921543752328,100.71087678501712,174.3683522995463,149.05149135305217,44.23,15.0,-1.01,-0.13,13.012895286635217
BBIO,2022-06-13,6.260000228881836,6.449999809265137,5.739999771118164,5.949999809265137,2606400.0,133.9603408151374,109.16699360557244,102.13415141851156,174.7723454533087,149.41078432275577,45.25,17.0,-1.01,-0.2,11.625634571681351
BBIO,2022-06-14,6.070000171661377,6.65500020980835,5.820000171661377,6.510000228881836,1981600.0,136.04790068360214,110.70670872542296,103.25394281890443,175.08884623626642,149.7366414664028,46.2,18.0,-1.01,-0.28,12.7198127980931
BBIO,2022-06-15,6.639999866485596,6.860000133514404,6.414999961853027,6.739999771118164,1865800.0,136.62417552003413,110.43867642864456,102.16551043137872,175.17300854780683,149.7867836489362,47.12,18.0,-1.02,-0.23,13.16920619564075
BBIO,2022-06-16,6.420000076293945,6.675000190734863,6.083000183105469,6.510000228881836,2215300.0,136.42432387792817,109.78401270853718,102.2199156980052,175.13219114912846,149.80906848867056,48.0,19.0,-1.02,-0.23,12.7198127980931
BBIO,2022-06-17,6.619999885559082,7.900000095367432,6.552000045776367,7.650000095367432,4084100.0,139.82992133070667,115.11852286310751,105.52300621995457,176.31515160865956,150.76914723479993,48.77,21.0,-1.01,-0.19,14.947245114794958
BBIO,2022-06-21,7.820000171661377,8.418999671936035,7.795000076293945,7.96999979019165,2990900.0,135.94190710142374,115.51218800459203,105.4660962371724,176.3867232536043,150.80380436543314,49.51,21.0,-0.99,-0.19,15.57248875081709
BBIO,2022-06-22,7.78000020980835,8.788999557495117,7.769999980926514,8.449999809265137,2329900.0,126.20194470905216,116.0387569610941,105.059145775684,176.57161214502793,150.90487604483158,50.22,21.0,-0.99,-0.18,16.510355136536795
BBIO,2022-06-23,8.489999771118164,9.079999923706056,8.329999923706055,9.079999923706056,2265300.0,126.4044808744938,117.04611520557442,105.67559095940946,176.83271065924336,151.11250927606886,50.89,24.0,-0.99,-0.23,17.74130494248513
BBIO,2022-06-24,9.06999969482422,9.43000030517578,8.6899995803833,9.239999771118164,2817600.0,116.574459749371,116.78275904475944,104.77398496979636,176.84040854510593,151.12979972813503,51.54,21.0,-0.98,-0.16,18.053926760496193
BBIO,2022-06-27,9.220000267028809,9.425000190734863,8.579999923706055,9.34000015258789,1473500.0,111.63803650538506,116.45988269576272,103.75715880683792,176.85449105336195,151.1228185129693,52.17,21.0,-0.94,-0.09,18.24931632843962
BBIO,2022-06-28,9.260000228881836,9.539999961853027,8.6899995803833,8.699999809265137,1818800.0,110.71210992917736,117.25761490714936,104.02102419575318,177.00680148713298,151.25312488579314,52.77,22.0,-0.9,-0.1,16.99882719302234
BBIO,2022-06-29,8.699999809265137,8.979999542236328,8.329999923706055,8.84000015258789,1277700.0,110.6997197444204,116.43580459364938,103.83613237352742,176.86427696631583,151.25852350385028,53.34,22.0,-0.88,-0.09,17.27237221546853
BBIO,2022-06-30,8.789999961853027,9.25,8.539999961853027,9.079999923706056,1684600.0,107.64702447889393,114.51589565271443,103.8856566078589,176.91237180585767,151.28244408232925,53.88,23.0,-0.85,-0.09,17.74130494248513
BBIO,2022-07-01,9.149999618530272,10.015000343322754,9.050000190734863,9.920000076293944,2500300.0,108.93687975090344,116.07883876061489,104.7636863708348,177.19399502636227,151.5047166702855,54.38,25.0,-0.84,-0.16,19.382571350416235
BBIO,2022-07-05,9.824999809265137,10.81999969482422,9.43000030517578,10.789999961853027,2860500.0,110.65225824140047,117.44737408678075,105.34341440277016,177.51030895322327,151.77655806564132,54.84,28.0,-0.87,-0.2,21.082453883381174
BBIO,2022-07-06,10.789999961853027,11.479999542236328,10.579999923706056,10.600000381469728,2309600.0,110.87568810170254,116.99252307731074,105.24147447953617,177.4983279876154,151.7745627941769,55.28,28.0,-0.89,-0.19,20.711215940336288
BBIO,2022-07-07,10.600000381469728,10.779999732971191,10.31999969482422,10.520000457763672,2189600.0,110.12647545899613,116.56283597953964,104.53867759541858,177.49697535295994,151.77369628102218,55.7,25.0,-0.92,-0.13,20.554905031330755
BBIO,2022-07-08,10.34000015258789,10.677000045776367,10.039999961853027,10.079999923706056,1627100.0,107.27890993852856,116.86712369303778,103.97448348473894,177.5419955632753,151.81456367495346,56.11,24.0,-0.95,-0.09,19.69519316842731
BBIO,2022-07-11,9.880000114440918,10.140000343322754,9.09000015258789,9.149999618530272,1725800.0,111.7264213727293,118.497932557104,105.10449630097172,177.8147328975326,152.0738693816717,56.47,30.0,-0.96,-0.17,17.87807652202171
BBIO,2022-07-12,9.289999961853027,9.710000038146973,8.862000465393066,9.59000015258789,1509700.0,112.14724701897632,117.8489987034492,105.15298630814549,177.91359746869776,152.17213575658485,56.81,31.0,-0.97,-0.17,18.737788384925164
BBIO,2022-07-13,9.229999542236328,10.050000190734863,9.1899995803833,9.93000030517578,1314700.0,109.9762153555934,117.56784737323107,105.28247339308258,177.9589016639282,152.22824735239783,57.13,33.0,-0.99,-0.18,19.402110679885183
BBIO,2022-07-14,9.949999809265137,9.949999809265137,9.449999809265137,9.479999542236328,1286200.0,109.38060078677115,117.01086861311953,105.162855417856,177.95371520331025,152.165359324337,57.42,32.0,-1.0,-0.17,18.52285948751279
BBIO,2022-07-15,9.630000114440918,9.630000114440918,8.744999885559082,8.989999771118164,1676800.0,110.13476702164112,116.8632097552896,105.36842342732945,178.01024425388354,152.2239420334437,57.69,36.0,-1.0,-0.19,17.565454704010648
BBIO,2022-07-18,9.199999809265137,9.5,8.720000267028809,8.760000228881836,1527500.0,110.59232384836142,116.95663907488397,105.30785477486388,178.0192743657148,152.23431379953996,57.94,35.0,-0.99,-0.19,17.116061306463
BBIO,2022-07-19,8.675000190734863,9.68000030517578,8.675000190734863,9.579999923706056,1537500.0,111.58300070599536,117.53957563793632,105.73930010103996,178.339173078683,152.52569914162285,58.16,41.0,-0.98,-0.21,18.71824905545622
BBIO,2022-07-20,9.640000343322754,10.529999732971191,9.579999923706056,9.8100004196167,1655400.0,111.0338843324067,117.64609288028936,104.9470476054768,178.37471088660274,152.39747350703553,58.37,29.0,-0.99,-0.15,19.167644316376887
BBIO,2022-07-21,9.760000228881836,9.920000076293944,9.619999885559082,9.890000343322754,1153200.0,104.28691931654916,117.64941404324507,104.92509626570197,178.2558255036,152.39761024684412,58.55,29.0,-1.0,-0.15,19.32395522538242
BBIO,2022-07-22,10.06999969482422,10.210000038146973,9.630000114440918,10.149999618530272,2525800.0,103.81943925137664,116.07183651816317,104.96418222855787,178.30283995478234,152.4317035091376,58.71,31.0,-1.01,-0.15,19.83196474796389
BBIO,2022-07-25,10.210000038146973,11.06999969482422,10.039999961853027,11.029999732971191,2321000.0,104.84330679050504,116.84561201556376,105.21018120207908,178.62987166737634,152.69540953089083,58.84,36.0,-1.04,-0.17,21.55138661039777
BBIO,2022-07-26,11.960000038146973,11.960000038146973,9.220000267028809,9.289999961853027,5950000.0,111.65892786555472,122.22478838507648,108.77400759363158,179.61509953921163,153.44040065370862,58.92,46.0,-1.04,-0.11,18.151621544467904
BBIO,2022-07-27,9.40999984741211,10.18000030517578,8.920999526977539,10.079999923706056,3277400.0,107.04286072174884,122.22085393475724,109.2525373265104,179.85445306472323,153.6446926048674,58.97,47.0,-1.04,-0.13,19.69519316842731
BBIO,2022-07-28,10.050000190734863,10.229999542236328,9.06999969482422,9.119999885559082,2070200.0,110.0057969064884,123.68206930245172,110.15779004205132,180.1519580314958,153.88401319391232,58.99,48.0,-1.01,-0.18,17.819460396987893
BBIO,2022-07-29,9.1899995803833,9.300000190734863,8.46399974822998,8.65999984741211,1898100.0,111.24976408948572,124.14225699319144,110.4869080172003,180.22073628502912,153.9448730070562,59.0,49.0,-0.99,-0.22,16.920671738519573
BBIO,2022-08-01,8.539999961853027,8.890000343322754,8.3100004196167,8.460000038146973,1754000.0,110.91589220876136,124.1011998434026,110.36564980487915,180.2052662262779,153.9500598518632,58.98,49.0,-0.97,-0.21,16.52989446600574
BBIO,2022-08-02,8.40999984741211,9.0600004196167,8.329999923706055,9.0,1642700.0,102.44345824506662,121.58811437481197,109.86975380696862,180.3889383293492,154.09893228115382,58.95,48.0,-0.97,-0.19,17.584994033479596
BBIO,2022-08-03,8.220000267028809,8.399999618530273,6.550000190734863,7.940000057220459,8124600.0,108.58053853989638,122.06896686700408,111.67004789861927,180.90673323556908,154.54399403490956,58.88,52.0,-0.98,-0.27,15.513872625783268
BBIO,2022-08-04,7.949999809265137,10.020000457763672,7.909999847412109,9.979999542236328,5610200.0,126.31771956607524,125.34129539300278,117.45998567882764,183.0892208946005,156.3366745857895,58.75,53.0,-0.99,0.15,19.49980360048388
BBIO,2022-08-05,9.670000076293944,11.220000267028809,9.350000381469728,11.1899995803833,3867100.0,128.83554704666182,126.64879824281203,118.63055890750604,183.66378074508057,156.6614575848202,58.59,54.0,-1.01,0.08,21.864008428408834
BBIO,2022-08-08,11.260000228881836,12.637999534606934,11.260000228881836,11.93000030517578,3041000.0,129.86824471685648,122.6430723772786,118.9440268163396,183.8502960403236,156.78939619889377,58.41,55.0,-1.02,0.05,23.30988713176954
BBIO,2022-08-09,11.600000381469728,11.880000114440918,10.770000457763672,11.09000015258789,2013700.0,131.99469828903926,121.43191884135246,118.67794650911934,184.00010158172975,156.93099411971568,58.21,55.0,-1.05,0.07,21.66862072383843
BBIO,2022-08-10,11.529999732971191,12.210000038146973,11.100000381469728,11.989999771118164,2038500.0,131.53427872636874,120.5418238595999,117.19254739954845,184.20591906437508,157.14879606852588,57.99,53.0,-1.04,0.11,23.42711938183718
BBIO,2022-08-11,12.0600004196167,12.18000030517578,10.6899995803833,10.880000114440918,2661800.0,135.175154341074,122.50531507644338,118.09529495840094,184.44972999556904,157.4132467326936,57.74,55.0,-1.04,0.05,21.25830412185565
BBIO,2022-08-12,11.079999923706056,11.838000297546388,10.920000076293944,11.600000381469728,1935800.0,136.08045352158263,121.65177531604256,118.07254839844649,184.63500998632207,157.55844295727394,57.47,55.0,-1.05,0.05,22.665104166278468
BBIO,2022-08-15,11.5,11.949999809265137,11.25,11.5600004196167,1765800.0,133.9575379050865,121.1490635512798,117.74647225700252,184.63532094315445,157.55636531328884,57.18,55.0,-1.05,0.08,22.586948711775698
BBIO,2022-08-16,11.640000343322754,11.670000076293944,10.890000343322754,11.079999923706056,1596600.0,132.4860629589554,121.38333874504642,117.87083917859388,184.6635373209517,157.59732724799306,56.88,56.0,-1.06,0.07,21.64908139436949
BBIO,2022-08-17,10.859999656677246,11.140000343322754,10.364999771118164,10.600000381469728,1767300.0,133.03235085554942,121.73548349363566,118.08305335903869,184.67764478550683,157.64227600845112,56.55,58.0,-1.06,0.05,20.711215940336288
BBIO,2022-08-18,10.510000228881836,10.75,10.079999923706056,10.699999809265137,1759100.0,133.0392678642872,121.42737529503478,117.94437978119424,184.50182111244632,157.64492328619843,56.21,57.0,-1.06,0.06,20.906603644906692
BBIO,2022-08-19,10.479999542236328,10.89900016784668,10.279999732971191,10.369999885559082,1432500.0,132.75768945427225,120.08756120214888,118.04642945967404,184.51378331270607,157.6431687130846,55.84,58.0,-1.06,0.06,20.261820679415614
BBIO,2022-08-22,10.18000030517578,10.649999618530272,10.079999923706056,10.25,1427000.0,129.56521532995032,120.07456979909654,117.88138058249358,184.50020431599623,157.57470684876287,55.45,57.0,-1.05,0.08,20.027354315907317
BBIO,2022-08-23,10.40999984741211,11.130000114440918,10.3100004196167,10.949999809265137,1783400.0,130.23469372470882,120.66085836558652,118.12258544795816,184.6742256309979,157.73649009544772,55.04,63.0,-1.06,0.05,21.395075701392237
BBIO,2022-08-24,10.859999656677246,11.699999809265137,10.710000038146973,11.470000267028809,1620900.0,130.5120083796949,119.74234694138826,118.29193463320924,184.7574967512789,157.81386998858943,54.61,64.0,-1.08,0.03,22.41109847330122
BBIO,2022-08-25,11.65999984741211,11.920000076293944,11.010000228881836,11.039999961853027,1464800.0,130.25492705891443,119.33979985197232,117.98583870399196,184.7776181894066,157.83956818395987,54.15,59.0,-1.08,0.06,21.57092593986672
BBIO,2022-08-26,11.130000114440918,11.270000457763672,10.369999885559082,10.479999542236328,1749000.0,130.21587679855836,119.64122554732866,117.12379169379392,184.8434639404906,157.8984151797531,53.67,53.0,-1.08,0.12,20.47674771345497
BBIO,2022-08-29,10.25,10.9399995803833,10.06999969482422,10.520000457763672,1238900.0,129.88494827061197,119.61836759861671,117.11973695296544,184.65192834724087,157.86971688665346,53.16,53.0,-1.08,0.13,20.554905031330755
BBIO,2022-08-30,10.649999618530272,10.880000114440918,10.18000030517578,10.34000015258789,1396400.0,127.59472034752724,118.96408918015268,117.14420641775432,184.6390179887588,157.84110020381166,52.62,55.0,-1.09,0.12,20.203204554381795
BBIO,2022-08-31,10.670000076293944,10.84000015258789,10.369999885559082,10.5,1462400.0,127.49701747031172,118.74734940650292,116.86981555983888,184.535799720307,157.8123571392217,52.06,53.0,-1.09,0.15,20.515826372392862
BBIO,2022-09-01,10.399999618530272,10.449999809265137,9.539999961853027,10.220000267028809,1563400.0,127.76346092185496,115.71707825691048,116.6817905166096,184.5464206772854,157.81708099866412,51.47,53.0,-1.07,0.16,19.9687381908735
BBIO,2022-09-02,10.4399995803833,10.619999885559082,9.960000038146973,10.0600004196167,1847500.0,127.63038416277536,115.57195233127138,116.6969312679598,184.52798473317807,157.8106736136823,50.85,54.0,-1.06,0.16,19.65611637286243
BBIO,2022-09-06,10.279999732971191,10.279999732971191,9.6899995803833,9.8100004196167,1509400.0,125.31660016060636,115.33846047232412,116.75988117392924,184.4843091266256,157.81449244517,50.21,55.0,-1.04,0.16,19.167644316376887
BBIO,2022-09-07,9.859999656677246,10.670000076293944,9.739999771118164,10.640000343322754,1651400.0,117.05865658998935,113.53899951435396,116.86637209706288,183.94493479548217,158.0568387689802,49.52,56.0,-1.04,0.15,20.789371394839055
BBIO,2022-09-08,10.460000038146973,11.640000343322754,10.449999809265137,11.289999961853027,1861500.0,115.95495943502264,111.18770813455832,116.9073681084318,184.09807248883487,158.16984045138946,48.8,58.0,-1.04,0.14,22.059397996352264
BBIO,2022-09-09,11.350000381469728,11.9399995803833,11.039999961853027,11.8100004196167,2369200.0,112.22760784743028,110.19650055571968,116.52975842022576,184.16978337676483,158.23534268622743,48.05,53.0,-1.05,0.17,23.075420768261242
BBIO,2022-09-12,11.8100004196167,12.489999771118164,11.369999885559082,12.359999656677246,2535700.0,111.217164975539,110.32242133707624,116.41456624709046,183.9505465117074,158.3178260234257,47.26,53.0,-1.01,0.18,24.150057801831025
BBIO,2022-09-13,11.729999542236328,11.960000038146973,10.539999961853027,11.109999656677246,3766000.0,116.02215680009948,112.53213651439154,117.66914584148148,184.1779183898464,158.6307492687537,46.43,66.0,-1.02,0.09,21.707697519403304
BBIO,2022-09-14,11.039999961853027,11.609999656677246,10.329999923706056,11.56999969482422,2728200.0,115.34207619023051,108.181069036765,117.23062806498858,106.2230922397607,158.65357066054526,45.56,65.0,-1.04,0.13,22.60648617787163
BBIO,2022-09-15,11.59000015258789,12.25,11.460000038146973,11.9399995803833,2085000.0,108.28669289777416,108.07068951124808,117.3274641276406,104.4509775987704,158.6971408631028,44.64,66.0,-1.05,0.12,23.32942459786547
BBIO,2022-09-16,11.56999969482422,11.770000457763672,10.899999618530272,11.140000343322754,6565400.0,89.7064503579873,108.63036878139016,117.8654178720346,104.55410636934826,158.8067039345694,43.69,70.0,-1.07,0.07,21.76631550781014
BBIO,2022-09-19,11.010000228881836,11.505000114440918,10.765000343322754,11.279999732971191,1249800.0,83.4125068336101,107.73687690851948,116.85516550288608,104.52000963103453,158.70214978412196,42.69,58.0,-1.1,0.14,22.039858666883312
BBIO,2022-09-20,11.270000457763672,11.739999771118164,11.109999656677246,11.510000228881836,989200.0,81.44439764826149,107.75323713293116,116.6489089147015,103.25552672818148,158.6403564471788,41.63,55.0,-1.12,0.16,22.489253927803983
BBIO,2022-09-21,11.619999885559082,11.649999618530272,10.699999809265137,10.710000038146973,1271600.0,81.37021289606628,108.8507309112827,117.22770495672484,103.5220556926044,158.7583341985536,40.52,67.0,-1.13,0.11,20.92614297437564
BBIO,2022-09-22,10.579999923706056,10.729999542236328,10.15999984741211,10.4399995803833,1164100.0,78.08140914603554,107.93883194392102,116.63050579897585,103.3914038196556,158.77012961601318,39.35,55.0,-1.12,0.16,20.398592258952203
BBIO,2022-09-23,10.25,10.25,9.5,9.75,1726600.0,75.52202319189034,108.88724827218536,116.93422710314356,103.19829768352648,158.89077593421783,38.11,64.0,-1.12,0.14,19.05041020293623
BBIO,2022-09-26,9.699999809265137,10.18000030517578,9.100000381469728,9.130000114440918,1396900.0,74.77061139232904,109.62194712137688,117.40767918828328,103.46974614724472,158.98804266776355,36.8,72.0,-1.1,0.1,17.83899972645684
BBIO,2022-09-27,9.460000038146973,10.079999923706056,9.380000114440918,9.93000030517578,1733500.0,79.38402302214837,109.47127623671872,118.06908800061323,103.95987139548136,159.18470784321505,35.41,82.0,-1.1,0.04,19.402110679885183
BBIO,2022-09-28,10.220000267028809,10.949999809265137,10.18000030517578,10.760000228881836,1530000.0,82.27958825399146,109.34962139602328,116.7272480544476,104.36025655973089,159.42076152758798,33.91,59.0,-1.07,0.08,21.02383775834735
BBIO,2022-09-29,10.579999923706056,10.579999923706056,9.989999771118164,10.199999809265137,1827000.0,82.7401306210452,109.83999748228244,115.5611065625602,104.53630803871256,159.4285241139174,32.29,53.0,-1.02,0.13,19.929659531935602
BBIO,2022-09-30,10.170000076293944,10.84000015258789,9.920000076293944,9.9399995803833,1947700.0,82.97448594471174,109.95278059923996,112.29999973733436,104.41745126124258,159.4377392600506,30.52,53.0,-0.99,0.14,19.421648145981113
BBIO,2022-10-03,10.199999809265137,10.56999969482422,9.829999923706056,10.369999885559082,1363800.0,83.49288993925566,109.95439160201003,112.03005561415353,104.41419835748292,159.49276152949886,28.58,53.0,-0.94,0.16,20.261820679415614
BBIO,2022-10-04,10.739999771118164,11.529999732971191,10.71500015258789,11.520000457763672,1754800.0,88.77424840079505,110.11340891801991,110.35013782209916,105.14894737393834,159.87784649925703,26.41,50.0,-1.02,0.12,22.50879325727293
BBIO,2022-10-05,11.25,11.489999771118164,10.739999771118164,11.300000190734863,983000.0,87.00918186418438,109.8418186360204,108.6458973756988,104.73892302096408,159.8805668776224,24.0,46.0,-1.02,0.23,22.078937325821208
BBIO,2022-10-06,11.140000343322754,11.3100004196167,10.81999969482422,10.850000381469728,931200.0,86.72355130210754,109.9886056119832,107.65720792731253,104.84656519688032,159.89828957527226,21.22,46.0,-0.97,0.31,21.199687996821833
BBIO,2022-10-07,10.529999732971191,10.625,10.295000076293944,10.40999984741211,1374600.0,86.84454124614572,109.9007970743469,107.88659923485812,104.93142887870034,159.9381216763415,17.93,47.0,-0.9,0.3,20.339976133918384
BBIO,2022-10-10,10.40999984741211,10.520000457763672,9.989999771118164,10.380000114440918,1022900.0,85.5391955023452,109.31495880774928,106.85301612844708,104.1686334666254,159.93603824750696,13.75,46.0,-0.83,0.4,20.281360008884562
BBIO,2022-10-11,10.489999771118164,10.859999656677246,9.960000038146973,10.59000015258789,1882600.0,85.7361777621607,109.21217307777084,106.58053332558544,104.17544155231292,159.83792889395195,7.39,46.0,-0.76,0.42,20.69167661086734
BBIO,2022-10-12,10.449999809265137,11.527000427246094,10.43000030517578,11.470000267028809,1392600.0,88.5860265414821,108.90366410627108,107.0965637083452,104.5672783249141,160.06659013448785,7.36,47.0,-0.69,0.37,22.41109847330122
BBIO,2022-10-13,11.010000228881836,11.020000457763672,10.270000457763672,10.619999885559082,1923400.0,91.50373794321796,110.0353468133122,107.7942097480381,104.79270279704136,160.15936391195137,7.28,48.0,-0.61,0.32,20.75029273590116
BBIO,2022-10-14,11.020000457763672,11.06999969482422,9.81999969482422,9.880000114440918,2098600.0,93.5939120951616,111.05067993681564,108.28183479389745,104.66156041267844,160.27999204149538,7.18,49.0,-0.51,0.28,19.304415895913472
BBIO,2022-10-17,10.079999923706056,10.675000190734863,9.989999771118164,10.550000190734863,1833100.0,95.44133157275868,111.74215388650968,107.7357484938232,104.93874085573252,160.42633113957274,7.1,46.0,-0.4,0.3,20.613521156364577
BBIO,2022-10-18,10.90999984741211,11.1899995803833,10.5600004196167,10.890000343322754,1339400.0,95.47984324488333,110.61173874373895,107.7825323418134,104.4929943494224,160.47033867206656,6.97,46.0,-0.3,0.28,21.277843451324596
BBIO,2022-10-19,10.68000030517578,10.75,9.711999893188477,10.0,1796600.0,95.8922214465179,106.22052853692384,108.7263730886806,104.4265117022341,160.6644035564298,6.83,50.0,-0.18,0.21,19.538882259421772
BBIO,2022-10-20,10.029999732971191,10.289999961853027,9.6899995803833,9.800000190734863,1133800.0,94.2250989827682,104.97155578426842,107.924863196552,104.26467995393564,160.63835064884844,6.7,47.0,-0.04,0.3,19.148104986907942
BBIO,2022-10-21,9.84000015258789,10.449999809265137,9.585000038146973,10.43000030517578,1522500.0,95.14613509866948,103.6568126790923,107.8785768397074,104.39604676481402,160.76900945944118,6.56,45.0,0.1,0.29,20.379054792856273
BBIO,2022-10-24,10.489999771118164,10.5,9.949999809265137,10.239999771118164,991200.0,94.04404420078932,103.13871426420036,107.74968851316662,104.39772392746714,160.75483433900789,6.42,42.0,0.24,0.3,20.007814986438373
BBIO,2022-10-25,10.300000190734863,11.095000267028809,10.300000190734863,10.600000381469728,1385800.0,89.75723697909412,103.1942891830719,107.82969957203596,104.43009429121156,160.76485711085675,6.27,44.0,0.4,0.29,20.711215940336288
BBIO,2022-10-26,10.59000015258789,11.539999961853027,10.550000190734863,10.880000114440918,1536400.0,89.26281507161356,102.59216528225362,107.34763616779554,104.32387409486483,160.78580169476143,6.14,38.0,0.58,0.34,21.25830412185565
BBIO,2022-10-27,11.100000381469728,11.489999771118164,10.43000030517578,10.520000457763672,920500.0,89.13272700204709,99.35829737332328,107.382562357532,104.32068271730968,160.809321699769,6.0,38.0,0.79,0.34,20.554905031330755
BBIO,2022-10-28,10.59000015258789,11.005000114440918,10.380000114440918,10.989999771118164,1202400.0,87.96934328910504,88.14764992246957,105.4030818627989,104.05312403973,160.84241459380974,5.92,29.0,0.97,0.44,21.473231155895004
BBIO,2022-10-31,10.850000381469728,10.989999771118164,10.390000343322754,10.43000030517578,1012700.0,89.13746416509478,85.61879320276489,105.6384546473668,103.80477962459534,160.90067798087523,5.84,31.0,1.2,0.41,20.379054792856273
BBIO,2022-11-01,10.699999809265137,11.149999618530272,10.335000038146973,10.4399995803833,1000000.0,88.88400066469825,84.53593786086898,105.3953780096519,103.78441578061395,160.80897071505638,5.76,27.0,1.49,0.44,20.398592258952203
BBIO,2022-11-02,10.34000015258789,10.760000228881836,9.920000076293944,9.949999809265137,1026600.0,87.53346603991213,83.79518904402059,103.93712791401516,103.82974757684065,160.8607256651404,5.71,8.0,1.71,0.51,19.44118747545006
BBIO,2022-11-03,10.010000228881836,10.420000076293944,9.670000076293944,9.859999656677246,1037300.0,87.28607700079097,82.13556458546678,102.26262361776033,103.83122654129691,160.8547211970264,5.71,3.0,1.38,0.62,19.265337236975583
BBIO,2022-11-04,10.229999542236328,10.354999542236328,9.479999542236328,9.84000015258789,1437900.0,84.98326764393178,79.77080079403119,101.35729852138591,103.61446348477116,160.81692376620038,5.74,1.0,1.22,0.73,19.22626044141071
BBIO,2022-11-07,10.020000457763672,10.020000457763672,9.15999984741211,9.170000076293944,1241000.0,85.31917903613817,79.80132454296478,101.92405013107306,103.87710620766936,160.88337480239315,5.74,2.0,0.91,0.69,17.917155180959604
BBIO,2022-11-08,9.270000457763672,9.4399995803833,9.050000190734863,9.25,1153100.0,81.59860490523103,79.8431123991629,101.74705844978598,103.79916375848391,160.86790822029917,5.75,2.0,-0.12,0.7,18.07346608996514
BBIO,2022-11-09,9.109999656677246,9.199999809265137,8.460000038146973,8.470000267028809,1543600.0,81.37206300992924,81.32391151125715,99.57891696379576,104.06691365147134,161.0723656380821,5.84,1.0,-0.33,0.7,16.549433795474684
BBIO,2022-11-10,9.0,10.265000343322754,8.9399995803833,10.170000076293944,2235900.0,97.19207318047016,89.49269580290944,103.500507863576,105.8000952169226,162.16601852186815,5.86,6.0,-0.37,0.75,19.87104340690178
BBIO,2022-11-11,10.06999969482422,11.579999923706056,10.0,11.359999656677246,2396500.0,101.98417448753108,92.34091742986983,104.54575589302624,106.57393228084568,162.56967062692584,5.86,14.0,-0.35,0.66,22.196169575888845
BBIO,2022-11-14,11.09000015258789,11.40999984741211,10.649999618530272,10.739999771118164,1375700.0,102.79453803445156,92.85009174730418,104.37188398313396,106.78192806837824,162.64674201634983,5.88,13.0,-0.28,0.71,20.98475909940946
BBIO,2022-11-15,11.239999771118164,11.470000267028809,10.289999961853027,10.449999809265137,1165600.0,98.2179469595671,92.99443940430642,104.44193255849684,106.53336470042856,162.6565261355841,5.88,14.0,-0.2,0.71,20.418131588421147
BBIO,2022-11-16,10.109999656677246,10.329999923706056,9.579999923706056,9.640000343322754,1178200.0,100.67029503366784,93.42537895392012,105.2352689286374,106.96255093553488,162.82258408605765,5.86,24.0,-0.18,0.65,18.835483168896875
BBIO,2022-11-17,9.25,9.65999984741211,9.0,9.649999618530272,1349000.0,100.1220579870775,92.880111318716,104.61239819991329,106.81821135091748,162.81380511207507,5.86,15.0,-0.12,0.7,18.8550206349928
BBIO,2022-11-18,9.979999542236328,9.979999542236328,9.40999984741211,9.510000228881836,861400.0,99.54982979493128,92.62227442254346,104.61394950122332,106.66605319725367,162.80314573844848,5.85,15.0,-0.08,0.71,18.58147747591963
BBIO,2022-11-21,9.3100004196167,9.385000228881836,8.760000228881836,8.789999961853027,1038500.0,101.9395118923172,93.3901008302616,105.2837985736252,107.08562286622347,162.90289124621347,5.83,26.0,-0.08,0.66,17.174677431496818
BBIO,2022-11-22,8.75,8.880000114440918,8.260000228881836,8.529999732971191,1215000.0,101.88068085033994,93.5430950491939,104.41658200274011,107.0367881235872,162.8652229793339,5.84,10.0,-0.15,0.79,16.66666604554233
BBIO,2022-11-23,8.550000190734863,9.0,8.550000190734863,8.789999961853027,906600.0,99.1701441481828,93.74763534972136,103.63870177741563,106.56116001787652,162.8997268946312,5.86,7.0,-0.24,0.89,17.174677431496818
BBIO,2022-11-25,8.6899995803833,8.850000381469727,8.430000305175781,8.579999923706055,316200.0,97.17877743042185,93.7724266700548,103.66846228315303,106.6000124569102,162.90970465867508,5.87,8.0,-0.32,0.88,16.76436082951404
BBIO,2022-11-28,8.5,8.682000160217285,8.010000228881836,8.100000381469727,995900.0,96.41521274792998,94.30895614181117,104.0386251724521,106.8173373322168,162.9740050135146,5.88,11.0,-0.33,0.85,15.826495375480842
BBIO,2022-11-29,8.109999656677246,8.789999961853027,8.069999694824219,8.710000038146973,980100.0,96.89070648673427,95.56364474841352,104.51663209097497,107.06322947190228,163.1313526546534,5.87,14.0,-0.41,0.76,17.018366522491284
BBIO,2022-11-30,8.800000190734863,9.380000114440918,8.710000038146973,9.369999885559082,1569200.0,99.01975038276213,96.67736438085043,104.0495222022234,107.3480036067808,163.1784051636275,5.88,11.0,-0.39,0.75,18.307932453473438
BBIO,2022-12-01,9.390000343322754,9.640000343322754,9.020000457763672,9.229999542236328,1129600.0,96.1238586898397,95.19222847832158,103.80603278860563,106.79685097039612,163.17141553493815,5.9,9.0,-0.42,0.8,18.03438743102725
BBIO,2022-12-02,9.050000190734863,9.550000190734863,8.859999656677246,9.470000267028809,1313700.0,96.31608120168642,94.50880489550096,103.73701803889948,105.50632827222208,163.1922965105529,5.91,9.0,-0.45,0.81,18.503322021416864
BBIO,2022-12-05,9.420000076293944,9.479999542236328,8.989999771118164,9.170000076293944,974100.0,94.7887655368895,94.15944483084664,103.60160371482525,105.48710911071598,163.18590870510883,5.93,7.0,-0.47,0.83,17.917155180959604
BBIO,2022-12-06,9.15999984741211,9.489999771118164,8.899999618530273,9.350000381469728,896000.0,94.93388637816808,93.72174381497162,103.30104181958448,105.24052272970626,163.18699662144758,5.95,6.0,-0.45,0.85,18.26885565790857
BBIO,2022-12-07,9.329999923706056,9.56999969482422,9.05500030517578,9.25,743500.0,94.28116114406944,91.2946561224877,103.23075750982886,105.03207963952876,163.17560403780396,5.98,6.0,-0.42,0.85,18.07346608996514
BBIO,2022-12-08,9.199999809265137,9.65999984741211,9.050000190734863,9.539999961853027,663300.0,94.4266724844586,91.11815948216606,102.36103841674336,105.05797269344814,163.2099652499636,6.01,6.0,-0.43,0.96,18.64009360095345
BBIO,2022-12-09,9.489999771118164,9.550000190734863,8.890000343322754,8.890000343322754,868700.0,96.01388955960373,91.85555605831615,102.89676699935268,105.38301287243128,163.174081469895,6.04,7.0,-0.49,0.92,17.370066999440244
BBIO,2022-12-12,8.930000305175781,9.149999618530272,8.640000343322754,9.130000114440918,821900.0,95.37734004814624,91.08278830565588,102.98043276719888,105.3466578312279,163.19044232092057,6.06,8.0,-0.54,0.91,17.83899972645684
BBIO,2022-12-13,9.56999969482422,9.6899995803833,8.829999923706055,9.34000015258789,897100.0,94.7015634171811,91.18294496782762,102.96047397012404,105.37958348588744,163.1215646364008,6.08,8.0,-0.58,0.91,18.24931632843962
BBIO,2022-12-14,9.31999969482422,9.75,9.229999542236328,9.550000190734863,841400.0,94.99242681254104,91.20631175960364,102.1467092416566,105.3019441012671,163.14283076549893,6.11,5.0,-0.58,1.02,18.659632930422397
BBIO,2022-12-15,9.390000343322754,9.43000030517578,8.770000457763672,8.90999984741211,1098300.0,96.0654528855882,91.12168664374776,99.05060100250589,105.4785424863098,163.25304941423977,6.22,1.0,-0.6,0.95,17.409143795005118
BBIO,2022-12-16,8.760000228881836,9.40999984741211,8.680000305175781,9.260000228881836,1596000.0,96.82088919573192,91.39247633720424,98.37616475508526,105.55231666287992,163.26400176530126,6.33,1.0,-0.64,1.05,18.093005419434085
BBIO,2022-12-19,9.050000190734863,9.25,8.40999984741211,8.539999961853027,1123600.0,99.48123083635306,91.81758090321136,97.93061515719458,105.67444604362954,162.774507360116,6.45,1.0,-0.66,1.08,16.686205375011273
BBIO,2022-12-20,8.479999542236328,8.65999984741211,8.220000267028809,8.260000228881836,1355500.0,97.91566639136148,91.09841055758618,97.72942707175274,105.01699289313451,162.7814385268328,6.57,1.0,-0.63,1.1,16.13911719349191
BBIO,2022-12-21,8.359999656677246,8.609999656677246,8.100000381469727,8.260000228881836,1117600.0,97.85419572918283,89.33412026130596,97.66047110793372,105.01217354958528,162.75784137618703,6.69,1.0,-0.62,1.1,16.13911719349191
BBIO,2022-12-22,8.09000015258789,8.359000205993652,7.769999980926514,8.319999694824219,1936600.0,94.56128689734612,87.66207034873948,97.15977176498988,105.01606843674791,162.4999931158574,6.81,1.0,-0.62,1.2,16.256349443559547
BBIO,2022-12-23,8.270000457763672,8.329999923706055,7.78000020980835,7.880000114440918,1215200.0,78.12497519252514,87.68348867398525,95.4830575662978,105.01729544507006,162.44864543937553,6.96,1.0,-0.61,1.28,15.39663944402912
BBIO,2022-12-27,7.820000171661377,7.840000152587891,6.735000133514404,6.820000171661377,1486700.0,79.29393965498596,92.18323761237876,90.99660890679544,106.21245601641591,102.18223527664163,7.16,1.0,-0.08,0.08,13.325518036332792
BBIO,2022-12-28,6.840000152587891,7.010000228881836,6.639999866485596,6.739999771118164,1487700.0,78.42985977791787,91.62948180947052,89.00590983178701,106.2143246082372,100.79025851736188,7.38,1.0,0.25,0.19,13.16920619564075
BBIO,2022-12-29,6.800000190734863,7.960000038146973,6.791999816894531,7.559999942779541,1746500.0,86.92975434544033,92.15432662220336,90.36401043251632,107.11909278768992,101.31010192955604,7.54,2.0,0.2,0.17,14.771394876320478
BBIO,2022-12-30,7.449999809265137,7.630000114440918,7.269999980926514,7.619999885559082,1239400.0,84.49835897551777,92.16825286194975,89.71441997809953,106.7334865584396,101.27778758079069,7.72,2.0,0.1,0.22,14.88862805807463
BBIO,2023-01-03,7.78000020980835,7.859000205993652,7.099999904632568,7.170000076293945,1546100.0,85.82784744420907,92.58006043844448,89.1995743642896,106.76486614483588,100.47519949487442,7.9,2.0,0.09,0.29,14.009378729075253
BBIO,2023-01-04,7.260000228881836,7.894999980926514,7.244999885559082,7.880000114440918,1380300.0,90.9713761250779,94.58140260076216,89.35369080999935,107.04571592179406,100.90076976372782,8.06,3.0,-0.03,0.23,15.39663944402912
BBIO,2023-01-05,7.769999980926514,7.900000095367432,7.369999885559082,7.679999828338623,1377400.0,88.56760495835016,94.67891573671176,88.76704638263094,106.86353994351678,100.80687907518636,8.22,1.0,-0.11,0.33,15.005861239828777
BBIO,2023-01-06,7.710000038146973,7.710000038146973,7.139999866485596,7.389999866485596,1378200.0,88.81328880183798,94.77714129269422,88.93441636213028,106.95123875199651,100.51577200443144,8.37,2.0,-0.17,0.31,14.439233728840467
BBIO,2023-01-09,7.510000228881836,7.800000190734863,7.309999942779541,7.449999809265137,1690900.0,88.292216605416,93.12856277216692,88.7472058233904,106.61377362139336,100.52144054888969,8.5,1.0,-0.25,0.32,14.556466910594617
BBIO,2023-01-10,7.349999904632568,7.699999809265137,7.239999771118164,7.650000095367432,1425600.0,88.58220379454733,92.2260724012263,88.63989878928895,106.66531733196604,100.55175002081242,8.63,1.0,-0.35,0.32,14.947245114794958
BBIO,2023-01-11,7.659999847412109,8.170000076293945,7.449999809265137,7.989999771118164,1332600.0,88.0948856714974,91.69575003463277,88.92854432648113,106.79356886010568,100.61766825938984,8.73,4.0,-0.43,0.27,15.611566478068472
BBIO,2023-01-12,8.0600004196167,8.744999885559082,7.775000095367432,8.720000267028809,1367600.0,89.26003695410925,92.5038684758298,89.95521616282328,106.71387652750336,101.01344539551644,8.81,10.0,-0.48,0.16,17.03790585196023
BBIO,2023-01-13,8.520000457763672,9.145000457763672,8.520000457763672,8.75,1767900.0,86.55178827087876,92.22936570586214,89.94478738403753,106.58428943596032,100.89867730004734,8.88,10.0,-0.52,0.15,17.09652197699405
BBIO,2023-01-17,8.699999809265137,8.850000381469727,8.3149995803833,8.680000305175781,974500.0,86.48564770164548,90.65505583300794,89.29307779332308,106.5780281372796,100.8033790503367,8.95,8.0,-0.54,0.24,16.959750397457466
BBIO,2023-01-18,8.829999923706055,8.949999809265137,8.359999656677246,8.399999618530273,1007100.0,86.51722738730055,90.79746412775708,89.07787862907273,106.2584593881463,100.83730489464747,9.01,7.0,-0.55,0.29,16.41266035256508
BBIO,2023-01-19,8.34000015258789,8.375,7.940000057220459,8.149999618530273,1002900.0,86.46309909948113,89.9498424753743,89.00670433447317,106.16235889017057,100.56499002984418,9.06,7.0,-0.59,0.3,15.924188296079539
BBIO,2023-01-20,8.319999694824219,8.4399995803833,8.130000114440918,8.430000305175781,1111200.0,86.89868667717998,90.23111915041036,88.84619412954947,106.23229699266716,100.62597223367224,9.12,4.0,-0.62,0.3,16.47127834097192
BBIO,2023-01-23,8.289999961853027,8.765000343322754,8.289999961853027,8.520000457763672,1584200.0,86.96341561308752,89.93577698132054,88.86444889607687,106.18645055340212,100.61404114334164,9.17,5.0,-0.65,0.29,16.6471285794464
BBIO,2023-01-24,8.40999984741211,9.585000038146973,8.40999984741211,9.489999771118164,1956400.0,92.24721724873352,92.61008999981772,90.52446272458307,105.76000377897029,100.64191909255771,9.19,18.0,-0.64,0.16,18.542398816981738
BBIO,2023-01-25,9.380000114440918,9.489999771118164,8.979999542236328,9.149999618530272,971700.0,90.49962356904446,92.65294640735809,90.66207602218888,104.96300947059004,100.69101414677068,9.2,19.0,-0.63,0.16,17.87807652202171
BBIO,2023-01-26,9.25,9.388999938964844,8.579999923706055,8.850000381469727,1105000.0,90.69004638241908,92.36292778246091,90.71302076252972,103.07407039822544,100.72124031534564,9.2,20.0,-0.64,0.15,17.291911544937477
BBIO,2023-01-27,8.75,9.260000228881836,8.75,9.109999656677246,975100.0,90.84938739780895,92.03394434008048,90.81092337388908,102.84007663306151,100.63655239564564,9.2,21.0,-0.64,0.13,17.799921067518948
BBIO,2023-01-30,8.979999542236328,9.045000076293944,8.539999961853027,8.949999809265137,1467400.0,90.7057781327458,92.08567396518856,90.7681551122343,101.27263563272145,100.2956148716608,9.18,21.0,-0.66,0.13,17.487299249507885
BBIO,2023-01-31,9.100000381469728,9.375,8.989999771118164,9.279999732971191,1096400.0,89.05467584462545,91.92651978839883,90.00946110064334,100.19909897008874,100.35606767030376,9.17,17.0,-0.63,0.21,18.13208221499896
BBIO,2023-02-01,9.3100004196167,10.0,9.09000015258789,9.770000457763672,1629300.0,89.60062162192932,92.538871901467,89.88344767248284,99.57644317805284,100.10233734482084,9.15,15.0,-0.58,0.22,19.08948886187412
BBIO,2023-02-02,10.0,11.505000114440918,9.875,11.119999885559082,3137900.0,93.3867758087593,96.271395970626,91.9686416508153,100.69261159816172,100.5263509190701,9.11,26.0,-0.59,0.18,21.72723684887225
BBIO,2023-02-03,10.760000228881836,11.260000228881836,10.550000190734863,10.859999656677246,1709600.0,93.04885739291102,95.23638077509548,91.74094039937106,100.10736098848416,100.4124345206628,9.06,26.0,-0.68,0.23,21.21922546291776
BBIO,2023-02-06,10.9399995803833,11.739999771118164,10.699999809265137,11.4399995803833,2282700.0,93.82430309740576,95.7632229083399,90.5537881066315,100.11029874004616,100.4475003078265,8.99,21.0,-0.68,0.23,22.35248048489438
BBIO,2023-02-07,11.399999618530272,11.845000267028809,11.175000190734863,11.8100004196167,1544500.0,94.012434181292,93.99942295582616,90.4654275435488,100.06432473375088,100.4807390786271,8.93,20.0,-0.67,0.25,23.075420768261242
BBIO,2023-02-08,11.789999961853027,11.869999885559082,11.300000190734863,11.369999885559082,1781200.0,93.12939415612315,86.82322910135284,90.52604106388316,100.12806965995946,100.52068213602512,8.86,22.0,-0.7,0.26,22.215708905357793
BBIO,2023-02-09,11.489999771118164,11.75,11.35200023651123,11.359999656677246,1316300.0,80.59041010118723,83.81028758727004,89.8502503574303,100.0247913755882,100.4085589150073,8.77,15.0,-0.7,0.32,22.196169575888845
BBIO,2023-02-10,11.300000190734863,11.475000381469728,10.946999549865724,11.40999984741211,1974600.0,80.22326755661389,82.99304941655508,89.83124246943713,99.44136962100066,100.34944466370445,8.7,15.0,-0.7,0.32,22.29386435986056
BBIO,2023-02-13,11.40999984741211,11.920000076293944,11.010000228881836,11.59000015258789,937900.0,74.73650247080018,82.83285883708167,89.80834404634471,99.43337763390086,100.06810515473704,8.62,15.0,-0.7,0.33,22.645564836809516
BBIO,2023-02-14,11.43000030517578,12.199999809265137,11.225000381469728,12.010000228881836,1237000.0,74.96305965834303,81.30566118390881,89.23210036857894,99.50605009796728,99.80049764156264,8.52,12.0,-0.67,0.35,23.466198040775073
BBIO,2023-02-15,11.890000343322754,12.229999542236328,11.75,12.199999809265137,2018300.0,71.41506784045826,81.34092961768668,89.15832329858429,98.98757523133794,99.79524411788417,8.43,11.0,-0.65,0.35,23.83743598381996
BBIO,2023-02-16,11.949999809265137,13.0600004196167,11.802000045776367,12.640000343322754,2738500.0,67.86774769906452,81.50062954645648,88.60684261037268,98.79286723843369,99.76888281216476,8.33,1.0,-0.58,0.38,24.697147846723407
BBIO,2023-02-17,12.649999618530272,13.109999656677246,12.039999961853027,13.100000381469728,2019900.0,66.93627423359099,79.85291152130876,88.07832311833464,98.7558548883534,99.823555924971,8.22,1.0,-0.42,0.41,25.595936505191734
BBIO,2023-02-21,12.979999542236328,13.09000015258789,11.755000114440918,11.920000076293944,2460600.0,72.73153869072083,82.17162065682683,88.48561011505815,99.41839522247471,100.1202163935897,8.07,2.0,-0.49,0.44,23.290347802300595
BBIO,2023-02-22,12.010000228881836,12.479999542236328,11.770000457763672,12.229999542236328,1897100.0,72.74521294579795,82.12114974086188,87.6742215037036,99.11989630053772,100.08592919313035,7.95,1.0,-0.52,0.54,23.89605210885378
BBIO,2023-02-23,11.989999771118164,12.1899995803833,10.869999885559082,11.670000076293944,2346900.0,74.94564833048341,82.60171320559392,87.57587281424219,99.22107968058032,100.14025629462635,7.85,1.0,-0.57,0.55,22.801875745815046
BBIO,2023-02-24,11.5600004196167,11.880000114440918,11.09000015258789,11.649999618530272,1914900.0,74.54833623669091,81.57774738260575,87.46906587964061,97.90347010643856,99.936722903392,7.8,1.0,-0.64,0.56,22.762797086877153
BBIO,2023-02-27,11.979999542236328,12.279999732971191,11.4399995803833,11.579999923706056,1369300.0,71.24089911908187,80.42136296697639,87.23200320995633,97.83279711329185,99.58079281632833,7.75,1.0,-0.68,0.61,22.626025507340575
BBIO,2023-02-28,11.399999618530272,11.81999969482422,11.3100004196167,11.420000076293944,1791800.0,71.54507208623744,79.23301889149789,85.64985345923995,97.71161366925722,99.58277207215158,7.75,1.0,-0.68,0.78,22.313403689329505
BBIO,2023-03-01,11.4399995803833,11.59000015258789,10.9399995803833,11.289999961853027,1636600.0,71.62205398584598,79.20079145712674,85.61418797931745,96.68160354626536,99.58100840311408,7.76,1.0,-0.68,0.78,22.059397996352264
BBIO,2023-03-02,11.119999885559082,11.1850004196167,10.56999969482422,10.880000114440918,1773500.0,71.84386500762781,79.48737361661374,85.57208617618124,95.81750134692729,99.42099023887104,7.79,1.0,-0.68,0.79,21.25830412185565
BBIO,2023-03-03,10.979999542236328,11.18000030517578,10.789999961853027,10.869999885559082,2068800.0,70.96408701462373,79.16527314280822,85.31415533042015,95.26298202939526,99.41252263630666,7.81,1.0,-0.7,0.82,21.238764792386704
BBIO,2023-03-06,17.989999771118164,19.38999938964844,16.280000686645508,16.520000457763672,30512600.0,138.1662848522796,116.29246631765324,108.0895768979334,107.15510198878458,107.71238700241564,7.82,98.0,2.04,12.38,32.27823438698382
BBIO,2023-03-07,16.75,19.94499969482422,16.649999618530273,18.549999237060547,13044600.0,140.72996959980696,118.2314063982964,109.4990403915298,107.84920617774006,108.173638811773,7.86,100.0,5.49,11.54,36.24462510052898
BBIO,2023-03-08,17.770000457763672,17.899999618530273,15.5,16.399999618530273,13528400.0,144.91395332034116,121.33368035597688,110.7319755005437,107.32561073857204,108.91357048324096,7.92,100.0,4.95,11.27,32.0437661601025
BBIO,2023-03-09,16.600000381469727,16.600000381469727,15.244999885559082,15.43000030517578,3717200.0,145.887742578226,121.08041055521385,110.46401767537516,107.5119668517926,109.03198909982916,7.96,99.0,4.24,11.37,30.148495922567157
BBIO,2023-03-10,15.199999809265137,15.270000457763672,13.859999656677246,14.0600004196167,4699000.0,148.68811930798643,122.81338967745916,110.87564776434265,107.9177495880226,109.09383476901648,8.0,100.0,3.69,11.21,27.47166927663114
BBIO,2023-03-13,13.989999771118164,14.869999885559082,13.670000076293944,14.529999732971191,2903100.0,148.72350413893844,122.88577531434652,110.530323688738,107.6645557569377,109.13743467931435,8.04,98.0,3.19,11.43,28.38999540119539
BBIO,2023-03-14,14.520000457763672,14.670000076293944,14.0,14.56999969482422,2243300.0,148.4435422404042,122.8499473691956,110.43569241192397,107.65004834131383,109.13741422029833,8.08,96.0,2.77,11.51,28.46815085569816
BBIO,2023-03-15,14.479999542236328,14.640000343322754,13.859999656677246,14.25,1883800.0,148.72606968682803,121.97421412588432,109.60476180575807,107.6852293792902,109.08599063331062,8.09,95.0,2.38,11.85,27.84290721967603
BBIO,2023-03-16,14.199999809265137,14.3100004196167,13.710000038146973,13.8100004196167,2088500.0,148.86491244631836,122.06378245019,109.6806035669283,107.40708352533537,109.0986954649017,8.12,95.0,2.06,11.82,26.983197220145595
BBIO,2023-03-17,13.75,13.93000030517578,13.260000228881836,13.550000190734863,7176700.0,144.811085670115,120.81879771025692,109.32857404216556,107.4253762993484,108.73371391337534,8.14,92.0,1.81,12.12,26.475185834191105
BBIO,2023-03-20,13.710000038146973,14.350000381469728,13.640000343322754,14.0,1585900.0,144.7089351547342,120.61849731377544,109.37932890463792,107.44645429132912,107.86745885593557,8.16,92.0,1.54,12.02,27.354435163190484
BBIO,2023-03-21,13.829999923706056,13.979999542236328,13.100000381469728,13.460000038146973,1893900.0,144.74160969548606,121.00973003068064,109.46783675686538,107.06862681170692,107.88959050862012,8.18,92.0,1.34,12.07,26.299335595716627
BBIO,2023-03-22,13.56999969482422,13.640000343322754,12.8100004196167,12.84000015258789,1669200.0,145.2985339892928,121.53932880726929,109.6815836621178,106.77275416814764,107.79575721282389,8.22,95.0,1.22,12.06,25.08792511923724
BBIO,2023-03-23,12.920000076293944,13.649999618530272,12.279999732971191,13.579999923706056,3369000.0,145.56129747303663,121.25577764862868,109.87055970726558,106.94739216329197,107.79653935326073,8.25,95.0,1.03,11.84,26.533801959224927
BBIO,2023-03-24,13.600000381469728,14.899999618530272,11.75,14.899999618530272,9433200.0,147.69567379813597,118.13196896142652,110.6117539686139,107.4867603645941,108.15427577340031,8.32,98.0,0.81,11.41,29.11293382118923
BBIO,2023-03-27,15.425000190734863,15.43000030517578,14.0,14.31999969482422,5902800.0,148.36772927448845,118.52021023923824,110.46932041690982,107.46968308549458,108.23174878963808,8.38,96.0,0.61,11.46,27.979678799212614
BBIO,2023-03-28,14.300000190734863,15.75,14.25,15.029999732971191,1956500.0,148.82536702899665,116.84249742019708,110.7015236434894,106.9633685695357,108.26666808311212,8.45,98.0,0.42,11.28,29.36693951416648
BBIO,2023-03-29,15.109999656677246,18.89999961853028,15.0600004196167,17.559999465942383,11670900.0,154.6601278179055,120.51260560838536,112.9768202771152,108.35819149202554,109.35685510647625,8.56,100.0,0.42,10.12,34.31027620405575
BBIO,2023-03-30,17.1200008392334,17.795000076293945,16.40999984741211,17.149999618530273,3475700.0,155.01259685930583,119.76482502045975,113.04874503514864,108.3398918379663,109.31895210970796,8.69,100.0,0.3,10.11,33.50918232955913
BBIO,2023-03-31,17.31999969482422,17.799999237060547,16.405000686645508,16.579999923706055,2585500.0,155.37633919045274,118.99207013555367,113.21524402429787,108.26934277993654,109.27143523367256,8.82,100.0,0.14,10.07,32.395466637051456
BBIO,2023-04-03,16.559999465942383,17.200000762939453,16.20599937438965,16.56999969482422,2273600.0,155.19057074258166,118.75968373987044,112.56688883778784,108.06387011914453,109.24668028495148,8.93,97.0,-0.0,10.28,32.375927307582515
BBIO,2023-04-04,16.690000534057617,16.799999237060547,15.289999961853027,15.59000015258789,2274100.0,153.5710004375116,119.26259738403049,113.06517234248412,108.2770683922121,109.23292963114552,9.05,99.0,-0.15,10.13,30.461117740578224
BBIO,2023-04-05,15.489999771118164,15.789999961853027,15.199999809265137,15.529999732971191,1883100.0,153.52998686110843,119.3063300743786,112.082035629469,107.79213253670407,108.7626403094593,9.16,95.0,-0.28,10.47,30.34388362713757
BBIO,2023-04-06,15.5600004196167,15.850000381469728,15.239999771118164,15.609999656677246,1718400.0,152.65335035308496,119.27765812376067,108.43547545760065,107.76348609479356,108.76196775269244,9.2,78.0,-0.41,12.15,30.5001945361431
BBIO,2023-04-10,15.34000015258789,15.529999732971191,14.829999923706056,15.050000190734863,2500500.0,153.21205728335508,119.499354218938,107.2713063220616,107.86064790995636,108.82647561812108,9.22,76.0,-0.51,12.96,29.40601817310437
BBIO,2023-04-11,15.039999961853027,15.390000343322754,14.739999771118164,15.359999656677246,1521400.0,153.1851628097375,118.44242628716854,106.88821626098594,107.84551232274144,108.70339920984227,9.24,75.0,-0.61,13.08,30.011722479657553
BBIO,2023-04-12,15.449999809265137,15.845000267028809,15.100000381469728,15.18000030517578,1312200.0,153.15827216054635,118.5164310962974,106.80194006103578,107.42780736277928,108.5903592291063,9.26,74.0,-0.71,13.11,29.660023866081612
BBIO,2023-04-13,15.579999923706056,16.09000015258789,15.539999961853027,15.65999984741211,1492100.0,153.14967831364618,118.54523306093284,106.0244961649832,105.48026356446816,108.6251661144288,9.27,73.0,-0.8,13.39,30.597889320114813
BBIO,2023-04-14,15.489999771118164,15.550000190734863,14.40999984741211,14.739999771118164,1736300.0,153.9398980087971,119.10661792398923,106.5303718977664,105.32781566728028,108.80042783598503,9.28,73.0,-0.87,13.18,28.80031200317817
BBIO,2023-04-17,14.789999961853027,15.6899995803833,14.760000228881836,15.029999732971191,1558900.0,153.92631347995783,118.83628737517982,106.51430520619408,104.64248680790948,108.5637096462081,9.3,72.0,-0.94,13.14,29.36693951416648
BBIO,2023-04-18,15.100000381469728,15.229999542236328,14.44499969482422,15.149999618530272,2177200.0,93.58017897658635,118.73524722603956,105.67413066864349,104.44273961593792,108.41125540370255,9.3,70.0,-1.0,13.51,29.601405877674775
BBIO,2023-04-19,16.190000534057617,16.954999923706055,15.60099983215332,16.68000030517578,3803800.0,91.56076797688073,120.04978018519566,106.49248221108547,104.97301184542276,108.569737914737,9.31,71.0,-1.05,12.86,32.590856204994886
BBIO,2023-04-20,16.389999389648438,16.84000015258789,16.139999389648438,16.469999313354492,2092100.0,84.32844635580116,118.4363282889546,106.47018128770786,104.76247027325184,108.44269241985003,9.33,70.0,-1.1,12.93,32.180537739639085
BBIO,2023-04-21,16.530000686645508,16.700000762939453,15.515000343322754,15.880000114440918,1734300.0,83.07579772903527,118.43625069007916,106.5775956327861,103.7488647590719,108.50926477907365,9.36,73.0,-1.15,12.89,31.027745251566536
BBIO,2023-04-24,15.829999923706056,15.829999923706056,14.864999771118164,15.210000038146973,1506600.0,79.34930339386878,118.60290799371572,106.382024831216,100.38690386045032,108.33643531409744,9.37,68.0,-1.18,12.98,29.718639991115438
BBIO,2023-04-25,15.18000030517578,15.399999618530272,14.460000038146973,14.65999984741211,1282000.0,79.61097227411696,118.8966685037108,106.06378604237588,99.60140983978336,108.40477898838286,9.38,67.0,-1.21,13.32,28.644001094172637
BBIO,2023-04-26,14.770000457763672,14.942999839782717,14.100000381469728,14.289999961853027,1293300.0,79.9573135216612,118.9797741598654,105.61259497082452,99.3733824354744,108.43714367084836,9.39,64.0,-1.23,13.74,27.921062674178792
BBIO,2023-04-27,14.390000343322754,14.59000015258789,13.899999618530272,14.1899995803833,1266100.0,79.72227217447968,118.86869021971243,105.58297589830195,98.98742955229432,108.00262913460264,9.41,63.0,-1.25,13.75,27.725673106235366
BBIO,2023-04-28,14.119999885559082,14.729999542236328,13.869999885559082,14.520000457763672,1343300.0,79.42832579905534,118.55753468620802,105.57002380577708,98.60081774243436,107.92297964973828,9.42,62.0,-1.27,13.76,28.370457935099463
BBIO,2023-05-01,14.510000228881836,14.970000267028809,14.199999809265137,14.34000015258789,1219700.0,79.30301914737072,115.81341422074962,105.44298475048429,97.92013340857105,107.9227793902745,9.43,61.0,-1.27,13.81,28.018757458150507
BBIO,2023-05-02,14.270000457763672,14.345000267028809,13.510000228881836,13.960000038146973,2205600.0,79.1717863589243,115.84816339511003,105.53178049957206,97.69330254629634,107.67210317513567,9.44,61.0,-1.28,13.82,27.276279708687717
BBIO,2023-05-03,14.050000190734863,14.630000114440918,13.630000114440918,14.399999618530272,1849900.0,78.76691084208286,115.55732948146174,105.59145434494113,97.75621990666563,107.61009851550288,9.46,63.0,-1.28,13.72,28.13598970821814
BBIO,2023-05-04,14.220000267028809,14.486000061035156,13.210000038146973,13.5,2112400.0,79.86771771769911,116.2458011961188,106.06838783929058,97.93017516521712,107.81033020034754,9.48,67.0,-1.28,13.58,26.377491050219394
BBIO,2023-05-05,13.140000343322754,13.760000228881836,13.0,13.68000030517578,1476500.0,78.28404523270794,115.96287054494704,105.4116340535522,97.79130523347892,107.7836675228788,9.49,57.0,-1.26,13.85,26.72919152716835
BBIO,2023-05-08,14.170000076293944,14.279999732971191,13.449999809265137,13.520000457763672,2230000.0,73.24937032571984,116.00020706107286,105.3808521211301,97.79905839466284,106.93681431520352,9.51,56.0,-1.24,13.93,26.416569709157283
BBIO,2023-05-09,13.300000190734863,14.029999732971191,13.06999969482422,13.760000228881836,2004800.0,72.65081839314685,116.03900979507726,105.36063380764912,97.74058210212208,106.305962053808,9.52,55.0,-1.23,13.95,26.885502436173887
BBIO,2023-05-10,14.0600004196167,14.100000381469728,13.40999984741211,13.829999923706056,1419000.0,71.14385856202045,116.01046464050351,105.31972312747492,97.72878452465037,104.901735227534,9.54,54.0,-1.21,14.0,27.022274015710472
BBIO,2023-05-11,13.960000038146973,14.449999809265137,13.75,14.260000228881836,1859000.0,54.16856707343114,115.95508663160888,104.748423288841,97.4896737358714,104.74597880731817,9.56,53.0,-1.19,14.2,27.86244654914497
BBIO,2023-05-12,14.34000015258789,14.34000015258789,13.515000343322754,13.545000076293944,1726300.0,55.49675849724773,116.45293932896068,104.98228821352129,97.54219248990916,103.76356904972585,9.58,53.0,-1.17,14.19,26.465416169456628
BBIO,2023-05-15,13.600000381469728,14.960000038146973,13.470000267028809,14.84000015258789,2100100.0,61.89334778985328,117.6997389681781,105.0039392942365,98.0133583860095,103.3485257706881,9.6,53.0,-1.14,13.91,28.995701571121597
BBIO,2023-05-16,14.470000267028809,14.640000343322754,13.949999809265137,14.09000015258789,1465600.0,63.43449825195948,118.0172828085143,105.21941047967375,98.01185324396914,102.95943327711568,9.62,53.0,-1.1,13.81,27.530285401664962
BBIO,2023-05-17,13.989999771118164,14.220000267028809,13.8100004196167,14.079999923706056,1545900.0,61.21350969072806,116.32522616329186,105.22038810905096,98.01190651592934,102.9491134599251,9.63,53.0,-1.05,13.81,27.510746072196017
BBIO,2023-05-18,13.859999656677246,14.053999900817873,13.510000228881836,13.979999542236328,1062800.0,61.22299018830962,116.24364685723948,105.2384801272818,97.99176442963682,102.51516632181242,9.65,53.0,-1.0,13.82,27.31535650425259
BBIO,2023-05-19,14.170000076293944,14.43000030517578,13.670000076293944,13.720000267028809,985900.0,61.321809748404334,115.87879582256016,104.87728100855972,98.00789267976243,102.41789338976264,9.66,48.0,-0.93,13.99,26.807346981671117
BBIO,2023-05-22,13.81999969482422,14.050000190734863,13.625,13.710000038146973,1128600.0,60.55975863389816,115.8773681489314,102.08895731528143,97.94955451372246,102.3441967588915,9.63,46.0,-0.9,15.37,26.787807652202172
BBIO,2023-05-23,13.6899995803833,14.40999984741211,13.539999961853027,13.65999984741211,1213200.0,60.14864120028869,115.8707434289304,102.05899434995926,97.92971512265196,102.31036003015436,9.57,45.0,-0.86,15.37,26.690112868230457
BBIO,2023-05-24,13.65999984741211,13.75,13.0,13.289999961853027,1757600.0,60.49750470470877,115.98716898230732,100.72592663103408,97.93895475490623,102.28133641826292,9.53,44.0,-0.8,16.54,25.967174448236612
BBIO,2023-05-25,13.380000114440918,13.640000343322754,12.75,13.539999961853027,2120100.0,59.96530442618152,115.9962049421994,100.74646911427747,97.50245530555657,101.88844449598618,9.48,44.0,-0.73,16.51,26.455646504722157
BBIO,2023-05-26,13.4399995803833,13.8100004196167,13.220000267028809,13.75,1407900.0,57.837471268381854,115.72072398633924,100.18865237334713,97.27315893465504,101.88308503688025,9.42,42.0,-0.69,16.79,26.86596310670494
BBIO,2023-05-30,13.93000030517578,14.380000114440918,13.43000030517578,13.539999961853027,1317700.0,57.57778532700112,115.78446040415756,99.2481020997273,97.15160393302664,101.89856424111684,9.36,41.0,-0.61,17.72,26.455646504722157
BBIO,2023-05-31,13.5600004196167,14.0,13.260000228881836,13.720000267028809,1215300.0,57.68846727303461,77.07334240869515,99.12967338464313,97.01716002957988,101.5318657626208,9.29,40.0,-0.54,17.75,26.807346981671117
BBIO,2023-06-01,13.8100004196167,14.239999771118164,13.380000114440918,14.0,935100.0,49.98691859398402,73.15866994441261,98.89970984561782,96.20139442885332,101.36297857690896,9.22,39.0,-0.49,17.82,27.354435163190484
BBIO,2023-06-02,14.18000030517578,14.300000190734863,13.729999542236328,14.260000228881836,925600.0,50.42714362852969,68.99957530764905,98.91776833037518,96.1096608732996,101.30049881430274,9.15,39.0,-0.46,17.78,27.86244654914497
BBIO,2023-06-05,14.100000381469728,14.739999771118164,14.020000457763672,14.600000381469728,823600.0,50.15153651162893,68.1001809839351,98.90378838072714,96.0790677745936,101.30787581741,9.08,38.0,-0.42,17.8,28.526768844105
BBIO,2023-06-06,14.600000381469728,16.450000762939453,14.479999542236328,16.040000915527344,2833200.0,55.989704423815446,68.0890358605153,99.70835421078912,96.33696360783756,101.48404035529994,9.0,41.0,-0.39,17.08,31.340368932950625
BBIO,2023-06-07,16.18000030517578,16.704999923706055,15.859999656677246,16.559999465942383,1348800.0,55.41284694120427,68.07051991212627,98.9545957833631,96.39402590911848,101.4713044106197,8.94,38.0,-0.33,17.78,32.35638797811357
BBIO,2023-06-08,16.6200008392334,16.649999618530273,15.914999961853027,16.290000915527344,2035800.0,55.05088778285572,68.17716106360466,99.02009230680018,96.3948719915443,100.5816064628686,8.88,38.0,-0.27,17.76,31.828840989436163
BBIO,2023-06-09,16.290000915527344,16.360000610351562,15.890000343322754,16.0,1207600.0,55.33812644484238,68.11868175054381,99.06899913097918,96.02233008011918,100.54851762191406,8.8,38.0,-0.2,17.74,31.262211615074836
BBIO,2023-06-12,16.290000915527344,16.559999465942383,15.770000457763672,15.8100004196167,1345500.0,55.22267523079625,67.82893201350812,98.91577633211053,95.9804721767825,100.45954938106038,8.73,34.0,-0.16,17.83,30.890973672029954
BBIO,2023-06-13,15.8100004196167,16.84000015258789,15.8100004196167,16.75,1730900.0,57.24480872588479,68.6209374259452,99.07427003849423,95.83296675994308,99.87725226989032,8.65,38.0,-0.18,17.53,32.72762778453147
BBIO,2023-06-14,16.829999923706055,17.190000534057617,16.43000030517578,16.889999389648438,1527900.0,56.43639292139619,68.36029218555063,98.9828318685778,95.48542796762422,99.1922298457676,8.56,35.0,-0.19,17.65,33.00117094360464
BBIO,2023-06-15,16.600000381469727,16.635000228881836,15.1899995803833,15.520000457763672,2021900.0,61.74218665124207,70.16635063890448,100.04126788330994,95.5661245153524,99.2119401644523,8.47,41.0,-0.19,17.02,30.324346161041642
BBIO,2023-06-16,15.630000114440918,15.800000190734863,14.800000190734863,15.010000228881836,7912900.0,59.421004385858055,69.80757923539376,98.88776979505182,95.20930026869836,99.23026925932102,8.41,28.0,-0.1,18.17,29.327862718601605
BBIO,2023-06-20,14.850000381469728,16.6200008392334,14.776000022888184,16.520000457763672,3179900.0,65.14235285179885,71.56437731854297,99.7168091571255,95.62651158766538,99.5880601554706,8.34,40.0,-0.09,17.27,32.27823438698382
BBIO,2023-06-21,16.43000030517578,16.799999237060547,15.81999969482422,16.75,1814200.0,64.9480392976973,69.13522309985485,99.52521517794904,95.57521454588128,98.3277869916442,8.27,38.0,-0.15,17.33,32.72762778453147
BBIO,2023-06-22,16.690000534057617,16.690000534057617,15.869999885559082,16.139999389648438,1959300.0,66.10708067346539,69.07018170958884,99.69604538479922,95.57582512793482,98.3358734467769,8.21,38.0,-0.2,17.32,31.53575477414801
BBIO,2023-06-23,15.890000343322754,16.1200008392334,15.630000114440918,15.65999984741211,2377600.0,66.90369345065253,68.69201755838691,99.79029466367103,94.86725400174672,98.23151185777606,8.14,40.0,-0.34,17.27,30.597889320114813
BBIO,2023-06-26,15.600000381469728,15.75,15.350000381469728,15.489999771118164,1284100.0,66.55746868498662,60.66216105535195,99.70265879429373,94.84635805593156,97.99240255094531,8.05,37.0,-0.48,17.43,30.265728172634805
BBIO,2023-06-27,15.609999656677246,16.329999923706055,15.359999656677246,16.290000915527344,1179600.0,65.89005046590353,61.43030338654262,99.6898206309364,94.884906684037,98.09925538258754,7.97,35.0,-0.59,17.44,31.828840989436163
BBIO,2023-06-28,16.290000915527344,18.040000915527344,16.18000030517578,18.010000228881836,2658600.0,66.95217023639873,64.437795279677,98.87092118468208,95.44776339609314,98.58542589431188,7.91,21.0,-0.53,18.08,35.18952739642814
BBIO,2023-06-29,18.010000228881836,18.18000030517578,16.719999313354492,16.989999771118164,3520800.0,67.46375945551011,65.58829320738451,99.2770534359125,95.72107287305457,98.49850904004448,7.85,33.0,-0.54,17.81,33.19656051154807
BBIO,2023-06-30,17.1299991607666,17.559999465942383,16.75,17.200000762939453,1550400.0,67.45257834890201,64.36688642293416,98.99252681402434,95.70576152453188,98.4942052124761,7.77,27.0,-0.53,18.13,33.606878976903864
BBIO,2023-07-03,17.43000030517578,18.040000915527344,17.091999053955078,17.350000381469727,875500.0,67.3270415619015,64.37246951467283,98.8954917280266,95.2677768420041,98.4662804966399,7.69,20.0,-0.51,18.26,33.89996146544598
BBIO,2023-07-05,16.899999618530273,17.65999984741211,16.610000610351562,17.489999771118164,1960500.0,66.87521570507613,64.3815396575916,98.66975085392102,94.80151551969908,98.08951367493162,7.61,17.0,-0.5,18.36,34.173504624519154
BBIO,2023-07-06,17.25,17.469999313354492,16.75,17.0,1641300.0,67.66929179733604,64.19580793928762,98.8033283357463,94.45466988095794,97.79204518393148,7.51,17.0,-0.48,18.3,33.21609984101702
BBIO,2023-07-07,16.979999542236328,17.6200008392334,16.81999969482422,16.889999389648438,1432500.0,67.7137201324245,64.10378095369394,98.817421507273,94.16678893492586,97.77589153440644,7.42,17.0,-0.47,18.31,33.00117094360464
BBIO,2023-07-10,16.790000915527344,17.68000030517578,16.6200008392334,17.360000610351562,2047700.0,67.1479031190633,64.25835569346904,98.87078322676828,94.14955537000957,97.80471984350554,7.32,17.0,-0.45,18.24,33.91950079491493
BBIO,2023-07-11,17.389999389648438,17.8799991607666,17.190000534057617,17.809999465942383,2086200.0,67.26563981521602,64.16192014631027,98.80222817962112,93.60541527892964,97.72972393888683,7.2,14.0,-0.43,18.32,34.79874826054129
BBIO,2023-07-12,18.200000762939453,18.75,17.809999465942383,18.049999237060547,2436900.0,67.25195112013873,62.85224656194348,98.7959103816094,93.57152066613229,97.2282987773051,7.08,13.0,-0.4,18.33,35.26768098755789
BBIO,2023-07-13,18.1299991607666,18.32999992370605,17.229999542236328,17.309999465942383,2705900.0,68.51433400644761,63.435420625378256,98.93016038795508,93.45990790975166,97.2279949018483,6.95,24.0,-0.38,18.37,33.8218041475702
BBIO,2023-07-14,17.299999237060547,18.290000915527344,16.790000915527344,18.21999931335449,2896200.0,69.63378770646985,64.21398908184122,99.09052126710672,93.60051437831967,97.29681274102607,6.8,30.0,-0.37,18.2,35.59984213503789
BBIO,2023-07-17,26.76000022888184,34.279998779296875,26.290000915527344,32.040000915527344,47288900.0,175.35124907194572,130.6058256350486,132.21695275766663,114.7176431758302,112.24782118406868,7.26,100.0,21.87,23.32,62.60258054802546
BBIO,2023-07-18,32.084999084472656,36.36000061035156,31.71999931335449,32.52000045776367,18191500.0,175.3703261933205,130.5156498651499,132.19523864215265,114.69790439553998,112.10146610995696,7.64,99.0,19.09,23.36,63.54044600205866
BBIO,2023-07-19,32.310001373291016,34.89899826049805,32.310001373291016,34.459999084472656,6126500.0,175.58655769909458,130.47258225580129,132.09899500616493,114.76320930509816,112.1821381858693,7.98,98.0,16.32,23.23,67.33098647712933
BBIO,2023-07-20,34.0,35.16400146484375,33.21900177001953,34.4900016784668,4876100.0,174.6434106622089,129.97643297584074,132.0933832971477,114.68006687375656,111.86513555680696,8.28,97.0,13.31,23.23,67.3896081922822
BBIO,2023-07-21,35.08000183105469,35.47999954223633,33.849998474121094,34.130001068115234,2801100.0,174.94074877442932,129.6512394514979,132.10981203869048,114.48556491854862,111.8602199635047,8.54,98.0,10.83,23.22,66.68620723838428
BBIO,2023-07-24,34.220001220703125,34.31999969482422,33.119998931884766,33.2400016784668,3212000.0,175.1656111710542,129.6625923658349,132.18430407449455,114.55033578646542,111.90370976804762,8.73,98.0,8.88,23.19,64.94724790985448
BBIO,2023-07-25,33.16999816894531,33.61100006103516,32.01499938964844,32.56999969482422,2277100.0,175.21666824250042,129.78404209366832,132.2298599256018,114.41155192831124,111.9117079649353,8.9,100.0,7.36,23.17,63.63813892265735
BBIO,2023-07-26,32.86000061035156,33.58000183105469,31.89999961853028,32.40999984741211,2089500.0,175.10434599462684,129.82613222981308,132.0339547160859,114.40458455887006,111.63753902336704,9.03,93.0,6.17,23.26,63.32551710464628
BBIO,2023-07-27,32.4379997253418,32.7400016784668,31.59000015258789,32.130001068115234,2018400.0,175.04766193927367,129.79615838570453,132.0573943491733,114.41435467837267,110.23938765973055,9.13,93.0,5.2,23.26,62.77843078649994
BBIO,2023-07-28,32.790000915527344,34.93000030517578,32.099998474121094,34.41999816894531,2928400.0,175.523641744551,130.0086345530078,115.16110068688698,114.28057621595984,110.15757854776793,9.17,91.0,4.34,33.11,67.25282915925355
BBIO,2023-07-31,34.52000045776367,35.7400016784668,34.29999923706055,35.0099983215332,2535700.0,172.51947724968005,129.96670971136297,113.85072866764683,114.2861752320024,109.6586668256584,9.19,90.0,3.67,35.02,68.40562351069912
BBIO,2023-08-01,34.380001068115234,35.290000915527344,33.68000030517578,34.27000045776367,2228100.0,172.18713427740082,129.13945091781932,112.03462860109391,113.77284918419512,109.54185678848468,9.2,83.0,3.03,37.13,66.95975039745747
BBIO,2023-08-02,33.849998474121094,34.61800003051758,31.84000015258789,32.0,2688100.0,173.10706553165716,130.2836364585104,112.15848542616862,112.20252806030877,109.75410468330529,9.21,84.0,2.49,36.98,62.52442323014967
BBIO,2023-08-03,31.850000381469727,32.79999923706055,31.1200008392334,32.099998474121094,2245800.0,173.17899826413634,130.1927922584998,111.00304658787928,111.514740417074,109.60708910210737,9.21,81.0,2.02,38.34,62.719809071347065
BBIO,2023-08-04,32.72999954223633,32.9900016784668,31.239999771118164,31.25,1498000.0,172.9016725090453,130.46453414515565,111.07059545037464,111.33960113674677,108.87114206630378,9.21,81.0,1.62,38.42,61.05900706069304
BBIO,2023-08-07,31.34000015258789,31.40999984741211,30.2509994506836,30.959999084472656,2874500.0,172.45927600330714,130.53840014129275,111.10070639313916,111.28405494165304,106.54830810799024,9.21,81.0,1.28,38.41,60.49237768633171
BBIO,2023-08-08,30.81999969482422,32.380001068115234,30.670000076293945,32.2599983215332,1555900.0,172.2367851938716,130.61528559015542,111.12404114712966,110.88039869693458,106.0398293729931,9.22,81.0,0.95,38.19,63.032430889358125
BBIO,2023-08-09,31.6299991607666,32.56999969482422,31.56999969482422,31.670000076293945,1126900.0,172.49206057211214,130.08755535745985,111.02600936007327,110.91842923634098,105.8932740905453,9.22,78.0,0.67,38.29,61.8796402646586
BBIO,2023-08-10,31.6200008392334,32.43000030517578,31.100000381469727,32.38999938964844,1643900.0,170.89279092565076,129.10504941079833,110.96159369968176,110.9053757902542,105.62739461842772,9.23,76.0,0.42,38.26,63.28643844570839
BBIO,2023-08-11,32.290000915527344,32.369998931884766,30.709999084472656,31.06999969482422,1239400.0,170.29923301112572,128.90193440333184,111.1796758609978,110.5888281417214,105.46585179750284,9.23,81.0,0.2,38.16,60.70730658374408
BBIO,2023-08-14,30.71999931335449,31.709999084472656,30.450000762939453,31.549999237060547,1288600.0,170.2893408680522,128.8700242615114,110.92597724478703,110.505144310938,104.98388966837572,9.24,74.0,-0.0,38.38,61.64517203777727
BBIO,2023-08-15,31.450000762939453,31.450000762939453,30.2549991607666,30.459999084472656,1460700.0,171.02000469248856,129.1888260012394,110.78895935036029,110.5852733851959,104.88484020367186,9.24,73.0,-0.18,38.54,59.515433573360625
BBIO,2023-08-16,30.350000381469727,30.540000915527344,29.520000457763672,29.799999237060547,2245300.0,171.40291503321566,129.22330586990563,110.63100331295934,110.57659822601369,104.91393411408274,9.24,71.0,-0.33,39.02,58.22586764237847
BBIO,2023-08-17,29.5,29.920000076293945,28.049999237060547,28.40999984741211,2719500.0,171.946848081081,129.79393623266432,110.1338355668513,110.50217438958096,104.93897068649127,9.24,69.0,-0.45,40.2,55.50996420087757
BBIO,2023-08-18,27.950000762939453,29.57999992370605,27.75,28.71999931335449,1895400.0,171.81333526966014,129.75256607735878,109.88663039933822,110.22701081818774,104.83043337935152,9.24,69.0,-0.57,40.43,56.11566850743075
BBIO,2023-08-21,28.5,29.479999542236328,28.07999992370605,28.600000381469727,1915200.0,171.90192393708492,129.53478997654574,109.69884000405888,109.95035221087224,104.83215885935144,9.24,69.0,-0.68,40.89,55.88120400729548
BBIO,2023-08-22,28.71999931335449,28.8700008392334,27.575000762939453,28.34000015258789,1871600.0,172.0393630833115,129.6060969981144,107.08363709358804,109.9364691573348,104.78076081820014,9.22,67.0,-0.78,45.66,55.37319262134098
BBIO,2023-08-23,28.63999938964844,29.229999542236328,28.520000457763672,28.59000015258789,1075100.0,172.0494129779448,129.6064643645814,106.98830147732131,109.91259014766636,104.77007950372426,9.2,67.0,-0.88,45.72,55.861664677826525
BBIO,2023-08-24,28.57999992370605,28.847999572753903,28.045000076293945,28.07999992370605,1557200.0,171.49826132717763,129.6312862069725,106.87135560112766,109.85572605500263,104.60782052598545,9.18,66.0,-0.96,45.88,54.865181235386494
BBIO,2023-08-25,28.280000686645508,29.790000915527344,28.13999938964844,29.68000030517578,2454100.0,171.57689023110098,129.93415103881915,107.16259567200414,109.99906574481416,104.64863271143528,9.16,70.0,-1.05,45.16,57.99140314224319
BBIO,2023-08-28,30.520000457763672,30.770000457763672,28.0,28.670000076293945,4700600.0,50.09600572803785,130.28713972333935,106.82572635273613,110.08773967997016,104.63479613388478,9.14,66.0,-1.13,45.67,56.01797558683207
BBIO,2023-08-29,28.850000381469727,30.549999237060547,28.520000457763672,30.520000457763672,1462700.0,53.42542221003514,130.69377664881029,107.18757337222664,110.2509009492272,104.6482408503988,9.13,72.0,-1.21,44.79,59.6326695501743
BBIO,2023-08-30,30.75,31.190000534057617,30.14999961853028,30.39999961853028,2120300.0,50.29932486278101,130.7175132844973,107.20074732687874,109.87678862463709,104.65143122285924,9.12,73.0,-1.29,44.8,59.398201323293
BBIO,2023-08-31,30.520000457763672,30.59000015258789,29.770000457763672,29.90999984741211,1329500.0,50.3946430725882,129.71875601299016,107.04092451804952,109.88512481724528,104.64940233451344,9.12,70.0,-1.35,45.02,58.44079653979084
BBIO,2023-09-01,30.200000762939453,30.7549991607666,29.729999542236328,30.57999992370605,1267800.0,50.95642911279021,129.66504572765734,107.046964553362,109.88393187576686,104.6588754239062,9.12,70.0,-1.42,45.0,59.749901800241936
BBIO,2023-09-05,30.0,30.56999969482422,29.270000457763672,29.6200008392334,1602100.0,51.19303598201628,129.83938006665338,107.18376070407685,109.96206060692136,104.67460822379326,9.12,72.0,-1.47,44.82,57.87417089217555
BBIO,2023-09-06,29.790000915527344,30.450000762939453,29.21999931335449,29.489999771118164,1882400.0,50.953936315642665,129.74448807935312,107.12587009164034,109.600878986747,104.65896002665544,9.12,70.0,-1.52,45.05,57.62016333582528
BBIO,2023-09-07,29.100000381469727,29.32999992370605,28.36000061035156,28.82999992370605,1284800.0,51.26027185093297,129.84083790214095,106.69162901578542,109.58934369793194,104.652121795055,9.12,63.0,-1.56,45.69,56.33059740484312
BBIO,2023-09-08,28.799999237060547,28.96999931335449,28.32999992370605,28.40999984741211,887800.0,51.33825120442902,129.55147982118524,106.72531184221435,109.12608623892817,104.38329714253184,9.12,63.0,-1.59,45.75,55.50996420087757
BBIO,2023-09-11,28.46999931335449,28.700000762939453,27.90999984741211,28.530000686645508,1286900.0,46.55211481386411,129.55486911926485,106.72554768410524,109.02264360186555,104.23502039712432,9.12,63.0,-1.63,45.76,55.744432427758895
BBIO,2023-09-12,28.39999961853028,29.334999084472656,28.165000915527344,28.549999237060547,1208500.0,46.082042706208455,128.10155186396452,105.75061742073817,109.02205202249472,104.1526927783606,9.12,55.0,-1.66,47.9,55.78350735995075
BBIO,2023-09-13,28.549999237060547,29.11000061035156,27.31999969482422,28.299999237060547,4786000.0,45.88040286158109,127.84299896938148,105.73557572266526,109.03783596451612,104.07430316824228,9.12,55.0,-1.68,47.91,55.2950353034652
BBIO,2023-09-14,28.6200008392334,30.14999961853028,28.3700008392334,29.6200008392334,2248400.0,44.34270633335324,126.8216807728712,105.71049052061944,108.8899929181402,103.5723195413554,9.12,55.0,-1.71,47.66,57.87417089217555
BBIO,2023-09-15,28.88999938964844,29.5,28.68000030517578,29.1299991607666,4599000.0,44.49279359265553,126.93367065449,105.47950413535152,107.4214820554437,103.52698742959046,9.13,50.0,-1.73,48.01,56.91676238192736
BBIO,2023-09-18,29.25,29.77499961853028,28.38999938964844,28.540000915527344,1295400.0,44.23658902367574,126.71998560069348,105.34026580230284,107.44892063403012,103.51717832041145,9.13,46.0,-1.74,48.22,55.763971757227836
BBIO,2023-09-19,28.5,28.82999992370605,28.030000686645508,28.13999938964844,789000.0,44.31760058724407,126.54762688059104,105.26677275471316,106.72538404008812,103.27420320001212,9.13,45.0,-1.75,48.32,54.98241348545414
BBIO,2023-09-20,28.43000030517578,28.43000030517578,27.540000915527344,27.729999542236328,1224000.0,42.37752626537856,126.57623545703488,105.2993224445388,106.75702984479577,103.28666093398292,9.13,46.0,-1.76,48.28,54.18131961095752
BBIO,2023-09-21,27.39999961853028,27.5,26.559999465942383,26.96999931335449,1129700.0,42.71913227648476,126.51743202433984,105.4078518599027,106.53169718526225,103.3205882369206,9.13,51.0,-1.76,48.26,52.696364112031944
BBIO,2023-09-22,27.21999931335449,27.61000061035156,26.81999969482422,27.270000457763672,1248000.0,42.19765215632248,125.05992432903102,105.36796918836244,106.02802308226715,103.04541277936988,9.13,50.0,-1.76,48.25,53.282532815862226
BBIO,2023-09-25,27.64999961853028,27.75,26.21999931335449,27.07999992370605,2859400.0,40.81044466701555,124.3571786714472,105.25536957158276,105.97010534785925,103.00926120997124,9.13,45.0,-1.76,48.4,52.911293009444314
BBIO,2023-09-26,27.25,27.95499992370605,26.549999237060547,26.57999992370605,1466100.0,40.556884737615015,124.4706325131516,105.25752934207408,105.87610434521127,102.77926743109887,9.13,46.0,-1.75,48.58,51.934348896473224
BBIO,2023-09-27,26.86000061035156,27.315000534057617,25.940000534057617,26.34000015258789,1804900.0,39.60462360675263,124.51509564792826,104.67629454329814,105.89333963698968,102.54955670313306,9.13,38.0,-1.74,49.51,51.46541616945663
BBIO,2023-09-28,26.21999931335449,27.1299991607666,25.96999931335449,27.1299991607666,1090400.0,40.47671092531801,124.60109187719026,104.73430087862955,105.90188054906947,102.26839746542817,9.13,39.0,-1.73,49.33,53.00898593004302
BBIO,2023-09-29,27.18000030517578,27.38500022888184,26.06999969482422,26.3700008392334,1540300.0,38.98311571559467,124.60105674483876,104.84289551114168,105.8951635224106,102.03169342419112,9.13,41.0,-1.71,49.18,51.524034157863476
BBIO,2023-10-02,26.21999931335449,26.38999938964844,25.100000381469727,25.40999984741211,1648200.0,40.02004109289069,124.9032335405306,105.057096737172,105.58209974110304,101.95299724621512,9.13,45.0,-1.7,48.96,49.648299523051044
BBIO,2023-10-03,25.40999984741211,25.76499938964844,25.049999237060547,25.43000030517578,1159600.0,40.044858779789,124.83454676231224,105.06040201030756,105.58344966794316,101.91056297536328,9.13,46.0,-1.68,48.97,49.68737818198893
BBIO,2023-10-04,25.18000030517578,25.25,23.76000022888184,24.020000457763672,2618700.0,42.893350696159246,125.43812502386132,105.46030980437368,105.83362716951382,102.01701065564092,9.13,56.0,-1.65,48.51,46.932396081550145
BBIO,2023-10-05,23.88999938964844,24.979999542236328,23.670000076293945,24.64999961853028,1244200.0,43.6683612052683,125.50005278076286,105.11675337353827,105.76126098946608,101.52936863645556,9.13,45.0,-1.63,48.9,48.16334402412548
BBIO,2023-10-06,24.25,25.440000534057617,24.01000022888184,25.26000022888184,1636900.0,44.29380986224852,125.1734440562143,104.26775288417493,105.695635117378,101.52710397201072,9.13,38.0,-1.6,50.84,49.35521703450893
BBIO,2023-10-09,25.26000022888184,25.63999938964844,24.31999969482422,25.61000061035156,1103000.0,40.9997428638996,124.8339766987655,103.87135111765464,105.6488546621733,101.43702154035056,9.14,38.0,-1.57,51.4,50.03907865893788
BBIO,2023-10-10,25.600000381469727,27.01000022888184,25.530000686645508,26.540000915527344,1578100.0,41.63085423741141,45.67530301151148,103.97224953390602,105.7052603334886,101.38800045053506,9.14,39.0,-1.54,51.05,51.856195305343476
BBIO,2023-10-11,26.790000915527344,27.270000457763672,25.959999084472656,26.64999961853028,1121900.0,36.86253457074172,45.54733020094454,103.95048690170704,105.01315497853768,101.385842947071,9.14,39.0,-1.51,51.05,52.07112047600984
BBIO,2023-10-12,26.459999084472656,26.459999084472656,24.6299991607666,24.700000762939453,1603900.0,42.27999343496542,46.11983957640787,104.6979545814956,105.34024030033407,101.68518341283136,9.14,43.0,-1.48,49.76,48.2610406714702
BBIO,2023-10-13,24.90999984741211,26.34000015258789,24.459999084472656,26.07999992370605,1385000.0,45.73818829276778,47.71342849764405,104.97436909306418,105.39594687725588,101.5247196534362,9.13,45.0,-1.44,49.01,50.957404783502135
BBIO,2023-10-16,25.8799991607666,26.440000534057617,25.51000022888184,25.90999984741211,720600.0,45.03210997954616,47.6996586146021,104.98242571206804,105.37080530292408,101.20952919870534,9.12,45.0,-1.4,49.0,50.625243636022134
BBIO,2023-10-17,25.63999938964844,26.940000534057617,25.63999938964844,26.780000686645508,1167500.0,45.65505513836751,48.09190726571323,104.92490822181163,105.38236897440558,100.96545860725617,9.1,43.0,-1.37,48.89,52.32512803236008
BBIO,2023-10-18,26.6200008392334,26.6200008392334,25.709999084472656,26.07999992370605,952600.0,46.144920691312365,48.19932840636098,105.04203801277036,105.3911968663728,100.82075326491425,9.09,45.0,-1.33,48.83,50.957404783502135
BBIO,2023-10-19,26.200000762939453,26.200000762939453,24.459999084472656,24.68000030517578,1052800.0,48.19900901506429,49.34037471837616,105.48731842235505,105.49519144490765,100.95173821346567,9.06,57.0,-1.29,48.22,48.2219620125323
BBIO,2023-10-20,24.64999961853028,25.25,24.420000076293945,24.56999969482422,924400.0,48.11500270729574,49.33284601691778,105.44557617437442,104.45902325641777,100.5631377782126,9.03,54.0,-1.25,48.26,48.00703311511993
BBIO,2023-10-23,24.290000915527344,24.76000022888184,23.6200008392334,24.239999771118164,1491200.0,48.09954073023223,46.933955796628034,105.48417255131191,104.42756481010416,100.54950204990088,9.0,56.0,-1.22,48.29,47.362250149628856
BBIO,2023-10-24,25.6299991607666,25.690000534057617,24.71999931335449,25.06999969482422,1532100.0,49.39630206838035,47.40250852558765,105.55295804479192,104.33236827589457,100.42232837855788,8.96,57.0,-1.18,48.1,48.98397722809102
BBIO,2023-10-25,24.670000076293945,25.1200008392334,24.1200008392334,24.43000030517578,1040400.0,49.77640377346755,47.47541621980857,105.65254298622412,104.34181079981882,100.44144951937253,8.92,57.0,-1.14,48.07,47.73348995604676
BBIO,2023-10-26,24.479999542236328,25.489999771118164,24.1299991607666,25.06999969482422,808700.0,48.34535945480047,46.054371253304666,105.663231833195,104.25333151195142,100.4181845085618,8.88,57.0,-1.09,48.04,48.98397722809102
BBIO,2023-10-27,25.18000030517578,25.440000534057617,24.38999938964844,24.440000534057617,1131600.0,48.58687479424793,46.23577195404789,104.81050840195684,104.31134672322464,100.4336525129066,8.86,34.0,-1.03,50.14,47.7530292855157
BBIO,2023-10-30,24.799999237060547,26.0049991607666,24.799999237060547,25.51000022888184,1064300.0,50.3649172164457,46.99999583055707,104.89848383370088,104.4112524954582,100.44311471289826,8.82,35.0,-0.96,49.92,49.843689090994474
BBIO,2023-10-31,25.25,26.25,24.75,26.040000915527344,915000.0,50.7456549174043,47.23713911957946,104.87654192205522,104.42027339377856,100.37677657613408,8.78,34.0,-0.89,49.83,50.8792511923724
BBIO,2023-11-01,25.84000015258789,26.76000022888184,25.84000015258789,26.64999961853028,1024900.0,51.145339327404606,46.66183567834937,104.85358449821244,104.37847452922551,100.23974090891838,8.75,33.0,-0.81,49.72,52.07112047600984
BBIO,2023-11-02,26.770000457763672,27.60400009155273,26.34600067138672,26.920000076293945,1546000.0,50.61747988406299,46.62936082263135,104.8207209897106,104.3720542416048,100.24136590523416,8.71,31.0,-0.72,49.7,52.598671191433255
BBIO,2023-11-03,27.56999969482422,29.040000915527344,27.280000686645508,28.82999992370605,2227200.0,54.3216537068195,48.60607178141127,104.97201577921044,104.58401716178028,100.31430865770052,8.67,36.0,-0.63,49.37,56.33059740484312
BBIO,2023-11-06,29.0,29.100000381469727,27.68000030517578,27.8799991607666,1159200.0,55.23280541847574,48.35141376386984,105.15254286021418,104.61448725653032,100.37654022535108,8.63,42.0,-0.52,49.16,54.474402099499656
BBIO,2023-11-07,28.790000915527344,29.43000030517578,28.200000762939453,29.38999938964844,2024900.0,56.88086368780678,49.51181734086714,104.43122772855868,104.10973941476692,100.49220545048026,8.6,24.0,-0.43,50.06,57.42477376788187
BBIO,2023-11-08,29.459999084472656,29.739999771118164,28.56999969482422,29.38999938964844,983600.0,56.76939921939377,49.00296770091901,104.24163145447396,104.08232634143704,100.21182724474218,8.56,22.0,-0.34,50.32,57.42477376788187
BBIO,2023-11-09,29.559999465942383,29.57999992370605,26.96500015258789,27.06999969482422,1117800.0,61.39371764860677,51.613270093817576,104.19881418867124,104.41333454315556,100.58650686969035,8.53,21.0,-0.22,51.09,52.89175367997537
BBIO,2023-11-10,27.14999961853028,27.270000457763672,26.40999984741211,27.100000381469727,994700.0,60.80294211134623,50.71007419616051,104.19076005413584,104.41143668426083,100.15885149015716,8.5,20.0,-0.09,51.15,52.95037166838221
BBIO,2023-11-13,27.26000022888184,27.84000015258789,26.13999938964844,27.520000457763672,1052700.0,59.84793476414022,50.76291075236996,103.98629174936282,104.41122508906555,98.55291660743733,8.47,19.0,0.04,51.38,53.771004872347774
BBIO,2023-11-14,29.209999084472656,29.989999771118164,28.790000915527344,29.479999542236328,1332100.0,62.83471438775765,52.71561066963375,104.31225111958496,104.66078691527898,98.18611723372284,8.43,23.0,0.16,50.33,57.60062400635634
BBIO,2023-11-15,28.93000030517578,30.88500022888184,28.799999237060547,29.520000457763672,1867400.0,60.04777941801272,52.677519081059565,104.27880751467484,104.64295744113905,98.0020873287137,8.4,22.0,0.26,50.35,57.67878132423212
BBIO,2023-11-16,29.540000915527344,29.63999938964844,28.44499969482422,28.86000061035156,1043700.0,60.35756372098382,52.86384108699094,104.13998384774756,104.57487491388164,97.98793299583548,8.37,17.0,0.4,50.92,56.389215393249955
BBIO,2023-11-17,29.11000061035156,29.600000381469727,28.440000534057617,29.25,1610300.0,60.13719242125919,52.79507769496525,103.0371425937782,104.57640464272306,97.62233697549505,8.33,12.0,0.59,53.56,57.15123060880869
BBIO,2023-11-20,29.200000762939453,30.100000381469727,28.790000915527344,29.239999771118164,901600.0,60.09528275122096,51.54792063062725,102.54251417150692,92.30876379523257,97.6229118502461,8.31,11.0,0.77,54.42,57.131691279339734
BBIO,2023-11-21,28.65999984741211,29.030000686645508,28.054000854492188,28.309999465942383,1034300.0,60.25350901212055,51.4845407636728,102.71096333149494,91.42227593016736,97.67358690430862,8.27,11.0,0.96,54.22,55.314574632934146
BBIO,2023-11-22,28.86000061035156,29.5,28.200000762939453,29.5,989500.0,61.306573152756464,50.55051083492583,102.87014591691826,90.30656879970569,97.38545147433052,8.24,11.0,1.17,53.74,57.63970266529424
BBIO,2023-11-24,29.190000534057617,29.950000762939453,29.190000534057617,29.57999992370605,398800.0,56.507960863895256,50.5499233923956,102.87002575399627,89.98269381917261,97.3229055619903,8.2,10.0,1.38,53.76,57.79601357429976
BBIO,2023-11-27,29.520000457763672,30.15999984741211,28.76000022888184,29.790000915527344,1408600.0,54.62218288910642,50.464590163136855,102.72851488829806,89.24635515039027,97.29055636291952,8.16,9.0,1.54,53.93,58.206332039655564
BBIO,2023-11-28,29.6299991607666,30.01000022888184,28.38999938964844,28.84000015258789,1274700.0,55.5799843070798,50.6768687181947,102.88849542595864,89.2850098943545,97.31867821108146,8.12,11.0,1.63,53.68,56.35013673431207
BBIO,2023-11-29,28.940000534057617,29.701000213623047,28.3700008392334,28.46999931335449,1529100.0,55.05669805697904,50.33030044745109,102.86733836127584,89.30685403366341,97.1335723312455,8.09,8.0,1.69,53.89,55.627196450945206
BBIO,2023-11-30,28.790000915527344,29.68099975585937,28.309999465942383,28.709999084472656,1324300.0,54.41058654278754,50.35799215381318,102.81569916164268,89.25515774190171,96.89673253265693,8.05,7.0,1.71,54.07,56.09612917796182
BBIO,2023-12-01,28.5,30.979999542236328,27.739999771118164,30.940000534057617,1430200.0,55.32571884866768,52.4405137401316,103.40721953148552,89.54829487364704,96.90937081550086,8.01,12.0,1.58,52.55,60.45330275413986
BBIO,2023-12-04,30.709999084472656,32.41999816894531,30.3700008392334,31.940000534057617,1729600.0,55.63998281825716,52.70496386268712,103.21148132963836,89.56250483494718,96.92657755471708,7.97,11.0,0.67,52.68,62.40719098008203
BBIO,2023-12-05,31.700000762939453,32.20000076293945,30.84000015258789,31.600000381469727,984300.0,55.54784417012553,52.76623207368638,102.99050545015254,89.51926250304274,96.91666884460282,7.93,9.0,-0.57,53.4,61.74286868512201
BBIO,2023-12-06,31.89999961853028,33.0,31.31999969482422,32.40999984741211,1918700.0,55.275357561668805,52.986820677878136,50.89342381188241,89.4000852966937,96.86699590515786,9.49,1.0,-0.57,0.06,63.32551710464628
BBIO,2023-12-07,32.560001373291016,33.70500183105469,32.5,33.61000061035156,1377100.0,54.84839134299053,53.39618802445018,51.16556361526386,89.26170485076872,96.9070609914858,10.75,2.0,-0.58,0.01,65.6701844664753
BBIO,2023-12-08,34.0,34.4900016784668,32.154998779296875,32.52000045776367,1256100.0,56.06583934535125,53.138026667230086,50.5918992085473,89.17135034447115,96.96893949623704,11.86,1.0,-0.6,0.07,63.54044600205866
BBIO,2023-12-11,32.529998779296875,32.93000030517578,31.540000915527344,32.86000061035156,994600.0,55.12468730613285,53.03075983137499,50.62146392498925,88.55862386872148,96.93568834644957,12.81,2.0,-0.65,0.06,64.20476829701867
BBIO,2023-12-12,33.0099983215332,33.66999816894531,32.189998626708984,33.47999954223633,700500.0,54.30729838716566,52.92914064938766,50.68654989615309,88.418688316657,96.6484735379881,13.65,3.0,-0.67,0.04,65.41617691012505
BBIO,2023-12-13,33.400001525878906,35.2599983215332,32.88999938964844,35.20000076293945,1618200.0,55.51204492221792,53.69034422738154,51.13217436897589,88.43078683716796,96.72900473574757,14.37,5.0,-0.56,-0.03,68.77686704386305
BBIO,2023-12-14,36.09000015258789,36.18000030517578,34.16999816894531,35.90999984741211,2191300.0,55.454327405023776,53.652477573282944,51.112676110970966,86.61112343162937,96.7244014724224,15.02,5.0,-0.39,-0.03,70.1641258954439
BBIO,2023-12-15,36.119998931884766,39.540000915527344,35.939998626708984,39.369998931884766,5958200.0,60.33834553084595,56.14916632220762,53.10436377451483,87.17094273602136,97.09749160332822,15.53,8.0,0.65,0.08,76.92457736836575
BBIO,2023-12-18,39.27000045776367,40.0,37.97999954223633,38.43999862670898,2038400.0,58.829516255627865,56.47896012590096,53.23676221539508,87.11739295254863,96.85111034836602,15.99,9.0,0.92,0.06,75.10746072196014
BBIO,2023-12-19,39.0,40.630001068115234,38.43000030517578,40.220001220703125,2977400.0,58.24215517682308,56.98960362632787,52.60861300437365,87.24725316228586,96.87630300929231,16.65,8.0,1.57,0.07,78.58538683251184
BBIO,2023-12-20,40.02000045776367,40.7599983215332,38.119998931884766,38.20000076293945,2550700.0,59.757843679577725,58.00124461258328,53.21783708845126,87.1540293924467,96.6561981139378,17.25,10.0,1.63,0.01,74.63853172168959
BBIO,2023-12-21,38.4900016784668,39.1349983215332,37.59999847412109,38.790000915527344,3392000.0,59.72816402866952,57.94517037520027,53.14629928021516,87.1562084871275,96.58011446891224,17.83,10.0,1.66,0.02,75.79132607313515
BBIO,2023-12-22,39.54999923706055,41.60499954223633,39.040000915527344,41.060001373291016,2138800.0,54.601232583813655,58.67626245922759,52.68194811226863,87.37133837179081,96.71118572644146,18.39,9.0,1.85,-0.03,80.22665324044294
BBIO,2023-12-26,41.81999969482422,42.25,41.290000915527344,41.9900016784668,1470000.0,54.51682241803045,58.292648714199714,52.77658069637505,87.25156552245478,96.7244416392007,18.91,10.0,2.02,-0.05,82.04376988684854
BBIO,2023-12-27,42.310001373291016,43.95500183105469,41.310001373291016,43.88999938964844,1825600.0,55.191044065408136,58.00312313457498,52.97056723229161,87.3537663511148,96.6050569600208,19.4,11.0,2.32,-0.09,85.75615304404343
BBIO,2023-12-28,43.77000045776367,44.31999969482422,41.119998931884766,41.810001373291016,2265000.0,55.8301785528345,59.17494573096591,53.57295187996346,87.56621092914416,95.56760992343747,19.85,16.0,2.05,-0.16,81.69206940989959
BBIO,2023-12-29,41.75,41.79999923706055,40.310001373291016,40.369998931884766,1355400.0,57.38855947466283,58.30307941005994,53.55781338978763,87.64494973823872,95.64225442846175,20.27,16.0,1.75,-0.14,78.87846559430793
BBIO,2024-01-02,39.77000045776367,40.970001220703125,39.41999816894531,40.45000076293945,1756000.0,56.59518554616252,58.206996647106735,53.45490625618612,87.29558238538348,95.03012589850854,20.66,16.0,1.46,-0.13,79.03478023005948
BBIO,2024-01-03,39.5,39.97999954223633,37.77999877929688,37.84999847412109,2738100.0,60.898358181119306,60.07707258410776,54.46078048213728,87.69436631396708,95.31067691296326,21.02,19.0,1.25,-0.16,73.95466637051456
BBIO,2024-01-04,38.02000045776367,38.4900016784668,36.560001373291016,36.91999816894531,3141000.0,61.62200928192142,60.40517250749632,54.187330917767895,87.76550107332311,95.1235519695168,21.36,19.0,1.04,-0.13,72.137549724109
BBIO,2024-01-05,36.33000183105469,37.83000183105469,35.970001220703125,37.68999862670898,1556700.0,60.52957137776194,60.16895997767699,54.227814956417866,87.11229182785566,94.72420388267666,21.67,20.0,0.84,-0.14,73.6420445525035
BBIO,2024-01-08,37.40999984741211,39.130001068115234,36.5,38.7400016784668,1711700.0,60.03565492150194,60.330574531624926,54.05311982558268,87.13022157461356,94.69358119923984,21.98,19.0,0.61,-0.12,75.69363315253646
BBIO,2024-01-09,37.81999969482422,40.33000183105469,37.81999969482422,39.72999954223633,1607100.0,60.182611983865456,57.958266204031496,54.03144200014115,87.02499467994555,94.6045087667611,22.26,19.0,0.4,-0.12,77.62797832226366
BBIO,2024-01-10,39.72999954223633,40.59999847412109,39.459999084472656,39.900001525878906,1767400.0,60.1992721881239,57.14729556640845,53.41790785960512,86.83590195941315,94.60470678181431,22.55,16.0,0.19,-0.04,77.96014319648971
BBIO,2024-01-11,39.34000015258789,39.37200164794922,37.33000183105469,39.220001220703125,1874200.0,59.42995685440253,57.29723875250643,53.50368819764101,86.73259874487849,94.61361433579889,22.81,18.0,0.01,-0.06,76.63149860656966
BBIO,2024-01-12,39.93999862670898,40.41999816894531,38.05500030517578,38.70000076293945,1426900.0,59.444812224556486,57.18246834366425,53.55525021315276,86.68310245402162,94.56115887965352,23.06,19.0,-0.15,-0.07,75.61547583466067
BBIO,2024-01-16,37.970001220703125,38.02999877929688,36.84000015258789,37.58000183105469,1344200.0,60.543645211721454,57.25567084602714,53.76808096346374,86.76895210690812,94.27549259456724,23.31,22.0,-0.28,-0.1,73.42712310858322
BBIO,2024-01-17,36.56999969482422,37.29999923706055,36.2599983215332,36.90999984741211,1193800.0,57.68182724596456,56.0506957570299,53.86041682004871,86.7875461932845,94.30522108958762,23.54,23.0,-0.4,-0.12,72.11801412138608
BBIO,2024-01-18,37.56999969482422,40.650001525878906,36.31999969482422,37.560001373291016,4264800.0,57.26973965437083,56.04408306741197,53.810078002486335,86.77407294502041,94.30237154769732,23.76,23.0,-0.51,-0.11,73.38804444964534
BBIO,2024-01-19,37.560001373291016,37.68000030517578,36.02000045776367,36.63999938964844,1402300.0,57.757879662220816,56.26829494399068,53.32214395808308,86.7636627614773,94.27291170005716,23.98,16.0,-0.6,-0.05,71.59046340596265
BBIO,2024-01-22,37.22999954223633,38.650001525878906,36.81999969482422,38.040000915527344,3481100.0,58.23755169632251,56.35157029867502,53.28668935790848,86.7939623121473,94.25605604672782,24.18,16.0,-0.7,-0.06,74.32590990367852
BBIO,2024-01-23,38.5099983215332,38.7400016784668,35.869998931884766,37.130001068115234,2003300.0,58.07987635160967,56.31160848402693,52.58742102836814,86.4670569336953,94.26356419032368,24.37,8.0,-0.78,0.0,72.54787191621082
BBIO,2024-01-24,37.84000015258789,37.84000015258789,36.125,36.2400016784668,1124500.0,57.660471546339686,56.530165356422536,52.74417766874697,86.53435648948403,94.31049464639116,24.55,11.0,-0.85,-0.02,70.80891258768102
BBIO,2024-01-25,36.93000030517578,37.21699905395508,35.63999938964844,36.06999969482422,1599000.0,57.67205926711577,56.19382369190237,52.675636831280336,86.51865293171953,93.75738959743244,24.72,10.0,-0.91,-0.01,70.47674771345497
BBIO,2024-01-26,36.310001373291016,36.54499816894531,35.540000915527344,35.939998626708984,646300.0,57.510343651581074,55.714369557550846,52.58183642878594,86.51313222762808,93.66789193946938,24.87,8.0,-0.96,0.01,70.2227401571047
BBIO,2024-01-29,36.43999862670898,37.869998931884766,35.560001373291016,37.84000015258789,1272700.0,57.61399499825245,56.42335607015578,52.89496126867645,86.68551336963549,93.69965033505363,25.01,15.0,-1.03,-0.03,73.93513076779166
BBIO,2024-01-30,37.400001525878906,37.79999923706055,35.779998779296875,36.09000015258789,1714700.0,59.11537893801025,57.36232473343764,53.47281763845704,86.85934334432655,93.82067829937534,25.13,25.0,-1.08,-0.1,70.51582637239287
BBIO,2024-01-31,35.540000915527344,36.2599983215332,34.220001220703125,34.290000915527344,2183800.0,54.14397212864884,58.49500777361247,53.99681204563807,86.85679084769025,93.96313733276128,25.23,33.0,-1.11,-0.15,66.99882905639537
BBIO,2024-02-01,34.439998626708984,34.61000061035156,33.209999084472656,33.310001373291016,1536100.0,54.32146695329037,57.30374756366036,54.15521640082933,86.3418322997988,93.97424783752352,25.32,36.0,-1.12,-0.18,65.08401948939108
BBIO,2024-02-02,32.84000015258789,34.650001525878906,32.540000915527344,33.90999984741211,1664200.0,52.683396055360255,56.89410423782636,54.21527140558533,86.09493387238206,93.8677484432091,25.4,38.0,-1.14,-0.19,66.25634944355954
BBIO,2024-02-05,33.5,33.97999954223633,33.040000915527344,33.630001068115234,1075200.0,50.87351509130544,55.99475719778919,54.23839355158066,86.10653523485962,93.04063050118496,25.48,40.0,-1.15,-0.2,65.7092631254132
BBIO,2024-02-06,33.58000183105469,34.2599983215332,33.279998779296875,34.02000045776367,2147700.0,50.75833841683133,56.02485298646454,54.23484704383578,86.09833622255229,93.00065330478296,25.54,40.0,-1.17,-0.2,66.47127834097192
BBIO,2024-02-07,34.02000045776367,34.375,32.93000030517578,33.77000045776367,1628000.0,47.32106565442653,53.22341812205414,53.79731889966427,86.06469756375489,92.88570069093512,25.6,31.0,-1.18,-0.13,65.98280628448637
BBIO,2024-02-08,34.029998779296875,34.18000030517578,32.849998474121094,32.959999084472656,1066900.0,46.7733966624311,53.5293332479001,53.8754534645173,86.13186025455065,92.888174231464,25.65,34.0,-1.19,-0.14,64.40015413821607
BBIO,2024-02-09,33.18000030517578,34.810001373291016,33.18000030517578,34.470001220703125,1443800.0,46.82610237763628,54.14958115550282,54.20143483591804,86.25501197013917,92.88080433179351,25.68,40.0,-1.21,-0.19,67.35052953334431
BBIO,2024-02-12,34.380001068115234,35.880001068115234,34.22999954223633,35.650001525878906,1411500.0,46.70962823981738,52.80896563918102,54.37270887724273,86.23294086856733,92.92529792507932,25.71,45.0,-1.23,-0.22,69.65611823623546
BBIO,2024-02-13,33.70000076293945,35.08000183105469,33.13999938964844,33.56999969482422,1560000.0,48.62222753382724,54.37839792396859,55.20730852017596,86.56661775412977,93.14995338353047,25.72,47.0,-1.23,-0.28,65.59202714859953
BBIO,2024-02-14,34.38999938964844,35.0099983215332,33.935001373291016,34.369998931884766,1172200.0,49.332355007647216,54.30374323720895,55.10573079167037,86.58573194797683,93.16298126394716,25.71,47.0,-1.23,-0.27,67.15513623865486
BBIO,2024-02-15,37.75,41.040000915527344,37.5,39.22999954223633,4124000.0,60.35960086797965,60.40452216633763,58.82245811364631,87.8472969139827,93.98666028645025,25.67,49.0,-1.26,0.6,76.65103420929256
BBIO,2024-02-16,38.56999969482422,38.810001373291016,37.0,37.209999084472656,1409100.0,61.93450060782614,61.54716182905575,59.48050164434405,88.11747001828552,94.1560176054008,25.61,50.0,-1.28,0.51,72.70417909847032
BBIO,2024-02-20,37.0,37.81499862670898,35.13999938964844,35.95000076293945,1666700.0,62.41541778328059,61.602290856628464,59.68073797340138,88.22666686588379,94.18429416435428,25.54,51.0,-1.28,0.47,70.2422832133197
BBIO,2024-02-21,35.189998626708984,35.619998931884766,33.560001373291016,34.15999984741211,1543200.0,63.3826861086876,62.12217212358608,60.26693353443265,88.46339719415822,94.2919541416212,25.47,52.0,-1.27,0.4,66.74482150004509
BBIO,2024-02-22,33.97999954223633,34.95500183105469,33.13999938964844,33.599998474121094,1840100.0,62.85128010633104,62.24366854977645,60.18626919426404,88.47121318598651,93.79802338205064,25.38,52.0,-1.25,0.43,65.65064141026032
BBIO,2024-02-23,34.349998474121094,34.689998626708984,33.430999755859375,34.0,1149600.0,62.99244128544671,62.26747949894333,60.00506441831332,87.83367680164802,93.77629003120347,25.29,52.0,-1.23,0.45,66.43219968203404
BBIO,2024-02-26,33.790000915527344,35.029998779296875,33.65999984741211,34.869998931884766,1147400.0,63.49787484163849,62.01951025908431,59.77286303432269,87.8076798375308,93.6603519499018,25.19,52.0,-1.21,0.47,68.13208035162594
BBIO,2024-02-27,35.4900016784668,37.0,35.11000061035156,35.72999954223633,1308700.0,63.9503280373661,62.0772615508219,59.86609150186328,87.80579827834097,93.67971974488408,25.08,53.0,-1.19,0.45,69.81242541849495
BBIO,2024-02-28,35.130001068115234,36.08000183105469,35.11000061035156,35.290000915527344,928500.0,63.52212258250589,62.157449905900606,59.13369155482204,87.78832646812069,93.68902510045037,24.96,50.0,-1.17,0.54,68.95271728233755
BBIO,2024-02-29,36.02999877929688,36.38999938964844,33.88999938964844,34.150001525878906,1745300.0,63.98898293889304,60.778095720155946,59.31106431962137,87.8778248304853,93.74530161718688,24.84,51.0,-1.15,0.52,66.72528589732218
BBIO,2024-03-01,34.0,36.40999984741211,34.0,35.630001068115234,1330000.0,65.06881037860082,61.04150334474616,59.54276811717132,87.76513681943887,93.80894689059733,24.71,53.0,-1.12,0.47,69.61703957729756
BBIO,2024-03-04,35.959999084472656,35.9900016784668,31.920000076293945,32.35499954223633,3240600.0,70.36772230538338,64.23678835510556,61.5903262386912,88.56711387708653,94.2603815704971,24.57,60.0,-1.08,0.49,63.21805265594009
BBIO,2024-03-05,31.604999542236328,31.799999237060547,29.21999931335449,29.600000381469727,3862300.0,73.3496255224995,66.57193317082645,63.03539824398031,88.63034115348846,94.71993229667176,24.42,61.0,-1.06,0.48,57.83509223323765
BBIO,2024-03-06,30.299999237060547,31.01000022888184,29.049999237060547,29.450000762939453,4750800.0,73.19979804443798,66.1051828766494,63.04104505408694,88.52716715453089,85.08726788419166,24.25,62.0,-1.04,0.48,57.542009744695534
BBIO,2024-03-07,29.51000022888184,30.14200019836425,29.39999961853028,30.0,1860300.0,73.40929190374146,65.92337560833836,61.87761503318704,87.86474162411905,84.33582084312683,24.07,61.0,-1.01,0.57,58.61664677826533
BBIO,2024-03-08,30.68000030517578,30.790000915527344,28.709999084472656,28.979999542236328,1251500.0,73.86252760143599,66.22515363610634,61.569904041617775,87.96989468327372,83.47741672239282,23.89,60.0,-0.99,0.63,56.62367989338525
BBIO,2024-03-11,29.059999465942383,29.6299991607666,28.57999992370605,28.940000534057617,1512600.0,73.87501700301672,66.08366950681747,61.559153056246615,87.84185640146003,83.2366210646407,23.69,60.0,-0.98,0.63,56.5455263022555
BBIO,2024-03-12,29.200000762939453,29.31999969482422,28.520000457763672,28.700000762939453,1457200.0,71.74578348406912,65.17870619846384,61.363044971323,87.76275669397268,82.69042813015774,23.48,60.0,-0.96,0.68,56.076593575238896
BBIO,2024-03-13,28.46999931335449,29.0,27.850000381469727,28.170000076293945,1365000.0,70.89720321669961,65.06755876481564,61.28717106104069,87.78520809899392,82.662952160311,23.26,60.0,-0.95,0.7,55.04103147386098
BBIO,2024-03-14,27.81999969482422,28.15999984741211,26.81999969482422,27.350000381469727,2340900.0,70.03190474929018,62.105737647738,60.82487392006543,87.69152783706838,82.72551676256164,23.03,60.0,-0.96,0.76,53.43884372486776
BBIO,2024-03-15,27.21999931335449,28.5,27.21999931335449,27.559999465942383,2320700.0,69.86134750846581,62.055375201378695,60.82742482789979,86.9231220390969,82.68986239716195,22.79,61.0,-0.97,0.76,53.84915846347752
BBIO,2024-03-18,27.51000022888184,28.56999969482422,27.21999931335449,27.809999465942383,1972900.0,69.64258637089954,61.2269194751602,60.79431809540928,86.62613731948979,82.62183635165337,22.53,60.0,-0.99,0.76,54.337630519963064
BBIO,2024-03-19,28.229999542236328,29.09499931335449,28.06100082397461,28.43000030517578,1854400.0,70.13239722940267,60.75268648899004,60.66505995373651,86.64898969485603,82.61516180524984,22.26,60.0,-1.0,0.79,55.549042859815465
BBIO,2024-03-20,28.559999465942383,28.950000762939453,27.809999465942383,28.6299991607666,807900.0,70.04865319107425,60.65811772290981,60.515272711610976,86.64761448348692,82.56228564485374,21.98,60.0,-1.02,0.82,55.93981826895627
BBIO,2024-03-21,29.540000915527344,30.082000732421875,28.940000534057617,28.979999542236328,1469900.0,70.23762593824213,59.38690386436487,60.41434687998502,86.65249383674968,82.4587093946498,21.68,60.0,-1.03,0.85,56.62367989338525
BBIO,2024-03-22,29.0,29.809999465942383,28.51000022888184,29.57999992370605,1569100.0,70.37374645186894,59.34954112300967,60.33380194983994,86.59762512936481,82.3226113862121,21.39,60.0,-1.06,0.86,57.79601357429976
BBIO,2024-03-25,29.43000030517578,29.739999771118164,28.959999084472656,29.38999938964844,765700.0,68.86209427979719,58.42407946978659,59.98883115530681,86.59755118172346,82.15781397369273,21.08,57.0,-1.07,0.94,57.42477376788187
BBIO,2024-03-26,29.850000381469727,30.34000015258789,28.90999984741211,29.76000022888184,1956300.0,68.0904370303323,57.89290005795225,59.93700402320846,86.55640041589872,81.66863245900183,20.76,57.0,-1.07,0.96,58.14771405124872
BBIO,2024-03-27,30.489999771118164,31.229999542236328,29.6200008392334,30.86000061035156,1784900.0,67.16157280826543,58.1918964426068,60.094862431709664,86.6049953171556,81.62564133617313,20.43,60.0,-1.06,0.92,60.296991845134315
BBIO,2024-03-28,30.780000686645508,31.218000411987305,30.3700008392334,30.920000076293945,2004400.0,66.715194067543,58.191719726208646,60.07905450874345,86.5963602362967,81.49864250095968,20.08,60.0,-1.04,0.93,60.41422409520196
BBIO,2024-04-01,30.989999771118164,31.0,29.65999984741211,29.979999542236328,1100600.0,53.26058363737657,57.0190419190676,59.31818308257313,86.52596755275701,80.11197473035074,19.71,52.0,-1.04,1.05,58.57756811932743
BBIO,2024-04-02,29.8799991607666,29.8799991607666,28.59000015258789,28.799999237060547,1840600.0,52.47182124657904,57.34431730600653,59.42418288750543,86.48517483665283,80.18233520258026,19.32,53.0,-1.03,1.03,56.27197941643629
BBIO,2024-04-03,29.01000022888184,29.32999992370605,28.280000686645508,29.229999542236328,1605600.0,52.30059255014285,57.249201797296365,58.87503581072789,54.88988351231052,80.11141575085692,18.93,50.0,-1.04,1.15,57.11215194987079
BBIO,2024-04-04,29.46999931335449,29.64999961853028,28.11000061035156,28.14999961853028,1413900.0,51.453070072248806,57.264057033491966,59.17671339752131,55.03426957525856,80.21025257314398,18.52,52.0,-1.04,1.09,55.001952814923094
BBIO,2024-04-05,27.895000457763672,28.770000457763672,27.729999542236328,28.100000381469727,1210300.0,51.37954493412625,56.914943412754745,57.70589972945274,54.588649941564185,79.96101042346896,18.09,49.0,-1.04,1.23,54.90425989432439
BBIO,2024-04-08,28.38999938964844,28.729999542236328,27.86000061035156,28.270000457763672,1037300.0,51.23223448639156,56.929363886432746,57.712787947331215,54.59473279832662,79.95943407491723,17.65,50.0,-1.05,1.22,55.2364210418044
BBIO,2024-04-09,28.270000457763672,28.64999961853028,27.90999984741211,28.43000030517578,990300.0,50.49693985336211,56.92559087911879,57.669241877918,54.589054874814,79.95962536189997,17.18,49.0,-1.05,1.24,55.549042859815465
BBIO,2024-04-10,27.290000915527344,27.51000022888184,26.729999542236328,27.32999992370605,1628700.0,50.46159113144003,57.332128729497,56.95350679231046,54.69617061094901,79.97445683733592,16.68,49.0,-1.05,1.37,53.39976506592986
BBIO,2024-04-11,27.700000762939453,28.76000022888184,26.86000061035156,28.36000061035156,1602600.0,52.16865721480202,57.778220554626,57.26729532489841,54.83247748449125,80.02924719538515,16.16,50.0,-1.06,1.27,55.412271280278866
BBIO,2024-04-12,27.920000076293945,28.1299991607666,26.3700008392334,26.82999992370605,1888400.0,53.52575370438627,58.65026319966754,57.82624405099056,55.21110191233423,80.22607303121761,15.6,54.0,-1.06,1.17,52.42282095295877
BBIO,2024-04-15,26.68000030517578,26.700000762939453,25.700000762939453,25.770000457763672,1899100.0,52.09935436430938,58.88658216819719,58.11986167660875,55.399168511645314,80.28602004334864,15.04,55.0,-1.04,1.12,50.351700476948956
BBIO,2024-04-16,25.38999938964844,25.90999984741211,25.200000762939453,25.239999771118164,1039600.0,45.49072286676632,58.83834328294712,58.20209220250581,54.81510950557637,80.07332108026435,14.46,56.0,-1.02,1.11,49.31613837557103
BBIO,2024-04-17,25.540000915527344,25.65999984741211,24.799999237060547,24.979999542236328,1722800.0,38.54513181579479,58.133049262953485,58.009839608317634,54.77913213711923,80.06400802572087,13.83,55.0,-0.99,1.15,48.80812698961654
BBIO,2024-04-18,24.850000381469727,25.520000457763672,24.770000457763672,24.950000762939453,2225100.0,38.56655796539787,58.03338686036679,57.609598934653896,54.73007630891279,80.06242677052495,13.16,51.0,-0.97,1.26,48.74951272795574
BBIO,2024-04-19,24.8799991607666,25.354999542236328,24.270000457763672,24.739999771118164,2298700.0,37.89244436729295,57.91851267189893,57.615226181729575,54.1568349521616,79.50786896820298,12.43,52.0,-0.96,1.26,48.339194262599946
BBIO,2024-04-22,24.989999771118164,25.520000457763672,24.13500022888184,25.06999969482422,2123100.0,37.33517673351802,58.05718518345241,57.64773808337914,54.18207506414282,79.50353053910109,11.64,53.0,-0.97,1.25,48.98397722809102
BBIO,2024-04-23,25.07999992370605,26.26300048828125,25.07999992370605,25.459999084472656,1223600.0,37.78567931985883,58.22254550848434,57.49964818091772,54.13323877432445,79.42290245421621,10.77,51.0,-0.97,1.27,49.74599244364974
BBIO,2024-04-24,25.3700008392334,25.780000686645508,24.440000534057617,25.030000686645508,1540300.0,37.95078952924281,57.02555732727994,57.52464647764337,54.15733218041944,79.31737565484745,9.81,52.0,-0.97,1.27,48.90582363696127
BBIO,2024-04-25,24.420000076293945,24.5049991607666,23.68000030517578,24.32999992370605,1759600.0,38.36669956813252,56.58117418953994,57.66296339596235,54.01700009310536,79.28030118164179,8.72,56.0,-0.96,1.24,47.538100388103324
BBIO,2024-04-26,24.479999542236328,24.989999771118164,24.31999969482422,24.8799991607666,1049000.0,38.41679815843456,56.11056458406015,56.48168524729357,54.053173182155845,79.25778765144752,7.4,49.0,-0.99,1.41,48.61273742167312
BBIO,2024-04-29,25.1200008392334,25.63999938964844,25.01000022888184,25.46999931335449,1161600.0,39.069596258550206,56.195514603108286,56.368964385154165,54.05922987247524,79.28072798714219,5.77,49.0,-1.03,1.44,49.765531773118674
BBIO,2024-04-30,25.21999931335449,26.049999237060547,24.950000762939453,25.6200008392334,1589000.0,38.99835796682997,56.04566717198832,56.3672109852908,53.85279108104214,79.25440010727337,3.41,49.0,-1.06,1.44,50.05861798840684
BBIO,2024-05-01,25.850000381469727,28.200000762939453,25.82999992370605,27.030000686645508,2283500.0,41.71492348545815,57.29518834364132,56.89315337794173,54.20572498667753,79.40624383755816,3.36,51.0,-1.1,1.32,52.813600088845625
BBIO,2024-05-02,27.600000381469727,27.8700008392334,26.59000015258789,27.739999771118164,1201800.0,42.41201921929104,57.53351037386876,56.73892555314891,54.14339708506418,79.38565514840502,3.32,50.0,-1.13,1.36,54.20085894042648
BBIO,2024-05-03,28.450000762939453,28.780000686645508,27.170000076293945,27.82999992370605,1677300.0,42.24927326869819,57.54331636349308,56.52530704855969,54.08528362584123,79.33479214847307,3.26,49.0,-1.15,1.41,54.37670917890095
BBIO,2024-05-06,28.1299991607666,28.280000686645508,27.549999237060547,28.09000015258789,839500.0,41.86926106659425,57.4299286860708,56.51964432335379,53.802126381797,79.0503987990341,3.21,48.0,-1.18,1.41,54.884720564855435
BBIO,2024-05-07,27.770000457763672,28.09000015258789,27.15999984741211,27.790000915527344,941800.0,41.92977631304782,56.59134953708249,56.44413944905276,53.80110676166112,79.05529074184501,3.15,46.0,-1.2,1.45,54.298555587771205
BBIO,2024-05-08,27.38999938964844,27.90999984741211,27.200000762939453,27.700000762939453,732600.0,41.708411377439866,56.05667790333618,55.82598282184759,53.80023429099724,79.04410736559375,3.1,43.0,-1.21,1.62,54.12270534929673
BBIO,2024-05-09,27.670000076293945,28.7549991607666,27.3799991607666,28.729999542236328,969200.0,41.72568369670942,55.43453931166962,56.05592431619443,53.96407861036625,79.10214749525065,3.05,43.0,-1.21,1.55,56.1352078368997
BBIO,2024-05-10,28.920000076293945,29.15999984741211,27.895000457763672,29.100000381469727,1661100.0,41.9415015777796,55.261425203393614,54.04121208591248,53.97528359561048,79.10802656142593,3.04,29.0,-1.18,1.69,56.85814812026657
BBIO,2024-05-13,29.280000686645508,29.614999771118164,28.209999084472656,28.5,1874900.0,41.43935935885874,47.66845705465278,54.01319292472642,53.9897043997863,79.09468986617155,3.03,27.0,-1.15,1.69,55.68581443935206
BBIO,2024-05-14,29.200000762939453,29.334999084472656,28.36000061035156,28.950000762939453,1024700.0,40.072162863923175,46.81062291085421,53.54236056617941,53.61976395919491,78.91758256280596,3.02,17.0,-1.11,1.83,56.565065631724444
BBIO,2024-05-15,29.8700008392334,30.479999542236328,29.540000915527344,29.96999931335449,1442400.0,41.099261675452624,47.04305199676229,53.31274434693258,53.61882276395807,78.48324719045922,3.02,11.0,-1.07,1.86,58.558028789858476
BBIO,2024-05-16,30.270000457763672,31.155000686645508,29.950000762939453,31.040000915527344,2156900.0,40.58402684488958,46.5964237258083,53.57176476092778,53.26712652468476,78.35688914679908,3.01,19.0,-1.01,1.78,60.648692322083285
BBIO,2024-05-17,30.770000457763672,30.770000457763672,29.59000015258789,30.09000015258789,2247100.0,41.77143249328746,46.89018990393695,52.91737108377903,53.39274111042434,78.43068481583755,3.01,7.0,-0.97,1.94,58.792497016739794
BBIO,2024-05-20,30.049999237060547,30.32999992370605,29.46999931335449,29.520000457763672,1515900.0,42.20915972438309,46.9338328694738,52.81836918746024,53.40609895058788,78.45543130074104,3.01,5.0,-0.96,1.99,57.67878132423212
BBIO,2024-05-21,29.270000457763672,29.8799991607666,28.790000915527344,29.280000686645508,2419200.0,42.27936413411539,46.59231686727328,52.26395686878652,53.34891075751295,78.43308651877268,3.02,1.0,-1.11,2.17,57.209848597215526
BBIO,2024-05-22,29.200000762939453,29.5,28.799999237060547,29.270000457763672,992600.0,40.510995909544775,46.24840795428992,51.777078535465606,53.21580224909914,78.4329106931138,3.04,1.0,-1.15,2.32,57.19030926774658
BBIO,2024-05-23,29.40999984741211,29.513999938964844,27.489999771118164,27.76000022888184,1856300.0,42.1698885993741,47.3232791736135,52.1313302943774,53.580508134347696,78.62974953286611,3.06,2.0,-1.15,2.22,54.239937599364374
BBIO,2024-05-24,27.950000762939453,28.280000686645508,27.5,27.940000534057617,980400.0,38.874482632581895,46.98458715122055,52.148718193782,53.520605415950925,78.57177434653536,3.08,3.0,-1.15,2.22,54.59163807631332
BBIO,2024-05-28,28.299999237060547,28.479999542236328,27.299999237060547,27.81999969482422,1995900.0,36.870439408857656,46.006062453836,51.16964377364612,53.49510746753149,78.55927704530446,3.12,1.0,-1.11,2.46,54.357169849432005
BBIO,2024-05-29,27.299999237060547,27.809999465942383,27.13999938964844,27.61000061035156,2519000.0,36.33912482497536,41.80440805673955,51.05561308475267,53.499860661127066,78.55606369250219,3.16,1.0,-1.07,2.5,53.94685511082224
BBIO,2024-05-30,28.059999465942383,29.18000030517578,27.88999938964844,28.850000381469727,1543400.0,37.97586392787098,38.84844798731402,51.46129850119473,53.75383569819186,78.64234588612337,3.2,3.0,-1.01,2.36,56.36967606378103
BBIO,2024-05-31,29.0,29.59499931335449,27.770000457763672,28.01000022888184,1547900.0,39.23309997022629,39.29467335091806,51.4070347591186,53.85794180870592,78.70284401884906,3.23,3.0,-0.96,2.4,54.728409655849916
BBIO,2024-06-03,28.8799991607666,29.709999084472656,28.200000762939453,28.979999542236328,1577900.0,40.00037783787918,39.74781509268912,51.55009419223219,53.737392981147714,78.7456757622692,3.26,5.0,-0.94,2.35,56.62367989338525
BBIO,2024-06-04,31.31999969482422,31.434999465942383,26.790000915527344,27.1299991607666,4176200.0,44.91456790675189,41.38110058273261,52.489775394388985,54.26502324078849,79.03023197327668,3.27,10.0,-0.96,2.13,53.00898593004302
BBIO,2024-06-05,27.26000022888184,28.32999992370605,26.850000381469727,28.0,1567500.0,45.55278817902557,41.918848500316805,52.74452492181489,54.34327744401675,79.05563509718931,3.28,15.0,-0.94,2.03,54.70887032638097
BBIO,2024-06-06,27.809999465942383,27.950000762939453,26.78499984741211,27.1200008392334,1366200.0,46.32515151003276,42.38249030097171,52.91625702782561,54.44873584029649,78.59455015847716,3.28,18.0,-0.92,1.97,52.98945032732011
BBIO,2024-06-07,26.71999931335449,27.61000061035156,26.58699989318848,27.049999237060547,1150800.0,45.41787305195377,42.22359670043072,52.754265041420034,54.42227989257388,78.53882331115292,3.3,16.0,-0.87,2.02,52.85267502103748
BBIO,2024-06-10,26.75,28.21999931335449,26.530000686645508,27.82999992370605,1132200.0,45.66999588158042,42.202269112806526,52.93926965625164,54.42665274556581,78.56152208414342,3.3,21.0,-0.8,1.95,54.37670917890095
BBIO,2024-06-11,27.5,27.780000686645508,27.100000381469727,27.479999542236328,1484800.0,45.51473371737117,42.25616616112817,52.86138973297189,54.43220782284585,78.54969043647893,3.31,18.0,-0.73,1.98,53.69284755447198
BBIO,2024-06-12,28.68000030517578,29.165000915527344,27.790000915527344,28.68000030517578,1265600.0,46.98063342397169,43.1214448291503,53.24243375093788,54.65933206581547,78.64150476832671,3.31,23.0,-0.64,1.86,56.037514916301014
BBIO,2024-06-13,28.57999992370605,29.34000015258789,28.420000076293945,29.0,1334500.0,44.62070815995303,42.94586430514315,52.90207767522648,54.62737546329733,78.44972829049294,3.32,20.0,-0.59,1.97,56.66275855232315
BBIO,2024-06-14,28.43000030517578,28.549999237060547,27.46999931335449,27.86000061035156,1132000.0,45.67962776337839,43.71148551729501,53.1261351612621,54.82683496582445,78.56103481626275,3.31,23.0,-0.5,1.9,54.435327167307776
BBIO,2024-06-17,27.790000915527344,28.26000022888184,27.11000061035156,27.229999542236328,1498900.0,46.15035756229198,43.86912779788865,53.112355250845496,54.78410195284894,78.1193459199951,3.31,22.0,-0.4,1.91,53.20437549798643
BBIO,2024-06-18,27.26000022888184,27.76000022888184,26.229999542236328,27.61000061035156,1376200.0,46.255233369018015,43.75097303909489,53.17764306100562,54.70349443543818,78.04578922421801,3.3,23.0,-0.28,1.88,53.94685511082224
BBIO,2024-06-20,27.36000061035156,27.59000015258789,26.88999938964844,27.049999237060547,2204700.0,46.527037715198624,43.91798306459035,53.25268401205642,54.57913320846286,77.51273077345657,3.3,24.0,-0.16,1.86,52.85267502103748
BBIO,2024-06-21,26.989999771118164,27.46999931335449,26.5,27.36000061035156,3619000.0,46.656215206021336,43.90350155606091,52.58694006227928,54.59476644235556,77.50937405313498,3.3,11.0,-0.11,2.04,53.4583830543367
BBIO,2024-06-24,24.280000686645508,24.71999931335449,21.6200008392334,23.0,13647100.0,67.35368923454034,55.6937371103821,58.74038782251142,57.959178821367466,79.37889084826726,3.29,66.0,0.01,4.7,44.939429196670076
BBIO,2024-06-25,23.170000076293945,24.1299991607666,22.38999938964844,23.3799991607666,4171500.0,67.45527215489247,55.84798319526445,58.35212918892986,57.90974554371109,79.3293894472932,3.28,65.0,0.11,4.93,45.68190508275985
BBIO,2024-06-26,23.26000022888184,24.39999961853028,23.104999542236328,23.559999465942383,2677000.0,67.46400477997034,55.63344893645552,58.23978968592808,57.84283167166527,79.32174487193774,3.28,64.0,0.17,5.02,46.0336055597088
BBIO,2024-06-27,23.549999237060547,25.26000022888184,23.21999931335449,25.200000762939453,3082800.0,70.51795647508501,56.99363773991624,59.22097980909923,58.371559532203946,79.44411570444834,3.28,70.0,0.27,4.67,49.23798478444128
BBIO,2024-06-28,25.479999542236328,26.0,24.65999984741211,25.32999992370605,7407600.0,69.60375946842157,56.90446793391472,59.22865198874194,58.21983525494691,78.82530328264073,3.28,70.0,0.37,4.68,49.4919886140455
BBIO,2024-07-01,25.5,26.100000381469727,24.989999771118164,25.200000762939453,1582700.0,68.5285723501235,56.43212583372619,59.184848203242346,58.22032824622083,78.60031882918777,3.27,68.0,0.49,4.69,49.23798478444128
BBIO,2024-07-02,25.200000762939453,25.709999084472656,24.89999961853028,24.90999984741211,1905300.0,68.16378461413812,56.4673327674268,59.19650091207564,57.536479003683006,78.60386042986636,3.27,68.0,0.61,4.68,48.671355410079954
BBIO,2024-07-03,25.020000457763672,25.479999542236328,24.709999084472656,25.0,1017500.0,68.11042624462596,56.45477053783069,59.10731816774361,57.174169240619776,78.60082240380946,3.26,64.0,0.71,4.75,48.84720564855443
BBIO,2024-07-05,24.82999992370605,25.93000030517578,24.600000381469727,25.76000022888184,1075600.0,68.87419835659733,56.81477603099978,58.849652542485885,57.2804200605862,78.64978049541574,3.25,62.0,0.89,4.85,50.332161147480015
BBIO,2024-07-08,26.1299991607666,26.790000915527344,25.549999237060547,26.13999938964844,1341200.0,69.08507600653193,56.35676368284257,58.62583748500041,57.17225410624269,78.60300085456564,3.24,59.0,1.12,4.95,51.07463703356979
BBIO,2024-07-09,26.239999771118164,26.290000915527344,25.450000762939453,25.700000762939453,1232200.0,67.63009190791689,55.8967179591382,57.95405742561193,57.12159015242963,78.62096989677619,3.24,53.0,1.31,5.3,50.21492889741237
BBIO,2024-07-10,25.850000381469727,26.57999992370605,25.21999931335449,26.549999237060547,1115600.0,68.35115539331102,55.18262893205198,58.07500550056378,56.8728617540818,78.63937945918256,3.23,54.0,1.58,5.24,51.875730908066394
BBIO,2024-07-11,27.65999984741211,27.729999542236328,26.73500061035156,26.88999938964844,1469900.0,68.47287714123922,54.60244747798016,53.96506269058373,56.88850042471305,78.61063142288383,3.25,28.0,1.13,5.31,52.540053203026424
BBIO,2024-07-12,27.270000457763672,27.989999771118164,26.46999931335449,27.1200008392334,1628800.0,68.50014014922256,54.43982744367296,53.42079825210371,56.87178154654033,78.60483235663949,3.26,26.0,1.06,5.72,52.98945032732011
BBIO,2024-07-15,27.200000762939453,28.18000030517578,26.86000061035156,27.84000015258789,1406600.0,67.6865397761855,54.62370638313736,53.38427908733563,56.817549777233054,78.5215039051407,3.27,26.0,1.16,5.86,54.39624850836991
BBIO,2024-07-16,28.239999771118164,29.32999992370605,27.96999931335449,29.25,1734500.0,68.67276645178183,55.48252659417293,53.44270498150346,57.021980322295406,78.51017049558672,3.27,28.0,1.38,6.03,57.15123060880869
BBIO,2024-07-17,28.40999984741211,29.489999771118164,27.450000762939453,27.989999771118164,1768800.0,69.17838337569108,56.26032511994368,53.81593761796615,57.19242605364256,54.70472779493548,3.27,31.0,1.66,5.75,54.68933099691202
BBIO,2024-07-18,27.959999084472656,28.09000015258789,25.600000381469727,25.93000030517578,2206200.0,70.09224191626186,58.45829164105697,55.05592532527771,57.83428448639126,55.206389943796495,3.25,35.0,1.94,5.05,50.664322294960016
BBIO,2024-07-19,26.100000381469727,26.59000015258789,25.8700008392334,26.190000534057617,1021000.0,69.48373006196562,58.40964481983279,54.91147718636602,57.62444829321103,54.90062803909065,3.25,35.0,2.16,5.1,51.17233368091452
BBIO,2024-07-22,26.540000915527344,26.850000381469727,25.881999969482425,26.670000076293945,1236300.0,69.13874344988767,58.40448895665503,54.8419827464645,57.613168162156455,54.93404356269319,3.24,35.0,2.03,5.13,52.11019913494771
BBIO,2024-07-23,26.229999542236328,27.93000030517578,26.200000762939453,27.489999771118164,1229000.0,69.70890425004991,58.37928644303878,55.07238940690523,57.65942048024269,55.014726113564,3.23,38.0,1.79,5.08,53.71238688394093
BBIO,2024-07-24,27.170000076293945,27.61000061035156,26.31999969482422,26.36000061035156,941500.0,70.24551054362998,58.90915254346945,55.21943000068168,57.86210227973127,55.10918014827608,3.22,39.0,1.75,4.98,51.50449482839452
BBIO,2024-07-25,26.43000030517578,27.34000015258789,26.200000762939453,26.700000762939453,1085100.0,70.2916331478909,58.77614834257735,54.80350600335423,57.30409944557601,55.09153453800748,3.21,35.0,-0.17,5.15,52.16881712335455
BBIO,2024-07-26,27.39999961853028,27.84000015258789,26.61000061035156,27.049999237060547,885900.0,69.2054210320907,58.82083443626694,52.76480518941519,57.190305776530415,55.107240068593065,3.19,14.0,-0.36,6.05,52.85267502103748
BBIO,2024-07-29,27.07999992370605,27.1200008392334,26.020000457763672,26.270000457763672,819800.0,69.53192393963265,58.09807967296646,51.07695311941007,56.94474515968893,55.17548260431432,3.17,2.0,-0.35,6.88,51.328644589920046
BBIO,2024-07-30,26.3700008392334,26.59000015258789,25.81999969482422,25.940000534057617,1467900.0,68.7194468943846,57.88673266856315,51.10569409595639,56.96243813483317,54.74283147029213,3.14,3.0,-0.36,6.84,50.68386162442897
BBIO,2024-07-31,26.06999969482422,27.270000457763672,25.700000762939453,25.950000762939453,1413300.0,68.44683030718149,57.880511806364,51.00810297301622,56.130307364017305,54.71282845844979,3.13,1.0,-0.35,6.88,50.70340095389791
BBIO,2024-08-01,25.920000076293945,26.375,25.309999465942383,26.18000030517578,1568900.0,68.36349395779432,57.8769259013975,50.75505989195719,56.140330271869296,54.68434201100839,3.13,1.0,-0.35,7.16,51.152794351445564
BBIO,2024-08-02,24.44099998474121,26.479999542236328,24.21999931335449,26.18000030517578,1415600.0,68.13352862157936,57.842965580375946,50.75528058477047,56.10976102495685,54.26328207807295,3.12,2.0,-0.35,7.16,51.152794351445564
BBIO,2024-08-05,24.14999961853028,25.75,24.1200008392334,25.5,1782200.0,68.40918991590783,58.07410793950376,50.901500977055605,55.58749050400661,54.32176607729019,3.11,3.0,-0.38,7.01,49.82414976152552
BBIO,2024-08-06,25.729999542236328,25.729999542236328,24.7450008392334,24.8700008392334,1695100.0,45.961110065983824,57.72742520877653,50.96719130167817,55.66058553749962,54.313348395555096,3.1,4.0,-0.45,6.95,48.593201818950206
BBIO,2024-08-07,25.450000762939453,25.450000762939453,23.920000076293945,23.920000076293945,1523600.0,47.29789988430457,58.11812394196908,51.12175507111094,55.78350326138472,54.44008181179419,3.09,9.0,-0.51,6.82,46.73700651360672
BBIO,2024-08-08,24.01000022888184,24.93000030517578,23.81999969482422,24.479999542236328,1029300.0,47.705090901199405,58.24900455062053,51.25009329887335,55.830815713590376,54.32983163254262,3.07,11.0,-0.57,6.76,47.83118287664545
BBIO,2024-08-09,24.440000534057617,24.71999931335449,24.049999237060547,24.43000030517578,777000.0,43.40615151467176,58.12559832805195,51.22405096388892,55.83090136232332,54.30195357269048,3.06,11.0,-0.63,6.76,47.73348995604676
BBIO,2024-08-12,24.43000030517578,24.459999084472656,23.850000381469727,24.059999465942383,864300.0,43.556367995504274,57.64973745959602,51.13355939089072,55.73255012228401,54.26904835987239,3.04,10.0,-0.67,6.75,47.01054967267989
BBIO,2024-08-13,24.15999984741211,24.32999992370605,23.709999084472656,23.90999984741211,1536400.0,43.56513900268919,57.08291944766268,51.119602988741605,55.51051127427613,54.11958590163229,3.02,9.0,-0.7,6.73,46.71746718413778
BBIO,2024-08-14,23.90999984741211,24.59000015258789,23.39999961853028,24.25,1862500.0,43.69797970663532,56.930205039405145,51.13423616393477,55.53814207659374,54.11604357199463,3.0,12.0,-0.72,6.73,47.381789479097804
BBIO,2024-08-15,24.84000015258789,25.190000534057617,24.229999542236328,24.959999084472656,984000.0,44.52897798183964,57.219726327289365,51.2441182253649,55.64301012918935,54.08951129102661,2.98,15.0,-0.71,6.66,48.76904833067865
BBIO,2024-08-16,24.82999992370605,25.059999465942383,24.31999969482422,24.39999961853028,1073200.0,44.05822843294802,57.355228071604905,51.3472228973206,55.57758152313701,54.09264668301256,2.96,17.0,-0.71,6.56,47.67487196763993
BBIO,2024-08-19,24.299999237060547,25.299999237060547,23.82999992370605,25.170000076293945,1382000.0,44.8414614059068,57.77801774257247,51.56350913382624,55.68760401358642,53.97968583275866,2.94,21.0,-0.68,6.44,49.179366796034444
BBIO,2024-08-20,24.89999961853028,25.850000381469727,24.89999961853028,25.65999984741211,999600.0,44.96835540793632,56.9750463985637,51.31471564442956,55.72747171461724,54.00402491249457,2.91,17.0,-0.71,6.58,50.136771579536585
BBIO,2024-08-21,25.600000381469727,26.0,24.82999992370605,25.559999465942383,1519100.0,43.901012278468784,56.954238181230885,51.31212456137798,55.001099982470414,54.00383604708349,2.88,17.0,-0.77,6.57,49.94138201159316
BBIO,2024-08-22,25.75,25.799999237060547,24.850000381469727,24.88999938964844,752300.0,44.28792621465512,57.18352916315088,51.25471321799464,54.94359547655914,54.06008291156328,2.86,17.0,-0.77,6.62,48.632276751142065
BBIO,2024-08-23,25.049999237060547,25.670000076293945,24.6299991607666,25.309999465942383,911700.0,44.530124496995626,57.2965503327486,50.96758058495625,54.97399113899324,54.07965496562412,2.84,5.0,-0.75,6.93,49.452909955107614
BBIO,2024-08-26,25.559999465942383,26.26000022888184,25.334999084472656,25.89999961853028,820200.0,44.3635100678169,56.74718202121583,51.05040017974963,54.95923719777789,54.10193082696813,2.83,7.0,-0.7,6.88,50.6057043065532
BBIO,2024-08-27,25.88999938964844,26.170000076293945,24.82999992370605,24.979999542236328,1192500.0,42.57537960679236,56.90143809357329,51.02403083380632,54.93058801776536,53.92955100013012,2.81,7.0,-0.7,6.91,48.80812698961654
BBIO,2024-08-28,24.96999931335449,25.309999465942383,24.780000686645508,24.89999961853028,1507600.0,40.95817026770112,56.40611281138922,51.024951674627296,54.80442267569521,53.822460989396326,2.81,8.0,-0.7,6.9,48.65181608061102
BBIO,2024-08-29,25.100000381469727,25.57999992370605,24.520000457763672,24.6200008392334,2003300.0,34.82391657651202,54.87196643839513,51.0365661353231,54.79834553700596,53.458746448109565,2.81,9.0,-0.69,6.86,48.10472976246466
BBIO,2024-08-30,26.0,28.26000022888184,25.850000381469727,27.850000381469727,9112100.0,50.21372552259115,60.20078932449528,54.73111652443499,56.70754691688976,54.87972623367594,2.79,60.0,-0.67,6.32,54.41578783783885
BBIO,2024-09-03,28.299999237060547,30.950000762939453,27.799999237060547,28.739999771118164,6265900.0,50.729653034709486,60.17034352697274,54.59406897433182,56.5135318616245,54.94825236336423,2.77,60.0,-0.71,6.48,56.154747166368644
BBIO,2024-09-04,28.96999931335449,30.770000457763672,28.690000534057617,30.670000076293945,3404700.0,53.31387657706954,61.577447744205394,55.24751254863409,56.99917553995351,55.2888616153702,2.76,68.0,-0.64,6.18,59.92575203871642
BBIO,2024-09-05,30.959999084472656,32.060001373291016,30.459999084472656,31.299999237060547,3502300.0,51.714982408558896,61.45180851900229,54.589715675839614,55.977042550104215,55.23290516679358,2.73,60.0,-0.53,6.64,61.15669998129174
BBIO,2024-09-06,31.3799991607666,32.04999923706055,29.71999931335449,30.700000762939453,2202200.0,52.17026272610558,61.535138636224005,54.28127946099116,55.953728571106254,55.26570036951486,2.7,60.0,-0.56,6.86,59.984370027123255
BBIO,2024-09-09,30.809999465942383,31.13999938964844,30.020000457763672,30.700000762939453,1757100.0,52.12522234109323,60.94249492274457,54.16182114314872,55.67963049514715,55.21830304498895,2.67,60.0,-0.59,6.97,59.984370027123255
BBIO,2024-09-10,30.850000381469727,30.8700008392334,29.600000381469727,29.989999771118164,1421300.0,51.82494242532313,61.11145081858578,54.276764860045375,55.42269261765108,55.24885713551537,2.64,61.0,-0.64,6.88,58.59710744879637
BBIO,2024-09-11,29.1299991607666,29.520000457763672,27.88999938964844,27.989999771118164,2737400.0,55.85605707810301,62.21054131497327,55.42849578323307,55.96139413738596,55.67928527736797,2.62,73.0,-0.64,6.18,54.68933099691202
BBIO,2024-09-12,27.809999465942383,28.1299991607666,26.920000076293945,26.950000762939453,2032500.0,57.07086991139655,62.52184278631632,55.753874760098434,55.6847272675331,55.80729189162184,2.6,74.0,-0.61,5.95,52.65728917984009
BBIO,2024-09-13,27.11000061035156,27.315000534057617,25.920000076293945,26.18000030517578,4583900.0,57.684283092474885,62.72742510070014,55.91779627771021,55.69529220954082,55.87489976800232,2.58,76.0,-0.59,5.8,51.152794351445564
BBIO,2024-09-16,26.06999969482422,26.940000534057617,25.920000076293945,26.190000534057617,2226300.0,57.68438928797425,62.594507407662256,55.866022165219896,55.4166278697517,55.68463413761767,2.56,76.0,-0.57,5.82,51.17233368091452
BBIO,2024-09-17,26.950000762939453,27.68000030517578,26.25,26.729999542236328,3946300.0,57.42012521522437,62.69508286548275,55.88679404152445,55.216654747686825,55.699869429556735,2.55,77.0,-0.54,5.85,52.22743138501536
BBIO,2024-09-18,26.440000534057617,26.834999084472656,25.799999237060547,25.959999084472656,1657500.0,57.60234974065559,51.672933765697024,55.89839121126743,55.17261768617345,55.738555021147576,2.53,78.0,-0.5,5.84,50.72293655662082
BBIO,2024-09-19,26.459999084472656,27.440000534057617,26.21999931335449,26.82999992370605,2050100.0,56.989405855396456,51.98058587187076,56.02848109393887,55.32924171719324,55.82081064553562,2.52,80.0,-0.47,5.77,52.42282095295877
BBIO,2024-09-20,26.82999992370605,27.030000686645508,26.14999961853028,26.739999771118164,2331900.0,56.72591285200933,51.981015668625474,55.91370717628262,54.8004230814954,55.8027898803522,2.52,79.0,-0.45,5.82,52.2469707144843
BBIO,2024-09-23,26.600000381469727,26.725000381469727,25.34000015258789,25.39999961853028,1740400.0,58.86713649321968,51.3114780070766,56.509542958766026,55.0462239754856,55.97002654269687,2.52,84.0,-0.45,5.44,49.62876019358211
BBIO,2024-09-24,25.46999931335449,25.684999465942383,23.86000061035156,24.86000061035156,4031300.0,59.04676649058169,51.4903406341295,55.94872579082908,55.02713806777065,55.99869382023503,2.51,81.0,-0.49,5.65,48.57366248948125
BBIO,2024-09-25,24.790000915527344,24.989999771118164,24.229999542236328,24.51000022888184,1334300.0,59.17695126476072,51.55979282916232,55.8224597863324,54.93031350335023,56.01184062364906,2.5,75.0,-0.52,5.69,47.889800865052294
BBIO,2024-09-26,24.729999542236328,24.8799991607666,24.170000076293945,24.479999542236328,1969400.0,59.04437735024294,51.50812443454827,55.81784414674148,54.83107459721389,55.98196695657952,2.49,75.0,-0.54,5.69,47.83118287664545
BBIO,2024-09-27,24.93000030517578,25.440000534057617,24.43000030517578,24.940000534057617,1836700.0,58.68769373334474,51.64829067745566,55.88236566258159,54.88296529512466,56.00701046177695,2.49,79.0,-0.54,5.66,48.72997339848679
BBIO,2024-09-30,24.790000915527344,26.14999961853028,24.790000915527344,25.459999084472656,1594600.0,58.57703558901102,51.452260015504606,55.96778096914123,54.92397806023488,55.9665154894632,2.48,85.0,-0.53,5.64,49.74599244364974
BBIO,2024-10-01,25.440000534057617,25.790000915527344,24.43000030517578,24.799999237060547,2014500.0,58.41176097915479,51.631065904174974,56.11170303844356,54.98146081465416,55.9560748559832,2.49,87.0,-0.54,5.53,48.45642651266758
BBIO,2024-10-02,24.65999984741211,25.34000015258789,24.290000915527344,25.07999992370605,1661300.0,58.22117551960857,51.57895931870776,55.82308026335439,54.91166157598217,55.845178122287805,2.48,77.0,-0.5,5.67,49.003516557559955
BBIO,2024-10-03,24.780000686645508,25.795000076293945,24.299999237060547,25.6299991607666,2359400.0,58.5727263912885,51.33035697220488,55.89831634027449,54.95222020892167,55.88744571745932,2.49,80.0,-0.43,5.63,50.07815359112975
BBIO,2024-10-04,25.809999465942383,26.049999237060547,25.1200008392334,25.229999542236328,1428600.0,58.22750032939996,51.34639856431242,55.85870030553029,54.926859967373765,55.615901663094455,2.5,76.0,-0.39,5.66,49.29659904610209
BBIO,2024-10-07,25.09000015258789,25.540000915527344,24.690000534057617,24.84000015258789,1305400.0,58.19548390483936,51.391835456660765,55.838496344082536,54.88429427873647,55.57813696861225,2.51,75.0,-0.32,5.65,48.53458383054337
BBIO,2024-10-08,24.770000457763672,25.13999938964844,24.559999465942383,24.729999542236328,1337400.0,57.76774473632575,51.06993713819388,55.53814408978901,54.681630547825975,55.52577778498855,2.51,70.0,-0.24,5.79,48.319654933131
BBIO,2024-10-09,24.68000030517578,24.875,23.325000762939453,23.3799991607666,2636000.0,59.08278900544748,51.11505881752705,55.87784005224976,54.99055624127098,55.79010957859648,2.52,77.0,-0.25,5.54,45.68190508275985
BBIO,2024-10-10,23.100000381469727,25.049999237060547,22.75,24.959999084472656,2341700.0,62.24270653376253,52.33508231277531,56.72865633184754,55.51338137102505,56.06136100358546,2.53,88.0,-0.16,5.24,48.76904833067865
BBIO,2024-10-11,24.959999084472656,25.90999984741211,24.60400009155273,25.89999961853028,1659600.0,63.04265447339835,50.567431401169706,56.992586084982655,55.7042121997071,56.18312185989544,2.55,88.0,-0.04,5.15,50.6057043065532
BBIO,2024-10-14,25.690000534057617,26.459999084472656,25.684999465942383,25.780000686645508,1743200.0,51.43826436779736,50.5327453342808,56.9845486865754,55.70480873149887,55.6664230439103,2.56,87.0,0.09,5.16,50.3712398064179
BBIO,2024-10-15,25.799999237060547,26.239999771118164,25.15999984741211,25.3799991607666,2295500.0,50.53376601441857,50.481105601756205,57.02989951331784,55.364821741172186,55.42179563316635,2.56,88.0,0.23,5.12,49.5896815346442
BBIO,2024-10-16,25.6200008392334,26.780000686645508,25.6200008392334,26.34000015258789,1837700.0,47.79161835448641,50.68035185594128,56.74996547255999,55.29759702903804,55.54281235254535,2.57,85.0,0.29,5.33,51.46541616945663
BBIO,2024-10-17,26.01000022888184,26.40999984741211,25.86000061035156,26.190000534057617,998600.0,47.180710194132814,49.95907161843576,56.74471184646608,54.98645643175397,55.44701624569577,2.57,84.0,0.37,5.32,51.17233368091452
BBIO,2024-10-18,26.209999084472656,26.65999984741211,25.88500022888184,26.020000457763672,1052600.0,47.009935915258296,49.90251442133973,56.749416672104914,54.8924316735024,55.3874857794645,2.56,84.0,0.45,5.31,50.840172533434504
BBIO,2024-10-21,25.709999084472656,26.100000381469727,25.020000457763672,25.15999984741211,1377700.0,47.67200033790776,50.27926640147541,56.980086436103605,54.97635974862816,55.2135464242168,2.56,85.0,0.51,5.16,49.159827466565496
BBIO,2024-10-22,25.020000457763672,25.209999084472656,24.76000022888184,24.940000534057617,848300.0,47.41284775120104,49.96544972611876,56.53640289833833,54.97722459925972,55.21879789333086,2.55,80.0,0.66,5.35,48.72997339848679
BBIO,2024-10-23,24.93000030517578,25.190000534057617,24.200000762939453,24.450000762939453,1039000.0,43.747010381461216,50.05964509149676,56.43454795170173,54.99656948073818,55.2380200691258,2.54,78.0,0.74,5.42,47.77256861498465
BBIO,2024-10-24,24.559999465942383,24.809999465942383,24.1200008392334,24.170000076293945,1675600.0,42.65412240120241,50.10513654371434,56.1698452688639,55.00462793252591,55.146533721624216,2.53,77.0,0.89,5.53,47.225478570092264
BBIO,2024-10-25,24.170000076293945,24.89999961853028,23.76000022888184,23.84000015258789,1272500.0,42.09178873390258,50.12608917453392,55.25601951709951,54.95829229281875,55.10311250108645,2.52,56.0,0.88,6.03,46.58069560460119
BBIO,2024-10-28,24.06999969482422,24.850000381469727,23.915000915527344,24.440000534057617,1723100.0,42.85946861057013,50.41713399395798,55.16467002094875,54.770627483520606,55.09845684830728,2.52,53.0,0.98,6.08,47.7530292855157
BBIO,2024-10-29,24.170000076293945,24.68000030517578,24.1200008392334,24.5,1132400.0,42.34541553302108,50.1476788025614,54.949220665237966,54.609533165215886,55.04019135677565,2.51,50.0,1.01,6.25,47.87026153558334
BBIO,2024-10-30,24.229999542236328,24.674999237060547,23.77499961853028,23.790000915527344,1098500.0,42.35506730393236,50.24673418054631,55.13338195984075,54.2699341405964,54.94977285885043,2.5,52.0,1.01,6.11,46.48300268400249
BBIO,2024-10-31,23.799999237060547,24.530000686645508,23.38999938964844,23.40999984741211,1316600.0,41.11293891761699,49.72013197846895,54.97547675272602,54.21077621438005,54.93248397929506,2.5,49.0,1.06,6.17,45.74052307116669
BBIO,2024-11-01,23.51000022888184,25.63999938964844,23.350000381469727,25.479999542236328,1979600.0,48.58245028097251,52.48854493596973,56.63153933166246,52.82603883084116,55.53957832376247,2.5,80.0,1.17,5.56,49.78507110258763
BBIO,2024-11-04,25.0,25.809999465942383,24.38999938964844,25.200000762939453,1256000.0,46.34384839568245,52.5408357840783,56.22216561778976,52.49430319847862,55.540589106437885,2.5,76.0,1.4,5.75,49.23798478444128
BBIO,2024-11-05,25.01000022888184,25.549999237060547,24.459999084472656,25.520000457763672,1178300.0,46.0396973941098,52.49387939460773,56.23122543155108,52.3820873506497,55.12497311436301,2.5,76.0,1.69,5.74,49.863228420463415
BBIO,2024-11-06,26.3799991607666,26.600000381469727,25.520000457763672,25.61000061035156,1974600.0,45.82212199566706,52.47454977889354,55.8899076698005,52.05792324901493,55.02654260137789,2.5,65.0,1.87,5.97,50.03907865893788
BBIO,2024-11-07,25.56999969482422,26.14999961853028,25.34000015258789,25.8799991607666,1250400.0,45.88810295885127,52.44145799766008,55.80601698269626,52.046995148325855,54.77897830534011,2.49,55.0,1.98,6.05,50.5666256476153
BBIO,2024-11-08,25.799999237060547,27.270000457763672,25.56999969482422,27.09000015258789,1733100.0,47.39399700085954,52.93351141300321,56.24177149608276,52.322134494197726,54.973440491327295,2.49,76.0,2.04,5.83,52.93083233891327
BBIO,2024-11-11,27.51000022888184,27.56999969482422,26.07999992370605,26.1200008392334,2012300.0,48.40074952785098,53.2749806090713,56.44531040706519,52.39126459496818,54.47712513622586,2.49,77.0,2.12,5.7,51.03556210137793
BBIO,2024-11-12,26.15999984741211,26.6200008392334,24.09000015258789,24.6200008392334,2425200.0,50.87609767022121,54.30787953737215,57.17761659339219,52.73908530163954,54.79549293863207,2.49,88.0,2.25,5.28,48.10472976246466
BBIO,2024-11-13,24.920000076293945,26.0,24.65999984741211,24.790000915527344,1834300.0,50.806503334695286,54.17555810469301,50.04871719492903,52.735281527693054,54.77754040424645,2.51,1.0,2.38,1.8,48.43689090994467
BBIO,2024-11-14,24.790000915527344,25.790000915527344,24.0,24.11000061035156,1925500.0,50.96270932861472,54.45916545852759,50.18884050503251,52.69721273084684,54.402646942988056,2.53,2.0,2.44,1.79,47.10824632002462
BBIO,2024-11-15,24.299999237060547,24.299999237060547,22.920000076293945,23.71999931335449,2781600.0,50.97648673696828,54.29366338977868,50.24361890094946,52.45886588554165,54.42429821854219,2.54,3.0,2.45,1.79,46.34622737771987
BBIO,2024-11-18,23.31999969482422,24.25,22.100000381469727,22.350000381469727,3183900.0,53.51431951136208,55.47658857589536,49.95586873052598,51.70224782756296,54.69651084812771,2.54,1.0,2.28,1.91,43.66940259515687
BBIO,2024-11-19,22.26499938964844,22.940000534057617,21.71999931335449,22.540000915527344,2148600.0,53.62565899830412,55.27476796471041,49.96938061153082,50.67079272630826,54.6856182219317,2.53,2.0,2.12,1.9,44.04064240157478
BBIO,2024-11-20,22.420000076293945,23.15999984741211,22.049999237060547,23.040000915527344,1395900.0,51.65259157953099,55.03709235311312,50.09930887043945,50.74482640890536,54.73382420333222,2.53,4.0,2.0,1.83,45.01758651454586
BBIO,2024-11-21,23.040000915527344,23.6299991607666,22.81999969482422,23.239999771118164,2069400.0,47.840769974800246,55.07355781010335,50.09241781185349,50.70387372864846,54.65128939568622,2.51,4.0,1.9,1.82,45.40836192368668
BBIO,2024-11-22,23.1299991607666,23.64999961853028,22.46999931335449,23.420000076293945,2088400.0,46.48198584907407,55.06167589645463,50.10564199905644,50.56110162322941,54.49558556694591,2.5,6.0,1.81,1.81,45.76006240063563
BBIO,2024-11-25,28.809999465942383,30.51000022888184,26.86000061035156,27.190000534057617,14615100.0,64.15398062158775,57.75493482084308,55.27360154045178,53.6029881903044,56.52613998245028,2.46,57.0,1.71,3.59,53.126221906856685
BBIO,2024-11-26,26.93000030517578,27.87700080871582,25.520000457763672,26.440000534057617,4317100.0,64.54328146912526,57.638889432962245,55.41062873690407,53.69447691198309,56.588628925305294,2.42,58.0,1.69,3.58,51.66080573740006
BBIO,2024-11-27,26.530000686645508,28.200000762939453,26.25,27.489999771118164,2491800.0,64.63285427077658,56.59517197006549,55.68202040384388,53.85199021840783,56.63417452311431,2.39,61.0,1.56,3.4,53.71238688394093
BBIO,2024-11-29,27.84000015258789,28.040000915527344,27.07999992370605,27.09000015258789,1120500.0,64.7705490351121,56.46420723586844,55.49825731395986,53.7663034441119,56.63837924464124,2.36,60.0,1.52,3.54,52.93083233891327
BBIO,2024-12-02,26.86000061035156,27.170000076293945,26.14999961853028,26.600000381469727,1347100.0,64.97992421619682,56.450530001164736,55.53817974259173,53.801405608453166,56.6604788611807,2.37,61.0,1.54,3.56,51.97342755541112
BBIO,2024-12-03,26.420000076293945,27.07999992370605,26.31999969482422,26.57999992370605,1777800.0,64.16349880925098,56.44938073067456,55.5210257279159,53.79023579670958,56.1564655041744,2.37,59.0,1.59,3.58,51.934348896473224
BBIO,2024-12-04,26.420000076293945,27.799999237060547,26.299999237060547,27.100000381469727,1652900.0,64.27767126576427,56.45045782487805,55.44890862551717,53.77555413842735,56.0981468481668,2.37,57.0,1.67,3.62,52.95037166838221
BBIO,2024-12-05,26.86000061035156,27.22800064086914,26.36000061035156,26.65999984741211,1155400.0,64.17930659591774,54.7747365935072,54.92964764609975,53.80216345930886,56.11120169061348,2.37,44.0,1.93,3.92,52.090659805478765
BBIO,2024-12-06,26.959999084472656,29.299999237060547,26.549999237060547,28.790000915527344,2922700.0,67.48268162655187,56.479752184349216,55.85952460888242,54.55422184612505,56.58572095100228,2.38,69.0,1.84,3.52,56.252443813713384
BBIO,2024-12-09,28.63999938964844,29.540000915527344,28.36000061035156,29.5,1600400.0,67.42581631580022,56.32388522561893,54.61320575519806,54.576638564590354,56.520022519604176,2.38,39.0,1.53,3.73,57.63970266529424
BBIO,2024-12-10,29.65999984741211,29.989999771118164,28.61000061035156,29.040000915527344,1556700.0,67.52271622153717,56.44001533324467,54.66145566596803,54.603035262947465,56.44685767045768,2.38,40.0,1.29,3.75,56.740915870198926
BBIO,2024-12-11,29.309999465942383,29.70499992370605,28.940000534057617,28.979999542236328,1251300.0,67.55459448840821,56.30997831528922,54.59438811854673,54.5830031315377,56.43656581317384,2.38,39.0,1.09,3.81,56.62367989338525
BBIO,2024-12-12,28.729999542236328,29.170000076293945,27.450000762939453,27.670000076293945,1851600.0,68.48341215999709,56.81079272158072,54.89458183394914,54.680942120443255,56.58835767632261,2.38,44.0,1.07,3.81,54.06408736088989
BBIO,2024-12-13,27.68000030517578,28.280000686645508,27.0,27.489999771118164,1482600.0,68.28251810619994,56.43891133239292,54.49049718586192,54.68456663276518,56.36030700768381,2.37,37.0,0.99,3.93,53.71238688394093
BBIO,2024-12-16,27.690000534057617,28.18000030517578,27.420000076293945,27.709999084472656,1869100.0,64.01987810754211,56.45439609497305,54.46786517586602,54.57540130495193,56.32828982824011,2.37,37.0,0.91,3.95,54.14224095201964
BBIO,2024-12-17,27.43000030517578,27.975000381469727,27.170000076293945,27.81999969482422,1526300.0,63.88544351934959,55.40653625738899,54.4332706537628,54.37266189262076,55.551339855936966,2.37,36.0,0.85,3.99,54.357169849432005
BBIO,2024-12-18,27.8799991607666,28.14999961853028,25.51000022888184,25.979999542236328,2746800.0,67.0955537621111,57.04970548817595,55.32221081252149,54.93834208697612,55.90987101777175,2.35,53.0,0.86,3.75,50.76201521555872
BBIO,2024-12-19,26.07999992370605,26.604999542236328,25.34000015258789,26.209999084472656,2465200.0,67.13313681097279,56.98755369907843,55.30335231309025,54.77269965699102,55.72190920511727,2.33,52.0,0.85,3.73,51.21140861310637
BBIO,2024-12-20,26.040000915527344,26.89999961853028,26.020000457763672,26.489999771118164,4196300.0,67.13489434459068,57.01849441586037,55.328569511932976,54.78795799908461,55.510122644821045,2.31,53.0,0.83,3.7,51.75849865799875
BBIO,2024-12-23,26.75,27.790000915527344,26.549999237060547,27.770000457763672,1475400.0,67.22314107751873,57.68557514771996,55.81374332839263,55.07090851179429,55.697943272569205,2.29,63.0,0.73,3.45,54.259476928833315
BBIO,2024-12-24,27.76000022888184,28.584999084472656,27.559999465942383,28.530000686645508,939000.0,66.67819408249535,57.78902658082291,55.97083288471596,55.160161413934894,55.46418464435583,2.27,80.0,0.58,3.35,55.744432427758895
BBIO,2024-12-26,28.18000030517578,28.84000015258789,27.780000686645508,28.38999938964844,1025100.0,64.0928938936388,57.50961914586339,55.8092043308873,54.96317679063527,55.41353868000386,2.25,61.0,0.44,3.39,55.47088554193969
BBIO,2024-12-27,28.170000076293945,28.81999969482422,27.600000381469727,27.989999771118164,1250900.0,64.32251804871989,57.57607793830874,55.70674320813475,54.81439207737645,55.23640038083328,2.22,58.0,0.34,3.42,54.68933099691202
BBIO,2024-12-30,27.89999961853028,27.989999771118164,27.229999542236328,27.31999969482422,1086800.0,64.17642327098136,57.66848124706904,55.48540909068996,54.49375216539234,55.0829903761491,2.2,52.0,0.31,3.49,53.380225736460915
BBIO,2024-12-31,27.5,27.88999938964844,27.31999969482422,27.440000534057617,881600.0,63.88231004005892,57.56552548309759,55.3775005582999,54.28334463425315,54.98427644270315,2.18,48.0,0.27,3.56,53.61469396334223
BBIO,2025-01-02,27.790000915527344,29.0,27.530000686645508,28.200000762939453,1396500.0,61.18135287283647,57.69632008034263,55.53048132955682,54.318102680792094,55.05886803761001,2.15,54.0,0.19,3.45,55.09964946226782
BBIO,2025-01-03,28.15999984741211,28.559999465942383,27.790000915527344,28.1200008392334,1281700.0,61.25757013638351,57.68950009033291,55.47039413203484,54.3040121422416,54.67096085572025,2.12,50.0,0.13,3.46,54.94333855326228
BBIO,2025-01-06,28.11000061035156,28.440000534057617,27.86000061035156,28.26000022888184,1330000.0,61.10416170047952,56.39771394255271,55.45876068709288,54.30594274394338,54.6225148105271,2.1,49.0,0.08,3.45,55.216881712335464
BBIO,2025-01-07,28.38999938964844,28.965999603271484,28.170000076293945,28.850000381469727,1461500.0,61.23470454008842,55.01759911901102,55.50584901707513,54.346173401685085,54.62259945720048,2.07,52.0,-0.01,3.42,56.36967606378103
BBIO,2025-01-08,28.65999984741211,29.5,28.25,29.450000762939453,1661900.0,61.3574323759623,54.67950060850192,55.41841340688904,54.37664169386201,54.59077821986745,2.04,45.0,-0.12,3.47,57.542009744695534
BBIO,2025-01-10,28.6299991607666,29.68000030517578,28.44499969482422,29.07999992370605,2053800.0,44.51605208907594,54.74643029725692,55.32893556494568,54.37242409792458,54.53879776004572,2.01,42.0,-0.2,3.5,56.81906946132867
BBIO,2025-01-13,28.979999542236328,34.25,28.100000381469727,33.72999954223633,10113400.0,60.55638543069981,62.2839674768821,59.85684330538311,57.06551557657773,56.55057920777102,2.04,100.0,0.77,3.89,65.9046489666106
BBIO,2025-01-14,33.72999954223633,36.16999816894531,33.54999923706055,35.60499954223633,7638500.0,61.3804187814635,62.75621024580191,60.35211747742305,57.288464001026064,56.79028264832867,2.08,100.0,2.3,3.64,69.56818939025217
BBIO,2025-01-15,35.75,36.2400016784668,34.560001373291016,35.0,4127700.0,61.46631463659419,62.88325891377517,60.42870498377798,57.28261828380583,56.8002346076745,2.12,100.0,2.47,3.63,68.3860879079762
BBIO,2025-01-16,35.189998626708984,35.20000076293945,33.72999954223633,34.11000061035156,2841800.0,61.78818434851858,63.15466299003442,60.418765460471214,57.3179063246839,56.78289377995836,2.15,99.0,2.21,3.63,66.6471285794464
BBIO,2025-01-17,34.5,34.900001525878906,33.7599983215332,33.790000915527344,2877200.0,61.94939974026056,62.724152346561546,60.41178399901128,57.33051858378156,56.76269077443366,2.17,98.0,1.89,3.68,66.02188494342427
BBIO,2025-01-21,34.0099983215332,36.29499816894531,34.0099983215332,36.08000183105469,3739400.0,64.09634274664617,63.87117374581536,61.14575138050525,57.501180981267886,57.11707563845047,2.21,100.0,1.97,3.37,70.49629076966995
BBIO,2025-01-22,36.130001068115234,36.720001220703125,35.310001373291016,35.84000015258789,1827700.0,63.81676938468305,63.699024426656834,60.83947145313463,57.43638488463231,57.06731138887835,2.23,99.0,1.83,3.44,70.02735431590732
BBIO,2025-01-23,35.540000915527344,37.47999954223633,35.310001373291016,37.09000015258789,1402900.0,61.06603977523192,63.840958354779374,61.023345825657074,57.56750336773276,57.04695495947588,2.25,99.0,1.86,3.32,72.46971459833505
BBIO,2025-01-24,36.880001068115234,37.61000061035156,36.400001525878906,37.59000015258789,1730100.0,60.90008521943771,63.7038810479129,60.99173620049716,57.57724619648874,57.01130346339957,2.27,98.0,1.84,3.3,73.44665871130613
BBIO,2025-01-27,37.5,37.755001068115234,36.25,36.66999816894531,1568000.0,61.26335411872209,63.94096558169223,58.09577609574058,57.643601112335965,57.01354179793982,2.28,91.0,1.59,3.71,71.64907766762344
BBIO,2025-01-28,36.709999084472656,36.75,35.7400016784668,36.310001373291016,2763100.0,61.41373054513256,64.02620522773039,57.94619675882494,57.65666190087592,57.02019788112804,2.29,90.0,1.35,3.84,70.9456841672176
BBIO,2025-01-29,36.22999954223633,36.8849983215332,35.79999923706055,36.459999084472656,3128700.0,59.27923286760017,63.58900467082261,57.06984612449754,57.50698831531992,57.02048964627837,2.3,88.0,1.2,4.27,71.23876292901369
BBIO,2025-01-30,36.41999816894531,36.9900016784668,35.415000915527344,35.970001220703125,2246500.0,59.47508382901287,63.551072298983904,57.04202795286618,57.517413327845325,56.80172121870142,2.3,87.0,1.06,4.34,70.28136187225759
BBIO,2025-01-31,35.83000183105469,36.5,34.0,34.209999084472656,3032000.0,61.8968908345304,62.52306429413558,57.53485573000789,57.77957027109005,56.825885686585664,2.3,89.0,0.91,4.17,66.84251442064378
BBIO,2025-02-03,33.72999954223633,33.79999923706055,31.0,31.030000686645508,5112400.0,68.92806734478694,65.88959281513281,59.628064048242656,58.917404415115,57.42981303222818,2.32,91.0,0.89,3.82,60.62915299261433
BBIO,2025-02-04,31.18000030517578,33.15999984741211,30.84000015258789,32.97999954223633,3109800.0,67.35462753698968,66.91269982789036,60.28143114447004,59.214310541808544,57.68387089120255,2.36,92.0,0.77,3.49,64.43923279715395
BBIO,2025-02-05,33.13999938964844,34.20000076293945,32.65999984741211,33.540000915527344,2374900.0,67.403670415954,66.96193401962466,59.27722588814788,59.10370733522006,57.680800000217545,2.38,89.0,0.57,3.71,65.53341288693872
BBIO,2025-02-06,33.83000183105469,33.939998626708984,32.59000015258789,32.70000076293945,1742800.0,68.09557100641621,67.22748006800704,59.09720999118712,59.06463124735474,57.73055287254286,2.4,88.0,0.41,3.77,63.892146479007614
BBIO,2025-02-07,32.54999923706055,32.849998474121094,31.76000022888184,31.850000381469727,1527200.0,67.65967664943157,66.93486184229045,59.06340516433476,59.104457416510094,57.7780638060735,2.42,87.0,0.28,3.78,62.23134074160755
BBIO,2025-02-10,31.920000076293945,32.9900016784668,31.68000030517578,31.76000022888184,1681700.0,67.3519989178919,66.44751758283628,59.06779030416467,59.09691909385556,57.77423230279655,2.44,87.0,0.17,3.78,62.05549050313308
BBIO,2025-02-11,31.559999465942383,32.10599899291992,31.020000457763672,31.1200008392334,1645100.0,67.66905236298823,65.35830819478161,59.097621397109904,59.14813175235896,57.75918326241718,2.46,88.0,0.08,3.82,60.80500323108882
BBIO,2025-02-12,30.5,32.0099983215332,30.5,31.950000762939453,1285300.0,67.79016909462634,65.51735619159068,59.01974783194805,58.88554075081021,57.64403936826892,2.48,84.0,-0.03,3.78,62.42673030955098
BBIO,2025-02-13,32.290000915527344,32.63999938964844,31.21999931335449,31.559999465942383,1726200.0,67.43911488368433,65.26976470314155,58.85381999044039,58.90184288910845,57.55530169233505,2.49,83.0,-0.11,3.91,61.66471136724623
BBIO,2025-02-14,31.6299991607666,34.9900016784668,31.6299991607666,34.900001525878906,3374700.0,72.92804315157997,68.01812958818675,60.90756460697032,60.07306263587159,58.124521129410326,2.54,97.0,-0.27,3.35,68.19070206677881
BBIO,2025-02-18,35.0,36.06999969482422,33.86000061035156,35.4900016784668,4000800.0,72.74919303294965,66.64257869949195,60.32560574305798,60.09169190869953,58.101049724954414,2.57,91.0,-0.4,3.47,69.34349641822438
BBIO,2025-02-19,35.40999984741211,36.59000015258789,35.40999984741211,36.290000915527344,4166200.0,72.79846819343437,66.70949989871227,60.26714985994983,59.930367823656894,56.61185484695221,2.6,89.0,-0.51,3.44,70.90660550827971
BBIO,2025-02-20,39.400001525878906,39.470001220703125,35.36000061035156,36.80500030517578,7245700.0,72.80799569144489,66.65850417598108,60.21975330363355,59.83675750745623,56.38328742468767,2.63,88.0,-0.6,3.42,71.9128567520812
BBIO,2025-02-21,37.93999862670898,38.04999923706055,36.3849983215332,36.84999847412109,2508900.0,72.75089388801572,66.67187627267558,60.2155345298403,59.71146835109121,56.27749366423171,2.66,87.0,-0.68,3.42,72.00077814457238
BBIO,2025-02-24,36.77999877929688,37.5,35.529998779296875,36.25,1752400.0,72.99169303530599,66.85454615638895,60.257202948903576,59.21096235523729,56.06742914782733,2.69,88.0,-0.78,3.45,70.82844819040392
BBIO,2025-02-25,34.18000030517578,35.459999084472656,32.5,34.349998474121094,6773700.0,74.90276876804892,61.145223570952965,60.88215681259514,59.46442605629972,56.30306168598547,2.72,96.0,-0.86,3.32,67.11605757971697
BBIO,2025-02-26,34.72999954223633,35.005001068115234,33.040000915527344,33.45000076293945,8933700.0,61.96585053401651,61.11427584432574,60.88566288697376,59.42568203886111,56.3534793691413,2.76,96.0,-0.92,3.32,65.35756264846424
BBIO,2025-02-27,33.45000076293945,35.02000045776367,33.36000061035156,34.25,4057800.0,60.2480959130707,60.819352120077205,60.96019388655576,59.48333895071072,56.34635202723122,2.79,97.0,-0.99,3.28,66.92067173851957
BBIO,2025-02-28,33.79999923706055,34.98500061035156,33.45000076293945,34.900001525878906,2514500.0,60.32711711505296,60.775353234386266,60.93948303362588,59.432438382474665,56.32487183464998,2.83,96.0,-1.05,3.29,68.19070206677881
BBIO,2025-03-03,34.540000915527344,35.0,32.31999969482422,33.0099983215332,3283400.0,62.032154629045024,61.84103281609546,61.58003042323416,59.79112642253008,56.58547588955846,2.87,100.0,-1.09,3.13,64.49784705881476
BBIO,2025-03-04,32.720001220703125,33.91999816894531,31.690000534057617,33.540000915527344,2988900.0,62.171273731323154,61.885380133645086,61.54524254366264,59.611615550885546,56.51373643077666,2.91,99.0,-1.13,3.11,65.53341288693872
BBIO,2025-03-05,33.77000045776367,35.20000076293945,33.56999969482422,34.970001220703125,2390700.0,60.335969151228056,62.29331288144775,61.8391782224704,59.7957239639909,56.50869104102186,2.95,100.0,-1.18,2.95,68.32747364631541
BBIO,2025-03-06,32.5,33.45000076293945,31.690000534057617,32.22999954223633,5744600.0,64.69346030367856,64.60657063206253,62.59118405216677,60.39611683573355,56.27385937909723,3.01,100.0,-1.2,2.86,62.97381662769732
BBIO,2025-03-07,32.119998931884766,32.63999938964844,31.21999931335449,31.56999969482422,3266200.0,63.85725555240913,62.92477542125068,61.90220937880563,60.38462077697918,55.600047156935,3.05,99.0,-1.2,3.15,61.68425069671517
BBIO,2025-03-10,31.25,31.690000534057617,30.545000076293945,31.39999961853028,3430100.0,63.60925863632559,62.75904578011704,61.66399373774926,60.36907669965223,55.60036365539426,3.09,97.0,-1.21,3.28,61.35208954923518
BBIO,2025-03-11,31.3799991607666,32.654998779296875,31.34000015258789,32.34000015258789,3342000.0,64.15941912851534,62.9272400837509,61.80940715492156,60.411605009192,55.64743863778715,3.12,97.0,-1.22,3.19,63.1887455251097
BBIO,2025-03-12,32.38999938964844,33.189998626708984,32.38999938964844,32.59000015258789,2931800.0,64.22631386002433,62.933478684560974,61.74832428245259,60.40422972686975,55.54183162885364,3.16,96.0,-1.23,3.19,63.67721758159524
BBIO,2025-03-13,32.369998931884766,32.81999969482422,31.850000381469727,32.310001373291016,3401100.0,64.1993541833242,62.17004077754847,61.52198726607687,56.73501414933594,55.5489794601783,3.19,92.0,-1.24,3.33,63.130131263448895
BBIO,2025-03-14,32.59000015258789,33.45000076293945,32.41999816894531,32.970001220703125,1577600.0,64.50975311580181,62.24424882665303,61.57649623317557,56.75062159665363,55.57710959622253,3.22,93.0,-1.25,3.28,64.41969719443105
BBIO,2025-03-17,32.97999954223633,33.439998626708984,32.33000183105469,33.0099983215332,1810800.0,62.93816818458251,62.23674243383657,61.56055781405377,56.746537969672815,55.54373583547487,3.25,92.0,-1.26,3.27,64.49784705881476
BBIO,2025-03-18,31.809999465942383,32.650001525878906,31.5,32.189998626708984,1942100.0,56.46992915559876,62.50135728631998,61.44926388209112,56.298615104094864,55.52154270053165,3.28,89.0,-1.25,3.31,62.89565930982154
BBIO,2025-03-19,32.2400016784668,33.810001373291016,32.040000915527344,33.75,2457500.0,55.344814651984855,61.38811511387006,61.83217426667531,56.55914416389384,55.71321121729924,3.31,97.0,-1.25,3.11,65.94372762554849
BBIO,2025-03-20,33.52000045776367,34.61000061035156,33.04499816894531,33.90999984741211,2383400.0,55.15026023464906,61.38116670383658,61.72379556334337,56.554646410975,55.70849556763792,3.34,94.0,-1.25,3.13,66.25634944355954
BBIO,2025-03-21,33.38999938964844,35.09000015258789,33.09000015258789,34.77000045776367,3460900.0,55.04172259371318,61.51569176605884,61.77368289412589,56.6000628591482,55.72077903940298,3.37,95.0,-1.25,3.08,67.93669451042855
BBIO,2025-03-24,35.099998474121094,37.93999862670898,34.79999923706055,37.220001220703125,4338800.0,57.55690896315587,62.27916776325081,62.54870128043204,57.13989433246836,56.12247693193697,3.4,99.0,-1.24,2.78,72.7237221546853
BBIO,2025-03-25,37.290000915527344,37.56999969482422,36.52000045776367,36.7400016784668,3293000.0,57.75470688094464,62.21163905754194,62.52294410494429,57.07225199779332,56.12879772244258,3.43,98.0,-1.24,2.82,71.7858567006521
BBIO,2025-03-26,36.7400016784668,36.84000015258789,35.77000045776367,36.09999847412109,1624200.0,57.65466207002113,62.344905147500725,62.61693169851637,57.09885057611655,56.12475558494866,3.46,100.0,-1.23,2.81,70.53536197511576
BBIO,2025-03-27,36.470001220703125,37.060001373291016,36.02999877929688,36.400001525878906,1705900.0,57.309535895242014,62.23478837376154,62.39240600647904,57.06015239907138,56.12500926203244,3.48,96.0,-1.22,2.85,71.12153440569207
BBIO,2025-03-28,35.97999954223633,36.400001525878906,34.970001220703125,35.11000061035156,1191500.0,58.31595388623955,62.51432027059217,62.63847173424569,57.11963628126428,56.23389546585743,3.5,100.0,-1.22,2.79,68.60101680538858
BBIO,2025-03-31,35.2400016784668,35.369998931884766,33.849998474121094,34.56999969482422,2651900.0,50.74363334135795,62.64424135628197,61.36019431806303,57.13953976630569,56.14278392663535,3.52,80.0,-1.2,3.18,67.54591537454169
BBIO,2025-04-01,33.849998474121094,34.5,32.84000015258789,33.02000045776367,3045400.0,52.139630550149874,63.265763844192826,61.81124384272827,57.405895358553934,56.3333180168447,3.54,91.0,-1.16,3.06,64.51739011502974
BBIO,2025-04-02,32.88999938964844,34.7400016784668,32.83000183105469,34.619998931884766,1967400.0,53.65228866394881,63.91232021991349,62.19717599381954,57.58999310982396,56.44200299139813,3.56,94.0,-1.13,2.9,67.6436082951404
BBIO,2025-04-03,33.29999923706055,34.86000061035156,33.29999923706055,34.06999969482422,2415100.0,53.59810325271134,64.03579686602076,62.27067537823851,57.33890116395971,56.31861059482874,3.58,94.0,-1.09,2.89,66.56897126157062
BBIO,2025-04-04,33.3650016784668,33.8849983215332,30.86000061035156,31.3700008392334,4015200.0,58.37111420934728,66.28278714848294,63.715608534961866,57.941597662870926,56.911761196131,3.62,100.0,-1.04,2.65,61.29347528757436
BBIO,2025-04-07,29.520000457763672,32.290000915527344,28.86000061035156,30.670000076293945,4063700.0,58.49937227676649,66.33914482478296,63.4428353464325,57.27945596553561,56.8307773433958,3.65,99.0,-1.0,2.8,59.92575203871642
BBIO,2025-04-08,32.08000183105469,32.77000045776367,29.434999465942383,30.13999938964844,3540100.0,56.8166260653959,66.38745140575155,63.22649526123869,57.310327651224654,56.85818753420745,3.68,98.0,-0.96,2.85,58.8901899373385
BBIO,2025-04-09,29.6299991607666,33.279998779296875,28.325000762939453,32.880001068115234,5599300.0,62.23687894225933,61.57343236577502,63.91543115683296,58.17673385041808,57.51335737587372,3.73,100.0,-0.89,2.63,64.24384695595657
BBIO,2025-04-10,32.0099983215332,32.880001068115234,30.07999992370605,32.310001373291016,3502000.0,61.98766611234079,60.606091013264994,63.993746409797744,58.11465367199629,57.53949958505886,3.68,100.0,-0.82,2.62,63.130131263448895
BBIO,2025-04-11,32.279998779296875,34.08000183105469,31.89999961853028,33.90999984741211,2149600.0,63.420856161558206,61.3704538684565,64.21234863641025,58.15906667340317,57.59698841863161,3.63,100.0,-0.77,2.49,66.25634944355954
BBIO,2025-04-14,34.5,35.029998779296875,33.58300018310547,34.849998474121094,1855300.0,61.73882226516333,61.40287978925794,64.24501694752794,58.22457760394298,57.54425170210544,3.57,100.0,-0.72,2.45,68.09300169268805
BBIO,2025-04-15,34.58000183105469,35.15900039672852,33.84000015258789,34.2400016784668,1647400.0,61.83864861945997,61.482036445961,63.53446643115303,58.25211100562628,57.296721700261344,3.49,95.0,-0.78,2.6,66.90113613579666
BBIO,2025-04-16,34.2400016784668,34.4900016784668,33.099998474121094,33.849998474121094,2438700.0,60.680388078224944,59.99345908007074,63.57963387163124,58.1585954682095,57.16051617497742,3.41,95.0,-0.85,2.6,66.13911346674587
BBIO,2025-04-17,33.540000915527344,34.29999923706055,33.369998931884766,33.869998931884766,1410600.0,55.6737692397684,59.98291243313755,63.51715720028038,58.13466215599791,57.11838381566409,3.32,93.0,-0.93,2.64,66.17819212568376
BBIO,2025-04-21,33.68000030517578,34.290000915527344,33.209999084472656,33.5099983215332,1498900.0,55.39968174402428,59.561465038612674,63.55415470677367,58.15235807371578,57.11906424011508,3.22,94.0,-1.03,2.64,65.47479117178585
BBIO,2025-04-22,34.16999816894531,34.52000045776367,33.54999923706055,34.18000030517578,1721700.0,55.588701392443,59.64516263787699,63.60269865518332,58.18650831853331,57.14891659404802,3.11,95.0,-1.18,2.61,66.78390015898299
BBIO,2025-04-23,35.29999923706055,36.11000061035156,34.91999816894531,35.22999954223633,3309300.0,55.62082598535776,59.79731002236304,59.33652760611046,58.28571674773056,57.214004461019485,3.09,43.0,-1.14,2.14,68.83548130552386
BBIO,2025-04-24,35.13999938964844,35.9900016784668,34.709999084472656,35.959999084472656,1536600.0,55.84127575801833,59.92163632477919,59.19985773084638,58.23271948140292,57.23369665487723,3.06,41.0,-1.11,2.15,70.26181881604259
BBIO,2025-04-25,35.20000076293945,36.34999847412109,35.130001068115234,36.30500030517578,1287700.0,55.75286364500245,59.94851549642496,58.92979175898695,58.151276662091824,57.22225825739864,3.04,35.0,-1.07,2.26,70.93591263911011
BBIO,2025-04-28,36.45000076293945,36.900001525878906,34.66999816894531,35.88999938964844,3256200.0,55.70316248894967,59.930459701063945,58.90811428764765,57.96889926973289,57.20702025322976,3.01,34.0,-1.03,2.26,70.125047236506
BBIO,2025-04-29,36.04999923706055,37.04999923706055,35.66999816894531,36.41999816894531,4483000.0,55.80550117957315,59.080936044979246,58.84017237455164,57.93454981291391,57.14379832318858,2.98,32.0,-0.99,2.27,71.16060561113791
BBIO,2025-04-30,38.61000061035156,39.540000915527344,37.2400016784668,38.36000061035156,10839900.0,56.85271871957045,56.30108931314221,59.342913917058326,58.2296384879637,57.32759248564364,2.96,43.0,-0.93,2.09,74.95115353970066
BBIO,2025-05-01,38.290000915527344,38.6150016784668,36.84999847412109,38.400001525878906,4725200.0,55.48444276714767,55.01578801904139,59.29074353725381,58.19154351949916,57.28613737611189,2.93,41.0,-0.87,2.12,75.02931085757643
BBIO,2025-05-02,38.84999847412109,39.15999984741211,38.119998931884766,38.56999969482422,3168000.0,55.484307769895565,54.9367113775656,59.20532080179449,58.182390210262014,57.285240308755,2.89,39.0,-0.82,2.14,75.36146827831041
BBIO,2025-05-05,38.72999954223633,38.72999954223633,37.7599983215332,38.220001220703125,2121300.0,55.25690234654406,54.68723698771017,58.06274257610048,58.1828960793231,57.05702298405805,2.87,27.0,-0.77,2.43,74.67761038062748
BBIO,2025-05-06,37.84000015258789,38.005001068115234,36.209999084472656,36.93999862670898,4393300.0,52.697490263517466,54.88442557051343,58.2517759099034,58.25829791193862,57.11319306498911,2.83,28.0,-0.73,2.41,72.17662838304688
BBIO,2025-05-07,36.93999862670898,37.025001525878906,35.439998626708984,35.81999969482422,3727900.0,53.32034668145263,55.29729884169466,58.4189990869004,58.314809831646194,57.20191478562522,2.78,28.0,-0.67,2.36,69.98827565696942
BBIO,2025-05-08,35.625,35.75,33.91999816894531,34.849998474121094,5319900.0,53.6654651666734,55.43881382946548,58.60377906247679,58.31710061631156,57.26642168378265,2.74,28.0,-0.59,2.31,68.09300169268805
BBIO,2025-05-09,35.43000030517578,35.599998474121094,34.150001525878906,34.16999816894531,1789100.0,53.84971138506764,55.37476921319799,58.199212425781845,58.33509021610408,57.29166434124302,2.69,25.0,-0.49,2.41,66.764357102768
BBIO,2025-05-12,34.53499984741211,36.11000061035156,34.2599983215332,35.68000030517578,3253200.0,54.40559071513269,55.96681346243933,58.54643380525013,58.53893366409682,57.44694076789937,2.64,27.0,-0.4,2.27,69.71473249789625
BBIO,2025-05-13,34.724998474121094,34.84000015258789,33.209999084472656,33.2599983215332,6480200.0,58.001518193111934,54.03534947005589,59.669579379943535,59.06310303058012,57.77537311921704,2.59,44.0,-0.29,2.07,64.9863191153003
BBIO,2025-05-14,33.33000183105469,34.04999923706055,32.900001525878906,33.65999984741211,3140500.0,56.54195533850539,53.9775285741954,59.69035016839207,59.04858195863913,57.77364798498951,2.53,44.0,-0.17,2.06,65.76787738707401
BBIO,2025-05-15,33.7400016784668,34.01499938964844,33.2400016784668,33.7400016784668,2199000.0,54.7911335396518,53.76622717259839,58.61525449231543,58.9934510958524,57.73389328996248,2.49,26.0,-0.15,2.26,65.92419202282558
BBIO,2025-05-16,33.81999969482422,34.15999984741211,33.56999969482422,33.84000015258789,2618200.0,54.61072587717511,53.67920493181306,58.60685774212367,58.82343783774853,57.71473608444764,2.44,25.0,-0.15,2.27,66.11957786402296
BBIO,2025-05-19,33.43000030517578,33.900001525878906,32.69499969482422,33.689998626708984,2392400.0,48.755096025862784,53.67994088846875,58.60285078882692,58.825065647282734,57.615763128420575,2.4,23.0,-0.16,2.28,65.8264916487348
BBIO,2025-05-20,33.459999084472656,34.435001373291016,33.029998779296875,33.709999084472656,2230300.0,48.184117977716696,53.59109842961244,58.16159872430967,58.804922868366894,57.5108584022224,2.37,18.0,-0.07,2.45,65.8655703076727
BBIO,2025-05-21,33.36000061035156,33.68000030517578,32.5099983215332,32.84000015258789,1674900.0,48.57226574265212,52.72310801140736,58.190580755426005,57.090311711419616,57.48590150105783,2.34,18.0,0.04,2.47,64.16568963808078
BBIO,2025-05-22,32.720001220703125,33.25,32.391998291015625,32.970001220703125,1349200.0,41.521408096226494,52.455453825974665,58.18307049557775,56.97580624633748,57.45373253441137,2.31,17.0,0.15,2.47,64.41969719443105
BBIO,2025-05-23,32.47999954223633,33.42499923706055,32.29999923706055,33.34000015258789,2047200.0,41.29701911400336,52.27492318938033,58.14826707751129,56.47525062876386,57.45718096834679,2.27,15.0,0.24,2.47,65.14263375105187
BBIO,2025-05-27,33.93000030517578,33.93000030517578,32.970001220703125,33.099998474121094,1573500.0,38.83478436922504,52.13751496298018,58.01740976799026,56.4328695243876,57.4623340835666,2.24,12.0,0.21,2.5,64.67369729728924
BBIO,2025-05-28,33.13999938964844,33.400001525878906,32.15999984741211,32.2599983215332,2475200.0,38.535814134123065,51.14452116455133,58.18126326029186,56.46901187748211,57.27207206042739,2.19,16.0,0.1,2.46,63.032430889358125
BBIO,2025-05-29,32.560001373291016,33.38999938964844,31.770000457763672,33.369998931884766,2623300.0,39.6574596739473,51.51857361343729,58.26357279055227,56.60838154431623,57.36552260440777,2.15,20.0,0.1,2.43,65.20124801271268
BBIO,2025-05-30,33.09000015258789,34.72999954223633,32.369998931884766,34.25,2965100.0,40.27038658707547,51.07206842554234,58.38662758152237,56.61716632347555,57.41910404762167,2.1,20.0,0.02,2.37,66.92067173851957
BBIO,2025-06-02,34.52000045776367,35.52000045776367,34.130001068115234,35.459999084472656,2328700.0,41.481581268542655,48.67550935145224,58.61604523351279,56.14639364120517,57.51266786982335,2.05,26.0,-0.13,2.27,69.28487470307151
BBIO,2025-06-03,35.4900016784668,37.869998931884766,35.14500045776367,37.52000045776367,3079800.0,44.23775731279132,49.72411186608319,59.174972298873655,56.32884594554955,57.62020513040616,2.0,35.0,-0.3,2.1,73.30988713176953
BBIO,2025-06-04,37.7400016784668,39.11000061035156,37.56999969482422,38.02000045776367,3503200.0,44.07177948329458,49.738298972371695,59.12970595200664,56.22500728341574,57.55095897110466,1.94,34.0,-0.39,2.12,74.28683124474063
BBIO,2025-06-05,38.06999969482422,38.7400016784668,37.68999862670898,38.34000015258789,2261000.0,43.37025292279938,49.44866201218715,59.08633421037188,56.22958706510056,57.46112065964287,1.87,31.0,-0.62,2.12,74.91207488076276
BBIO,2025-06-06,38.90999984741211,39.66999816894531,38.26499938964844,38.619998931884766,2682500.0,43.06978636478117,49.446956403044126,54.2884103547833,56.19090150370336,57.06817454053916,1.97,1.0,-0.64,0.83,75.45916119890911
BBIO,2025-06-09,39.459999084472656,39.84999847412109,38.68999862670898,39.02999877929688,2923000.0,43.085420936443,49.413404817714586,53.647852947197215,56.076244211765015,56.99532266617208,2.08,1.0,-0.63,0.96,76.26025507340573
BBIO,2025-06-10,39.09999847412109,40.400001525878906,39.09999847412109,40.09000015258789,2708800.0,43.4391612739346,49.528670299731935,53.72474101485112,56.03344383264106,56.95389738962876,2.19,2.0,-0.49,0.94,78.33137927616157
BBIO,2025-06-11,40.09999847412109,40.380001068115234,39.0,39.04999923706055,2231500.0,44.155558717135904,49.89639524705456,53.7315712368145,56.13121108229757,57.02044486143534,2.28,3.0,-0.54,0.93,76.29933373234361
BBIO,2025-06-12,39.0,39.970001220703125,38.7599983215332,39.650001525878906,1738800.0,41.79461263690303,49.61579381037829,53.74834599057079,55.78959948657902,56.97306927492478,2.37,4.0,-0.55,0.93,77.47167114000416
BBIO,2025-06-13,38.959999084472656,39.81499862670898,38.57500076293945,39.77999877929688,2644800.0,41.79933462942169,48.76697027242086,52.76162531586858,55.71675028915889,56.95586566419901,2.48,1.0,-0.55,1.09,77.72567124286236
BBIO,2025-06-16,39.95000076293945,41.35499954223633,39.630001068115234,41.13999938964844,2864800.0,42.83978008982893,49.17494288583361,53.000048907084526,55.80091467869143,56.89675617778287,2.57,2.0,-0.38,1.03,80.38296042270244
BBIO,2025-06-17,41.06999969482422,41.119998931884766,39.900001525878906,40.06999969482422,3680600.0,43.51958579716667,49.32857907413391,52.91585091856085,55.906030767366346,56.95610523675464,2.67,2.0,-0.37,1.04,78.29230061722367
BBIO,2025-06-18,40.34000015258789,41.709999084472656,39.650001525878906,40.0,3259600.0,42.20799575275536,47.39244072638007,52.8785222842542,55.87652000282388,56.805233742529474,2.75,2.0,-0.37,1.05,78.15552903768709
BBIO,2025-06-20,40.40999984741211,41.935001373291016,40.18999862670898,41.72999954223633,5525700.0,42.49376331486573,48.03713757937195,53.13070951453407,56.033815443488734,56.89931586454048,2.83,5.0,-0.22,1.0,81.535754774148
BBIO,2025-06-23,41.31999969482422,42.20000076293945,41.29999923706055,42.17499923706055,2589700.0,41.37797606420671,47.89057354831617,53.12066300973404,55.93482316262537,56.89326548996225,2.9,5.0,-0.08,1.0,82.4052344384129
BBIO,2025-06-24,42.59000015258789,44.75,42.290000915527344,44.45000076293945,3815200.0,42.69997474316124,48.96200602491496,53.73401153858895,56.2336517456364,57.07593289139838,2.95,10.0,0.55,0.88,86.8503331338282
BBIO,2025-06-25,44.77999877929688,45.18000030517578,43.47999954223633,44.380001068115234,3185700.0,41.514899176791445,48.28158371307568,53.67965060339544,56.19318792394655,57.0691688351404,3.0,8.0,0.79,0.9,86.7135615542916
BBIO,2025-06-26,44.95000076293945,45.130001068115234,43.77999877929688,45.119998931884766,2587300.0,34.45434394724267,48.17792739916471,53.06727205339278,56.17106367579427,54.29861371429576,3.06,5.0,0.98,1.03,88.15943466753325
BBIO,2025-06-27,45.18000030517578,45.47999954223633,44.20000076293945,44.86000061035156,8453200.0,34.756363322014685,47.07772653043039,50.592631669417344,56.13682733387984,54.28765383613337,3.19,1.0,1.01,0.86,87.6514270083248
BBIO,2025-06-30,45.130001068115234,45.22999954223633,42.93999862670898,43.18000030517578,5468400.0,37.3739892046301,47.06379070475578,50.18212364311293,56.34364355034186,54.43787420425223,3.32,1.0,0.79,0.92,84.36889419246259
BBIO,2025-07-01,43.0,43.040000915527344,41.79999923706055,42.77999877929688,2782200.0,37.691837849553934,46.96385983373796,50.16618980024133,55.92143624222846,54.05877268022328,3.45,1.0,0.57,0.92,83.5873359206889
BBIO,2025-07-02,42.41999816894531,43.15499877929688,42.119998931884766,42.83000183105469,2641700.0,37.56817002803362,43.386228742591456,49.968391115970284,55.43257724694951,54.05798630590753,3.57,1.0,0.38,0.98,83.68503629477965
BBIO,2025-07-03,42.630001068115234,44.06999969482422,42.28499984741211,43.9900016784668,2459700.0,37.88245682032076,43.21497303756046,49.89343377975648,55.35739733270215,54.1091095849672,3.69,1.0,0.26,0.99,85.95154633873288
BBIO,2025-07-07,43.77000045776367,43.77000045776367,42.95000076293945,43.5,2540700.0,36.91723172053846,43.08929458322634,49.93699223952396,55.37548419977686,54.1081676847035,3.8,2.0,0.12,0.98,84.99413782848471
BBIO,2025-07-08,43.68000030517578,44.02999877929688,43.150001525878906,43.18999862670898,2006900.0,37.19804468958878,39.72880438823192,49.82266326467423,55.34457246327096,54.11607957098455,3.91,1.0,-0.01,1.01,84.38842979518549
BBIO,2025-07-09,44.255001068115234,46.43000030517578,43.90999984741211,45.97999954223633,4633800.0,40.31438525331225,41.19485653303908,50.57684115159377,55.64720762077471,54.38218311462622,4.0,7.0,-0.0,0.89,89.83977973440226
BBIO,2025-07-10,46.09000015258789,46.79999923706055,45.93000030517578,46.27000045776367,2424200.0,39.980726648908885,40.23416909363251,50.51390300126856,55.63858536775347,54.36955743067995,4.09,7.0,-0.01,0.91,90.4064091087636
BBIO,2025-07-11,45.97999954223633,46.7599983215332,45.729000091552734,46.470001220703125,2188000.0,38.49412795890912,39.96826358528041,48.07214914594476,55.62682956655419,54.33558351484045,4.22,1.0,-0.06,0.68,90.79718824465044
BBIO,2025-07-14,47.34199905395508,48.680999755859375,46.79499816894531,47.68999862670898,3861100.0,38.17410187177381,39.92023217426687,48.16136765514416,55.51773068120135,54.30266251110296,4.34,2.0,-0.03,0.65,93.18092681192527
BBIO,2025-07-15,48.18999862670898,48.415000915527344,46.630001068115234,46.96500015258789,2416500.0,38.72153364390608,39.998186788595255,48.14706463697173,55.54355794669453,54.32114722610174,4.46,2.0,-0.11,0.65,91.76436082951403
BBIO,2025-07-16,47.290000915527344,47.65999984741211,46.70000076293945,47.09999847412109,2586500.0,38.08727948866035,39.98906630434567,48.111703874482686,55.474054162111486,54.31750268308071,4.57,2.0,-0.19,0.66,92.02813246047971
BBIO,2025-07-17,47.02000045776367,47.47999954223633,46.59000015258789,46.7400016784668,1254900.0,35.668315950843194,39.9417285592657,48.13827162334366,55.46112350624261,54.27276842901754,4.68,3.0,-0.29,0.65,91.32473896007389
BBIO,2025-07-18,47.04999923706055,47.36000061035156,46.1349983215332,46.5099983215332,2139100.0,35.79509010231809,39.88636643916742,48.058604199789215,55.43196567572114,54.06844679772358,4.78,1.0,-0.41,0.67,90.87533810903416
BBIO,2025-07-21,47.34000015258789,47.400001525878906,45.810001373291016,45.900001525878906,2361000.0,36.25165109652188,39.71118698080335,47.27272833059122,55.41050339270134,53.89345035362544,4.89,1.0,-0.53,0.8,89.68347255214276
BBIO,2025-07-22,45.869998931884766,46.38999938964844,45.290000915527344,45.77000045776367,2109000.0,36.33906421947564,39.59497189709112,47.046040168405774,55.41544601326448,53.31785794789074,5.0,1.0,-0.64,0.87,89.4294649957925
BBIO,2025-07-23,46.0,47.04499816894531,45.36000061035156,46.18999862670898,2086100.0,36.32470959734444,39.59259474360949,46.94141152475504,55.28098443437063,53.316699239918734,5.1,1.0,-0.73,0.9,90.25009447301201
BBIO,2025-07-24,46.060001373291016,46.76800155639648,45.5,45.65999984741211,1594500.0,36.08063789286995,39.59332969713838,46.92839948986635,55.26062852809312,53.31044629644674,5.2,1.0,-0.83,0.9,89.21453609838014
BBIO,2025-07-25,45.61000061035156,46.40999984741211,45.27299880981445,46.29999923706055,1508900.0,34.98048538120951,39.58511994963154,46.016807398419104,54.42794446261985,53.24877623266085,5.31,1.0,-0.91,1.05,90.46502337042439
BBIO,2025-07-28,46.58000183105469,47.11000061035156,46.09000015258789,46.22999954223633,2054100.0,34.919213829341714,38.317929869104375,45.97905430983237,54.4041943980371,53.06618837544678,5.41,1.0,-0.98,1.06,90.3282517908878
BBIO,2025-07-29,46.52999877929688,46.83000183105469,45.91999816894531,46.31999969482422,1462000.0,34.92743299899884,38.31629562229201,45.56200853180684,54.39331019838374,53.055548554984966,5.51,1.0,-1.06,1.18,90.50410202936229
BBIO,2025-07-30,46.26499938964844,46.77000045776367,45.10599899291992,45.619998931884766,1683300.0,34.322501254742534,38.49907907748234,43.60871617187974,54.43751357343986,53.072825252185865,5.64,1.0,-1.12,1.05,89.13637878050434
BBIO,2025-07-31,45.630001068115234,48.06499862670898,45.55500030517578,47.27000045776367,2820500.0,34.339960552618614,38.99305233676703,43.72878969894296,54.5651489363368,53.08425364822155,5.77,2.0,-1.16,1.0,92.36029733470576
BBIO,2025-08-01,46.5,48.02999877929688,46.30500030517578,47.369998931884766,2215500.0,34.28724691509272,38.19960852467074,43.703779968386,54.33214247433159,53.06297278003481,5.89,2.0,-1.21,1.01,92.55568317590316
BBIO,2025-08-04,47.68999862670898,48.20000076293945,47.209999084472656,47.75,2488500.0,32.49021283477948,37.50530400566375,43.518759224389065,54.13060167632436,53.065538032064005,6.0,1.0,-1.24,1.08,93.29816278873896
BBIO,2025-08-05,47.45000076293945,49.77000045776367,47.005001068115234,49.209999084472656,5690900.0,33.29151568502079,37.24617291154631,43.71369632538344,53.70850012702265,53.13401719118591,6.11,4.0,-1.24,1.01,96.15083780977645
BBIO,2025-08-06,44.5,45.84999847412109,42.09000015258789,44.810001373291016,14108100.0,41.22601806701037,42.16458701958593,46.34986270258676,54.93222330976415,53.996908692406976,6.16,9.0,-1.28,1.43,87.55373408772611
BBIO,2025-08-07,44.4900016784668,46.150001525878906,44.09999847412109,45.95000076293945,2662100.0,41.84376101974712,41.61372843618905,46.40198950662385,54.86731648671521,53.96981408893949,6.21,10.0,-1.32,1.41,89.78116547274146
BBIO,2025-08-08,45.63999938964844,47.2400016784668,45.39500045776367,46.58000183105469,2570100.0,41.759004103755295,38.64870977834896,46.42942816803789,54.82882274005133,53.91147658930057,6.25,11.0,-1.36,1.4,91.0121171420628
BBIO,2025-08-11,46.4900016784668,48.29999923706055,46.28499984741211,48.2400016784668,2335400.0,42.838283879860285,39.09673088322386,46.468563670613904,54.43307780670682,53.84805118285539,6.29,12.0,-1.38,1.41,94.25557129898714
BBIO,2025-08-12,48.5099983215332,49.13999938964844,47.3650016784668,49.09000015258789,2138700.0,41.26321631196858,39.15928081228508,46.00007514665071,54.45325114539264,53.82949863467002,6.32,8.0,-1.39,1.53,95.91637330964117
BBIO,2025-08-13,49.59999847412109,50.5099983215332,49.10499954223633,50.380001068115234,2222200.0,41.51870175944193,39.359487652810536,46.13462927331937,54.47351412985002,53.877132303564856,6.36,10.0,-1.36,1.49,98.43689090994468
BBIO,2025-08-14,49.959999084472656,51.86000061035156,49.75,51.18000030517578,2026700.0,41.60310251562285,39.33438847571027,46.05003795659472,54.48790777763276,53.861599893818216,6.39,10.0,-1.33,1.52,100.0
BBIO,2025-08-15,51.15999984741211,51.65999984741211,50.59999847412109,51.31999969482422,2221500.0,41.13997267277731,39.32202438186421,44.8837820970048,54.48681138959276,53.853602931700806,6.42,6.0,-1.31,1.7,100.27354315907317
BBIO,2025-08-18,50.95000076293945,51.0,48.994998931884766,49.02000045776367,2998600.0,43.49421074335925,40.22851281544184,45.48496536125408,52.01671567746023,54.06314289683394,6.44,7.0,-1.35,1.53,95.77960173010457
BBIO,2025-08-19,48.4900016784668,49.59999847412109,48.0260009765625,48.90999984741211,2401300.0,43.408240859983685,40.26647772115498,45.37444031758629,51.88806889949015,54.0020272045648,6.45,7.0,-1.37,1.58,95.56467283269221
BBIO,2025-08-20,48.900001525878906,49.2599983215332,48.220001220703125,48.880001068115234,1765400.0,39.72125747353542,40.28148370206393,45.37025715974002,51.71758846678468,53.94302897393788,6.47,7.0,-1.4,1.57,95.5060585710314
BBIO,2025-08-21,48.70000076293945,50.25,48.290000915527344,50.22999954223633,1340000.0,40.37504201572092,40.40357701191198,45.096427067187705,51.75156060634036,53.92422322206443,6.48,7.0,-1.41,1.69,98.14380469465652
BBIO,2025-08-22,50.61000061035156,50.72999954223633,48.84000015258789,49.08000183105469,1490100.0,41.0612260437873,40.31901427647945,45.19522831979651,51.78375510307697,53.9605425350905,6.5,8.0,-1.42,1.65,95.89683770691826
BBIO,2025-08-25,48.77999877929688,49.08000183105469,46.810001373291016,47.290000915527344,1953600.0,41.90532713580687,40.92089020695131,44.9733789162015,52.003519462603066,54.10285945258584,6.51,7.0,-1.43,1.69,92.39937599364366
BBIO,2025-08-26,47.41999816894531,48.90999984741211,47.2599983215332,48.869998931884766,2201200.0,42.72173867967533,41.08877724172788,44.673204162152906,52.08701565812445,54.10938413830898,6.52,6.0,-1.44,1.76,95.48651551481643
BBIO,2025-08-27,48.810001373291016,50.79999923706055,48.810001373291016,49.59000015258789,2502000.0,42.89418088665549,40.69178470135829,44.59815886262818,52.05153554499352,54.10429682887573,6.52,6.0,-1.44,1.81,96.89331742261226
BBIO,2025-08-28,49.27999877929688,52.59999847412109,49.27999877929688,52.56999969482422,2690700.0,45.80812987384964,40.79429843146306,43.24548231468221,51.72910649486242,54.35247896077534,6.52,1.0,-1.4,1.61,102.7159034415009
BBIO,2025-08-29,52.4900016784668,52.845001220703125,50.90499877929688,51.7599983215332,2995300.0,46.0880894598917,40.990390595810986,43.1449097227686,51.7162644404059,54.24295912368267,6.51,1.0,-1.4,1.64,101.1332512952306
BBIO,2025-09-02,51.095001220703125,52.63999938964844,49.900001525878906,50.0,3105600.0,47.16875567278011,41.783851079628,43.45928774449787,51.86112052047176,54.36905059396736,6.5,3.0,-1.43,1.55,97.69441129710886
BBIO,2025-09-03,50.060001373291016,52.63999938964844,49.75,51.84000015258789,2745300.0,48.10367988840481,42.28365496641612,41.73354038719282,52.005198215875694,54.452700907603216,6.5,1.0,-1.41,1.36,101.28956593098215
BBIO,2025-09-04,51.970001220703125,52.47999954223633,50.4900016784668,51.83000183105469,2908400.0,48.09567379454631,42.27967071356789,41.59110344250202,51.6726359143636,53.09656556212888,6.49,1.0,-1.4,1.43,101.27003032825925
BBIO,2025-09-05,51.83000183105469,53.970001220703125,51.5,53.380001068115234,2916300.0,48.42348159663516,42.34270671790973,41.19352461931813,51.74988701889696,53.08602876856742,6.47,1.0,-1.36,1.52,104.29855558777122
BBIO,2025-09-08,53.3650016784668,54.59999847412109,52.959999084472656,54.290000915527344,2050800.0,48.4778387913559,41.91264055363337,41.07958706512748,51.77108774792788,52.733895347123294,6.45,1.0,-1.31,1.55,106.0765935752389
BBIO,2025-09-09,54.09000015258789,54.459999084472656,52.25600051879883,53.5,1710857.0,48.78725378538114,42.06315557528054,41.041262648442085,51.81680528531436,52.72962703512122,6.44,1.0,-1.28,1.57,104.53302008790648
BBIO,2025-09-10,53.59000015258789,54.25,52.20000076293945,52.959999084472656,1556048.0,48.97566921769144,42.17632359960584,41.02884601504312,51.13005605749403,52.69998847920294,6.41,1.0,-1.27,1.58,103.47791865705962
BBIO,2025-09-11,53.08000183105469,53.59000015258789,52.35010147094727,52.59999847412109,1298450.0,48.74197696526839,41.8075726856069,41.063565522767945,51.142610622578175,52.70721364849482,6.38,3.0,-1.25,1.55,102.77451770316168
BBIO,2025-09-12,52.90999984741211,54.290000915527344,51.02999877929688,51.209999084472656,2006286.0,48.66782083666274,41.82098683369321,41.292950758502464,51.264421277723805,52.724749296008575,6.33,6.0,-1.24,1.46,100.05861426166081
BBIO,2025-09-15,51.08000183105469,51.47999954223633,49.93999862670898,51.470001220703125,1227933.0,48.67240990921163,41.8036769004807,41.21783750300547,51.00252181187784,52.23941785571205,6.28,6.0,-1.23,1.48,100.56662937436134
BBIO,2025-09-16,51.470001220703125,51.89540100097656,50.720001220703125,51.4900016784668,2117148.0,48.65138458767822,41.04617205420968,41.007411786722834,50.92651172281871,52.08310068563304,6.3,1.0,-1.21,1.54,100.60570803329922
BBIO,2025-09-17,52.11000061035156,52.720001220703125,51.16999816894531,51.18000030517578,1197982.0,47.99283598302206,41.06487194373533,40.948488747128295,50.92922162341215,51.9939845228225,6.31,1.0,-1.19,1.55,100.0
