Ticker,Contract Name,Type,Expiry,Strike,Moneyness,Bid,Ask,Volume,Open Interest,Bid Stock,Ask Stock,Last Stock Price,Implied Volatility,Expiry_dt,Years_to_Expiry,Forward,LogMoneyness,IV_bid,IV_ask,IV_mid,IV_spread,Delta,Ivol/Rvol100d Ratio,Smoothed_IV,TotalVariance,Call Local Vol,Put Local Vol,Realised Vol 100d
RTX,RTX250919P00145000,Put,2025-09-19,145.0,0.9013196234143802,0.14,0.48,1,1026,160.58,160.69,160.66000366210938,0.3037179003906249,2025-09-19,0.057494866529774126,160.8752280913521,-0.10389534131197374,0.24558645746659957,0.3210762143794115,0.2890424838976603,0.0754897569128119,-0.06254972636852607,1.0171250700319787,0.2890424838976603,0.004803440677487511,0.015117305037905657,0.04873615586893073,0.2841759508381528
RTX,RTX260618P00100000,Put,2026-06-18,100.0,0.6096839390077466,0.61,1.23,2,73,160.58,160.69,160.66000366210938,0.3560855407714843,2026-06-18,0.8021902806297057,164.01941006146367,-0.49481458886613605,0.32064457443061656,0.3714322109068533,0.34836645267524635,0.05078763647623674,-0.040764990832160564,1.2258829490946337,0.34836645267524635,0.09735315895253567,0.0,0.0,0.2841759508381528
RTX,RTX270115C00210000,Call,2027-01-15,210.0,1.2612557644710796,2.71,4.95,1,51,160.58,160.69,160.66000366210938,0.2437209417724609,2027-01-15,1.379876796714579,166.50072563836062,0.23210786311811496,0.18325011688921436,0.2268248819287533,0.2060978245515477,0.04357476503953894,0.20110514557059755,0.7252472418713819,0.22377885313931056,0.06910005600717849,0.0,,0.2841759508381528
RTX,RTX250926P00147000,Put,2025-09-26,147.0,0.913296569584812,0.37,0.57,1,18,160.58,160.69,160.66000366210938,0.2502516381835937,2025-09-26,0.07665982203969883,160.95538393057444,-0.09069462135767851,0.23490397525100495,0.26301681151232287,0.24964513330674573,0.028112836261317914,-0.0890411443862823,0.8784878965670341,0.24964513330674573,0.004777646522504585,,0.009706343608597205,0.2841759508381528
RTX,RTX270115P00120000,Put,2027-01-15,120.0,0.7207175796977597,1.94,4.1,1,148,160.58,160.69,160.66000366210938,0.2663647583007812,2027-01-15,1.379876796714579,166.50072563836062,-0.3275079248173077,0.22934168404912794,0.2916627960472658,0.2625916923786539,0.06232111199813786,-0.1119968584641291,0.9240461467768896,0.30017313471071994,0.12433229580900272,0.0,0.0,0.2841759508381528
RTX,RTX250919P00140000,Put,2025-09-19,140.0,0.8702396364000912,0.11,0.33,35,1225,160.58,160.69,160.66000366210938,0.3496158789062499,2025-09-19,0.057494866529774126,160.8752280913521,-0.13898666112324393,0.30026439832543356,0.3691349446223459,0.33986213588683883,0.06887054629691236,-0.040382696582415,1.1959567123271495,0.3398621358868387,0.006641017658044749,0.0,0.0,0.2841759508381528
RTX,RTX260116P00120000,Put,2026-01-16,120.0,0.739629823975009,0.34,1.29,2,4091,160.58,160.69,160.66000366210938,0.351446915283203,2026-01-16,0.38329911019849416,162.2433224164506,-0.30160545581623704,0.27248608785849265,0.3638585440527935,0.3255806570442036,0.09137245619430084,-0.05512602044310688,1.1457009507100482,0.3255806570442036,0.04063076521228458,0.014467605071563545,0.0,0.2841759508381528
RTX,RTX250919C00175000,Call,2025-09-19,175.0,1.087799545500114,0.07,0.18,37,537,160.58,160.69,160.66000366210938,0.2065509033203124,2025-09-19,0.057494866529774126,160.8752280913521,0.08415689019096581,0.17996834238327397,0.21364653691788024,0.19904838328063476,0.03367819453460627,0.04098251773239759,0.700440634380068,0.19910313289167048,0.0022792148064964875,0.0,,0.2841759508381528
RTX,RTX261218P00105000,Put,2026-12-18,105.0,0.631885659430052,1.04,2.18,1,164,160.58,160.69,160.66000366210938,0.2961496166992187,2026-12-18,1.3032169746748803,166.1693036279821,-0.4590468198263633,0.2640665833771044,0.31709979048814557,0.2928475397057209,0.05303320711104115,-0.06174720037057568,1.0305148582840737,0.2928475397057211,0.11176347268875098,,0.012891193744391433,0.2841759508381528
RTX,RTX250919P00130000,Put,2025-09-19,130.0,0.8080796623715133,0.04,0.13,6,3640,160.58,160.69,160.66000366210938,0.42188078125,2025-09-19,0.057494866529774126,160.8752280913521,-0.2130946332769657,0.376667969228108,0.44415595484606574,0.41665856831475734,0.06748798561795771,-0.014522008488172755,1.4661992581914773,0.4166585683147575,0.009981359653804716,,0.015562501305965806,0.2841759508381528
RTX,RTX260320P00110000,Put,2026-03-20,110.0,0.674961280187113,0.54,1.26,2,562,160.58,160.69,160.66000366210938,0.3576724389648437,2026-03-20,0.5557837097878165,162.97231149245445,-0.39309995244066753,0.30902939017131364,0.37121193801164964,0.3434648070650824,0.062182547840336,-0.048132378513934926,1.2086343198714113,0.3434648070650824,0.06556473363320361,,0.0,0.2841759508381528
RTX,RTX260918P00110000,Put,2026-09-18,110.0,0.6662760619184092,1.71,2.36,1,12,160.58,160.69,160.66000366210938,0.3076241113281249,2026-09-18,1.054072553045859,165.0967313507811,-0.40605118694120296,0.299350333401152,0.3270494766708915,0.31367971059705324,0.02769914326973949,-0.07753317888660183,1.1038221555057057,0.31367971059705324,0.10371542757973078,,0.0,0.2841759508381528
RTX,RTX250926C00167500,Call,2025-09-26,167.5,1.0406610571799728,0.97,1.41,36,19,160.58,160.69,160.66000366210938,0.2087481469726562,2025-09-26,0.07665982203969883,160.95538393057444,0.03985614312870629,0.17917608700830287,0.21118182320757983,0.1955366346835315,0.03200573619927696,0.23912840145450487,0.6880829785448517,0.19553663468353152,0.0029310557538510724,0.0,,0.2841759508381528
RTX,RTX261218C00200000,Call,2026-12-18,200.0,1.203591732247718,4.7,6.25,3,10,160.58,160.69,160.66000366210938,0.2456130126953125,2026-12-18,1.3032169746748803,166.1693036279821,0.1853101965641499,0.20138258849155843,0.2278557991887933,0.21484704450805214,0.026473210697234878,0.2633948919160076,0.756035279813014,0.2159829439597145,0.06079328917398075,0.007377102948503311,,0.2841759508381528
RTX,RTX260618P00135000,Put,2026-06-18,135.0,0.8230733176604579,2.08,4.0,71,215,160.58,160.69,160.66000366210938,0.2462843927001953,2026-06-18,0.8021902806297057,164.01941006146367,-0.1947099964157981,0.20928698087244899,0.2665647037629603,0.2393508080991397,0.057277722890511334,-0.15494408760467016,0.8422627157336673,0.2393508080991396,0.045956526039560214,0.027554150262131007,0.005254666479171237,0.2841759508381528
RTX,RTX270115P00100000,Put,2027-01-15,100.0,0.6005979830814665,1.38,2.42,3,105,160.58,160.69,160.66000366210938,0.3228827478027343,2027-01-15,1.379876796714579,166.50072563836062,-0.5098294816112623,0.2988455514003032,0.3449817864339009,0.32337990256219223,0.046136235033597706,-0.06275437099339254,1.1379566131771908,0.32219780199447995,0.14324697467344927,0.0,0.04047047390015593,0.2841759508381528
RTX,RTX260320C00210000,Call,2026-03-20,210.0,1.2885624439935792,0.68,0.91,2,11,160.58,160.69,160.66000366210938,0.2354812780761718,2026-03-20,0.5557837097878165,162.97231149245445,0.2535272124843848,0.21361090983887454,0.22769504026058218,0.22091867296006806,0.014084130421707641,0.07255705751396829,0.7774010161960829,0.22075493054909634,0.02708486267058858,0.0,,0.2841759508381528
RTX,RTX250919C00170000,Call,2025-09-19,170.0,1.056719558485825,0.19,0.51,24,2936,160.58,160.69,160.66000366210938,0.196297099609375,2025-09-19,0.057494866529774126,160.8752280913521,0.05516935331771366,0.15572914599898882,0.2023363314954876,0.18150802433731572,0.04660718549649878,0.10640892906863963,0.638717047667029,0.19410145569885506,0.002166140663087492,0.0,,0.2841759508381528
RTX,RTX270115P00090000,Put,2027-01-15,90.0,0.5405381847733198,1.08,1.88,1,123,160.58,160.69,160.66000366210938,0.3555362298583984,2027-01-15,1.379876796714579,166.50072563836062,-0.6151899972690886,0.33143025293628087,0.3765985016351717,0.35555100718449795,0.045168248698890856,-0.04630605813998545,1.2511650128585143,0.35430861364526794,0.1732222730360816,0.014142369852248536,0.0,0.2841759508381528
RTX,RTX261218P00100000,Put,2026-12-18,100.0,0.601795866123859,1.26,2.07,1,76,160.58,160.69,160.66000366210938,0.3183661914062499,2026-12-18,1.3032169746748803,166.1693036279821,-0.5078369839957954,0.2999931310910346,0.339101067652554,0.320682237215329,0.039107936561519396,-0.058178553164268676,1.1284636728389719,0.32068223721532874,0.13401905078259796,0.0,0.05156156315618877,0.2841759508381528
RTX,RTX260918C00210000,Call,2026-09-18,210.0,1.2719815727533266,2.36,3.15,2,12,160.58,160.69,160.66000366210938,0.238716109008789,2026-09-18,1.054072553045859,165.0967313507811,0.2405759779838495,0.20520179581803805,0.22494003153336106,0.2153368817443869,0.019738235715323016,0.16412780261538512,0.7577589908972561,0.22146697621570802,0.051699751672387835,0.0,,0.2841759508381528
RTX,RTX250926C00172500,Call,2025-09-26,172.5,1.0717255663495242,0.36,0.48,4,13,160.58,160.69,160.66000366210938,0.1984943432617187,2025-09-26,0.07665982203969883,160.95538393057444,0.06927002833499958,0.18687537658713185,0.20186535535305555,0.19460942427094066,0.0149899787659237,0.1040812317500534,0.6848201746029413,0.19460942427094072,0.0029033242557751572,0.0,,0.2841759508381528
RTX,RTX260116P00100000,Put,2026-01-16,100.0,0.6163581866458409,0.16,0.35,1,1009,160.58,160.69,160.66000366210938,0.40039662109375,2026-01-16,0.38329911019849416,162.2433224164506,-0.4839270126101916,0.36421853786734437,0.41125887966369573,0.3905780491473762,0.04704034179635136,-0.016911988247561016,1.374423303574421,0.3905780491473762,0.05847274400166415,0.029061361056607633,0.09781025273371624,0.2841759508381528
RTX,RTX261218P00095000,Put,2026-12-18,95.0,0.5717060728176662,1.16,1.62,2,30,160.58,160.69,160.66000366210938,0.3251410260009765,2026-12-18,1.3032169746748803,166.1693036279821,-0.5591302783833458,0.3192173077926169,0.34488982549975655,0.33258335579772863,0.02567251770713963,-0.04820611018407672,1.1703430737780671,0.3325833557977291,0.14415103012060543,,0.060467645528952944,0.2841759508381528
RTX,RTX260618C00195000,Call,2026-06-18,195.0,1.188883681065106,2.41,3.65,2,74,160.58,160.69,160.66000366210938,0.2354812780761718,2026-06-18,0.8021902806297057,164.01941006146367,0.17301478370951942,0.19111241479440036,0.22235837509527484,0.20724639587277013,0.03124596030087448,0.20065634882408723,0.7292890030332072,0.21015071079644967,0.03542738706567594,0.009610619642842776,,0.2841759508381528
RTX,RTX250926P00152500,Put,2025-09-26,152.5,0.9474675296713185,0.83,1.04,2,10,160.58,160.69,160.66000366210938,0.2126543579101562,2025-09-26,0.07665982203969883,160.95538393057444,-0.05396261208894852,0.2067939438636277,0.22510609027150386,0.21610802839715298,0.01831214640787615,-0.17572628962958714,0.7604726147999532,0.21610802839715298,0.003580219132801454,0.0,0.006544070920399791,0.2841759508381528
RTX,RTX251017P00140000,Put,2025-10-17,140.0,0.8685074122989588,0.37,0.61,3,213,160.58,160.69,160.66000366210938,0.2711254528808594,2025-10-17,0.13415468856947296,161.19609115300102,-0.14097915873871092,0.2506355471491315,0.28195811945099486,0.2672535974195097,0.03132257230186336,-0.06822231722812921,0.9404511417354916,0.2672535974195097,0.009581929586173304,,0.010364213726206292,0.2841759508381528
RTX,RTX260918P00130000,Put,2026-09-18,130.0,0.7874171640853926,2.73,4.45,61,195,160.58,160.69,160.66000366210938,0.2542188836669922,2026-09-18,1.054072553045859,165.0967313507811,-0.23899710227803675,0.2313935088867902,0.2774404865233536,0.25527330076073446,0.04604697763656343,-0.14848524726369305,0.8982931173726263,0.25527330076073446,0.06868806669758508,0.02968048940197118,0.007024480667858108,0.2841759508381528
RTX,RTX260220P00140000,Put,2026-02-20,140.0,0.860754974077903,2.79,4.7,95,325,160.58,160.69,160.66000366210938,0.2976144458007811,2026-02-20,0.4791238877481177,162.64791283951294,-0.14994539800831244,0.2522938983466112,0.31536588815903627,0.2848400129848886,0.06307198981242507,-0.19514345448054482,1.0023367992427832,0.2848400129848886,0.03887315749354007,0.0,0.0,0.2841759508381528
RTX,RTX270115P00095000,Put,2027-01-15,95.0,0.5705680839273931,1.21,1.67,2,54,160.58,160.69,160.66000366210938,0.3183661914062499,2027-01-15,1.379876796714579,166.50072563836062,-0.5611227759988129,0.3141796832669324,0.33876297845643816,0.32695727536664976,0.02458329518950575,-0.04916302674645934,1.1505451970946772,0.3366563155776801,0.15639175170004826,0.026060268324016193,0.0,0.2841759508381528
RTX,RTX251003C00157500,Call,2025-10-03,157.5,0.9780447295327632,5.2,6.45,1,14,160.58,160.69,160.66000366210938,0.2326736889648437,2025-10-03,0.09582477754962354,161.03557970732254,-0.022199874274594,0.15975907450557375,0.228258732859505,0.1944310998019311,0.06849965835393124,0.655031406542568,0.6841926603165156,0.1944310998019311,0.003622507433146057,0.0014682635483181852,,0.2841759508381528
RTX,RTX250905C00167500,Call,2025-09-05,167.5,1.0422173557419974,0.12,0.16,186,39,160.58,160.69,160.66000366210938,0.1845784667968749,2025-09-05,0.019164955509924708,160.71503614593894,0.04135051634030641,0.19479077154257876,0.20806149560054027,0.20166606269894352,0.013270724057961508,0.07116430415401252,0.7096521085058276,0.20166606269894347,0.0007794234248089237,0.0,,0.2841759508381528
RTX,RTX260618P00115000,Put,2026-06-18,115.0,0.7011365298589086,1.34,1.98,2,166,160.58,160.69,160.66000366210938,0.3043282458496094,2026-06-18,0.8021902806297057,164.01941006146367,-0.3550526464909774,0.28937707095610876,0.3210581900511243,0.30590203079591716,0.03168111909501553,-0.07594445077769352,1.076452915504233,0.30590203079591716,0.07506579977112775,0.017045392888690142,0.0,0.2841759508381528
RTX,RTX260918P00120000,Put,2026-09-18,120.0,0.7268466130019009,2.66,3.6,2,55,160.58,160.69,160.66000366210938,0.2905954730224609,2026-09-18,1.054072553045859,165.0967313507811,-0.31903980995157316,0.28245180649564,0.31224997253616565,0.29774986091981304,0.029798166040525653,-0.11574985029136575,1.0477658649214516,0.29774986091981304,0.09344878076917366,0.013843603672826794,0.0,0.2841759508381528
RTX,RTX270115P00115000,Put,2027-01-15,115.0,0.6906876805436865,3.1,4.4,1,116,160.58,160.69,160.66000366210938,0.3005441040039062,2027-01-15,1.379876796714579,166.50072563836062,-0.3700675392361036,0.2898186351393973,0.3262956038521448,0.3086042198598422,0.03647696871274747,-0.11466260736476785,1.0859617745612897,0.30860421985984204,0.1314147255734759,0.0,0.0,0.2841759508381528
RTX,RTX261218P00090000,Put,2026-12-18,90.0,0.5416162795114732,1.0,1.42,40,123,160.58,160.69,160.66000366210938,0.3419255261230468,2026-12-18,1.3032169746748803,166.1693036279821,-0.6131974996536216,0.33450648714866643,0.36127690551142794,0.348493896106576,0.026770418362761506,-0.04090738695728058,1.2263314157257956,0.3484938961065765,0.15827308943683963,,0.0,0.2841759508381528
RTX,RTX261218C00220000,Call,2026-12-18,220.0,1.32395090547249,2.72,3.3,1,14,160.58,160.69,160.66000366210938,0.2417068017578125,2026-12-18,1.3032169746748803,166.1693036279821,0.28062037636847487,0.2135308135206629,0.22676347705936734,0.22026951717714033,0.013232663538704448,0.1610255174594879,0.77511667165175,0.21904715797292698,0.06253051041758746,0.0,,0.2841759508381528
RTX,RTX260220C00210000,Call,2026-02-20,210.0,1.2911324611168546,0.52,0.62,6,11,160.58,160.69,160.66000366210938,0.2335281726074218,2026-02-20,0.4791238877481177,162.64791283951294,0.255519710099852,0.21909246498004573,0.2269817596815668,0.22313239155125553,0.007889294701521082,0.05737876368758253,0.78519097373703,0.22301065544380355,0.02382862882206188,0.0,,0.2841759508381528
RTX,RTX250926C00170000,Call,2025-09-26,170.0,1.0561933117647484,0.61,0.77,2,28,160.58,160.69,160.66000366210938,0.1964191687011718,2025-09-26,0.07665982203969883,160.95538393057444,0.054671228913846806,0.18423930802909042,0.19918406514497825,0.19186607503176084,0.01494475711588783,0.15803082375970684,0.6751664750865377,0.19186607503176087,0.0028220466555690955,0.0,,0.2841759508381528
RTX,RTX260618P00125000,Put,2026-06-18,125.0,0.7621049237596833,1.74,2.68,50,520,160.58,160.69,160.66000366210938,0.2703320037841796,2026-06-18,0.8021902806297057,164.01941006146367,-0.2716710375519263,0.2523202662171431,0.2883078015449942,0.2710586956106397,0.035987535327851095,-0.10741080988623386,0.9538410791313451,0.2710586956106397,0.05893917925962886,0.011233050641927839,0.010949114428956484,0.2841759508381528
RTX,RTX260618C00200000,Call,2026-06-18,200.0,1.2193678780154933,1.92,2.94,1,508,160.58,160.69,160.66000366210938,0.2352066226196288,2026-06-18,0.8021902806297057,164.01941006146367,0.19833259169380923,0.19407489347852283,0.2229045522325669,0.20904738733443642,0.028829658754044057,0.16710642894465044,0.7356265958391938,0.21160508950761175,0.035919444693548644,0.015259387186346297,,0.2841759508381528
RTX,RTX250919P00147000,Put,2025-09-19,147.0,0.9137516182200958,0.21,0.26,5,23,160.58,160.69,160.66000366210938,0.2346267944335937,2025-09-19,0.057494866529774126,160.8752280913521,-0.09019649695381188,0.2372963494715754,0.24859957219731968,0.24310534438538703,0.011303222725744272,-0.057459022447185926,0.8554747284855334,0.24310534438538703,0.0033979585977918962,0.013886075492481427,0.006822060791612837,0.2841759508381528
RTX,RTX260220P00120000,Put,2026-02-20,120.0,0.7377899777810598,0.8,0.97,5,17,160.58,160.69,160.66000366210938,0.2932199584960936,2026-02-20,0.4791238877481177,162.64791283951294,-0.30409607783557063,0.2920240188804006,0.3053594776998139,0.2988518434883163,0.013335458819413337,-0.0578042120855331,1.0516436827496423,0.2988518434883163,0.04279171598183132,,0.017875413829484144,0.2841759508381528
RTX,RTX250926P00150000,Put,2025-09-26,150.0,0.9319352750865428,0.54,0.64,5,15,160.58,160.69,160.66000366210938,0.2150957397460937,2025-09-26,0.07665982203969883,160.95538393057444,-0.07049191404015907,0.21569349949948446,0.2270271860863459,0.22145621104678312,0.01133368658686143,-0.11893790249349145,0.7792925840262587,0.22145621104678312,0.003759616414821425,0.009868487336834613,0.005994255971739535,0.2841759508381528
RTX,RTX260918P00115000,Put,2026-09-18,115.0,0.696561337460155,1.96,2.47,15,44,160.58,160.69,160.66000366210938,0.2835765002441405,2026-09-18,1.054072553045859,165.0967313507811,-0.3615994243703691,0.2835844047990584,0.30323043310766173,0.29364051880300207,0.019646028308603347,-0.08848043079441936,1.0333053093934739,0.29364051880300207,0.09088714688272427,,0.01955877483857872,0.2841759508381528
RTX,RTX260220C00190000,Call,2026-02-20,190.0,1.1681674648200113,1.99,2.47,1,35,160.58,160.69,160.66000366210938,0.2419509399414062,2026-02-20,0.4791238877481177,162.64791283951294,0.15543625154286947,0.21616485173144157,0.23286067783227332,0.22466710676872398,0.016695826100831757,0.17832736939809923,0.7905915546550912,0.2217188508131141,0.023553370406654048,0.0,,0.2841759508381528
RTX,RTX260220C00200000,Call,2026-02-20,200.0,1.229649962968433,1.02,1.18,2,11,160.58,160.69,160.66000366210938,0.2326126544189453,2026-02-20,0.4791238877481177,162.64791283951294,0.20672954593042,0.21681877639313069,0.22501838557261847,0.22098786413288438,0.008199609179487782,0.10115474615623665,0.7776444962393879,0.22259150300775515,0.023739140347622197,0.0,,0.2841759508381528
RTX,RTX250919P00152500,Put,2025-09-19,152.5,0.9479396039358137,0.55,0.83,402,1299,160.58,160.69,160.66000366210938,0.2229081616210937,2025-09-19,0.057494866529774126,160.8752280913521,-0.05346448768508182,0.20621558551768995,0.2373311060053475,0.22232477125062824,0.031115520487657533,-0.1516066427328988,0.7823490010146892,0.22232477125062838,0.0028418737361930978,0.007352705449553296,0.011589813617116525,0.2841759508381528
RTX,RTX250905C00165000,Call,2025-09-05,165.0,1.026661872820475,0.3,0.39,138,104,160.58,160.69,160.66000366210938,0.1743246630859375,2025-09-05,0.019164955509924708,160.71503614593894,0.026312638975765933,0.17935395663621728,0.1960879307681959,0.18791209076767923,0.016733974131978607,0.15902589707098758,0.6612526155483901,0.18791209076767923,0.0006767328596762864,0.0,,0.2841759508381528
RTX,RTX261218P00110000,Put,2026-12-18,110.0,0.661975452736245,2.19,2.77,4,64,160.58,160.69,160.66000366210938,0.2903513348388671,2026-12-18,1.3032169746748803,166.1693036279821,-0.4125268041914704,0.2918461423392033,0.3125025372950415,0.3024214035351754,0.02065639495583821,-0.08573131957895175,1.064204773990231,0.3024214035351751,0.11919053724984029,,0.052874863844009454,0.2841759508381528
RTX,RTX260320P00125000,Put,2026-03-20,125.0,0.7670014547580829,1.23,1.7,13,324,160.58,160.69,160.66000366210938,0.2812571874999999,2026-03-20,0.5557837097878165,162.97231149245445,-0.2652665809307827,0.2702471063775691,0.2954126169611027,0.28326923536817544,0.025165510583533612,-0.08664514447870109,0.9968093166670049,0.28326923536817544,0.04459689615422961,0.02028645061928072,0.01674070973525704,0.2841759508381528
RTX,RTX251121C00185000,Call,2025-11-21,185.0,1.1448156523287607,0.69,0.94,7,286,160.58,160.69,160.66000366210938,0.2296219616699218,2025-11-21,0.2299794661190965,161.59807006802953,0.13524362171097595,0.2080628086232798,0.22585918105274333,0.21726841762785476,0.017796372429463525,0.10639943855254813,0.7645559625543261,0.2163626603167925,0.010765982930776775,0.0,,0.2841759508381528
RTX,RTX250926C00152500,Call,2025-09-26,152.5,0.9474675296713185,9.15,10.85,2,24,160.58,160.69,160.66000366210938,0.3292303405761718,2025-09-26,0.07665982203969883,160.95538393057444,-0.05396261208894852,0.19679167066114195,0.32858110472123353,0.26738108542095124,0.13178943406009158,0.7781419407203508,0.9408997652064979,0.26738108542095135,0.0054806134306497195,0.0,0.006544070920399791,0.2841759508381528
RTX,RTX260618P00130000,Put,2026-06-18,130.0,0.7925891207100706,2.84,4.1,50,1053,160.58,160.69,160.66000366210938,0.2815928775024413,2026-06-18,0.8021902806297057,164.01941006146367,-0.23245032439864508,0.2633732089513791,0.3018157912059042,0.2831360509616258,0.03844258225452507,-0.14837454685264084,0.9963406478505311,0.2831360509616258,0.06430840477142861,0.011909120884487418,0.0,0.2841759508381528
RTX,RTX250905C00147000,Call,2025-09-05,147.0,0.9146623957855141,13.15,15.1,10,16,160.58,160.69,160.66000366210938,0.6157264990234376,2025-09-05,0.019164955509924708,160.71503614593894,-0.0892002481460784,,0.6923240478513002,0.4790865042795966,,0.9159118241363502,1.685879832077879,0.47908650427959615,0.004398814921505556,0.0,,0.2841759508381528
RTX,RTX251017C00180000,Call,2025-10-17,180.0,1.1166523872415184,0.32,0.42,5,259,160.58,160.69,160.66000366210938,0.2077715942382812,2025-10-17,0.13415468856947296,161.19609115300102,0.11033526954219512,0.19503846738455263,0.2074383629825562,0.20145198946470513,0.012399895598003557,0.07235873036342673,0.708898796223043,0.20145198946470513,0.005444386855318537,0.0,,0.2841759508381528
RTX,RTX250926C00157500,Call,2025-09-26,157.5,0.9785320388408699,5.05,6.65,8,291,160.58,160.69,160.66000366210938,0.2698437274169921,2025-09-26,0.07665982203969883,160.95538393057444,-0.02170174987072712,0.17232299380424912,0.26985889277538644,0.22179291653348104,0.09753589897113732,0.649548474803199,0.7804774326586107,0.22179291653348104,0.0037710574649800826,0.0058945204790228495,,0.2841759508381528
RTX,RTX260320P00140000,Put,2026-03-20,140.0,0.8590416293290528,3.3,4.3,29,249,160.58,160.69,160.66000366210938,0.2652661364746094,2026-03-20,0.5557837097878165,162.97231149245445,-0.15193789562377957,0.2528647417000782,0.28345636350066133,0.26840859428730485,0.030591621800583113,-0.195071950086098,0.9445155140526724,0.26840859428730485,0.04004042222565165,0.0,0.0,0.2841759508381528
RTX,RTX260320C00190000,Call,2026-03-20,190.0,1.165842211232286,2.43,2.83,1,25,160.58,160.69,160.66000366210938,0.2359085198974609,2026-03-20,0.5557837097878165,162.97231149245445,0.15344375392740225,0.21333939179633996,0.22552988668906282,0.21950856365483526,0.012190494892722864,0.196044248134442,0.7724389168309754,0.21975060654556094,0.02683897824136841,0.0,,0.2841759508381528
RTX,RTX250912C00152500,Call,2025-09-12,152.5,0.9484119134105975,7.75,9.1,3,32,160.58,160.69,160.66000366210938,0.2800364965820311,2025-09-12,0.038329911019849415,160.7951121697666,-0.052966363281215144,,0.2873912873538835,0.17554252539632914,,0.9404246194990123,0.617724775367449,0.17554252539632914,0.0011811430393300262,0.0032797327083361263,,0.2841759508381528
RTX,RTX250912C00170000,Call,2025-09-12,170.0,1.0572460674085349,0.2,0.25,209,163,160.58,160.69,160.66000366210938,0.1938557177734375,2025-09-12,0.038329911019849415,160.7951121697666,0.055667477721580275,0.1943204816667203,0.205015243224777,0.1998129185072874,0.010694761558056681,0.08024075482208687,0.7031309930272291,0.1998129185072874,0.0015303294555334653,0.0,,0.2841759508381528
RTX,RTX250912P00155000,Put,2025-09-12,155.0,0.9639596496960171,0.55,0.63,2,22,160.58,160.69,160.66000366210938,0.1901936450195313,2025-09-12,0.038329911019849415,160.7951121697666,-0.03670584240943486,0.1963929800377598,0.20641932312102376,0.2014601990396064,0.010026343083263972,-0.1709669844964843,0.7089276852788446,0.2014601990396064,0.0015556658868147559,0.0075886502457667765,0.0,0.2841759508381528
RTX,RTX250912C00150000,Call,2025-09-12,150.0,0.9328641771251779,10.1,11.5,5,22,160.58,160.69,160.66000366210938,0.3217841259765625,2025-09-12,0.038329911019849415,160.7951121697666,-0.06949566523242569,,0.3302046758244802,0.15977721556526214,,0.9873660434011495,0.5622474917177644,0.15977721556526214,0.0009785150461137178,0.0034599939981591814,,0.2841759508381528
RTX,RTX260116P00125000,Put,2026-01-16,125.0,0.7704477333073011,0.72,0.97,4,1959,160.58,160.69,160.66000366210938,0.2905344384765624,2026-01-16,0.38329911019849416,162.2433224164506,-0.2607834612959818,0.28152358387527504,0.30208911550111206,0.2921817853520378,0.02056553162583702,-0.0627500558779327,1.028172104255383,0.2921817853520378,0.03272232004602492,0.012671057042977416,0.021095519696448982,0.2841759508381528
RTX,RTX251121C00180000,Call,2025-11-21,180.0,1.1138746887523077,1.18,1.54,21,960,160.58,160.69,160.66000366210938,0.2306595489501953,2025-11-21,0.2299794661190965,161.59807006802953,0.10784464752286146,0.20694759343956348,0.22609101701567427,0.21674696198592663,0.01914342357611079,0.1621747488975087,0.7627209879887792,0.2178210432116237,0.010911607328479681,0.0,,0.2841759508381528
RTX,RTX270115P00125000,Put,2027-01-15,125.0,0.750747478851833,4.6,5.85,3,604,160.58,160.69,160.66000366210938,0.2778087356567382,2027-01-15,1.379876796714579,166.50072563836062,-0.28668593029705264,0.2777450176465501,0.3059699512748818,0.2920862731059476,0.028224933628331728,-0.15694113910729035,1.0278360017604022,0.29208627310594765,0.11772334847969558,0.0,0.0,0.2841759508381528
RTX,RTX260116P00130000,Put,2026-01-16,130.0,0.8012656426395931,0.82,1.11,2,3524,160.58,160.69,160.66000366210938,0.2638013073730468,2026-01-16,0.38329911019849416,162.2433224164506,-0.22156274814270055,0.2550567530886013,0.2755443402789152,0.26565858666989267,0.020487587190313905,-0.07645197408977211,0.9348383840587329,0.26565858666989267,0.027051137177282088,0.010732324338432516,0.010124399258725006,0.2841759508381528
RTX,RTX250905P00157500,Put,2025-09-05,157.5,0.9799954240559079,0.47,0.55,116,71,160.58,160.69,160.66000366210938,0.1684653466796875,2025-09-05,0.019164955509924708,160.71503614593894,-0.020207376659127037,0.18046511667094006,0.19284053591024417,0.18671556684564894,0.012375419239304103,-0.21339752926436206,0.6570421117443164,0.18671556684564894,0.0006681421500819821,0.0,0.0,0.2841759508381528
RTX,RTX270115P00130000,Put,2027-01-15,130.0,0.7807773780059064,4.9,5.9,1,160,160.58,160.69,160.66000366210938,0.2511671563720703,2027-01-15,1.379876796714579,166.50072563836062,-0.2474652171437713,0.2584672519107789,0.27962301697512487,0.26916753122871145,0.021155765064345966,-0.1734165398836991,0.9471861726329224,0.278488723474933,0.10701768221152536,0.0,0.02893928763031107,0.2841759508381528
RTX,RTX250905C00143000,Call,2025-09-05,143.0,0.8897736231110783,16.8,18.7,12,18,160.58,160.69,160.66000366210938,0.6623568920898439,2025-09-05,0.019164955509924708,160.71503614593894,-0.11678820466490746,,0.7438511435413696,0.395860131709833,,0.9845554488622544,1.3930106701227785,0.3958601317098329,0.0030032490270808588,0.007422635475137575,,0.2841759508381528
RTX,RTX260116C00200000,Call,2026-01-16,200.0,1.2327163732916817,0.54,0.68,13,630,160.58,160.69,160.66000366210938,0.2280350634765625,2026-01-16,0.38329911019849416,162.2433224164506,0.20922016794975373,0.21138629465632905,0.2221895389294599,0.21695095580135776,0.010803244273130841,0.06804600976500777,0.7634388313348803,0.21379804225644478,0.017520450108628054,0.0,,0.2841759508381528
RTX,RTX270115P00105000,Put,2027-01-15,105.0,0.6306278822355398,2.08,2.51,1,195,160.58,160.69,160.66000366210938,0.2995675512695312,2027-01-15,1.379876796714579,166.50072563836062,-0.46103931744183035,0.3054047454315722,0.32177942138832744,0.3137558115220462,0.016374675956755236,-0.07561626998003657,1.1040899505980366,0.31332866658882524,0.13546920209826402,0.0,0.04219594702626655,0.2841759508381528
RTX,RTX260220P00155000,Put,2026-02-20,155.0,0.9529787213005355,6.7,7.9,11,102,160.58,160.69,160.66000366210938,0.2395705926513671,2026-02-20,0.4791238877481177,162.64791283951294,-0.048162703698370106,0.23304249843544383,0.262204108642488,0.2476541566409775,0.029161610207044164,-0.3569327660285454,0.8714817559703509,0.2476541566409775,0.029385904798827977,0.0,0.0,0.2841759508381528
RTX,RTX260320C00200000,Call,2026-03-20,200.0,1.2272023276129327,1.31,1.61,56,386,160.58,160.69,160.66000366210938,0.234809898071289,2026-03-20,0.5557837097878165,162.97231149245445,0.2047370483149529,0.2133760618984067,0.2259187658583533,0.21978670769563993,0.01254270395994661,0.12148602521005114,0.7734176908615867,0.220120005858626,0.026929286370370745,0.0,,0.2841759508381528
RTX,RTX260220P00130000,Put,2026-02-20,130.0,0.7992724759294815,1.51,1.77,25,102,160.58,160.69,160.66000366210938,0.2702709692382812,2026-02-20,0.4791238877481177,162.64791283951294,-0.22405337016203422,0.27086988517288796,0.2839827461702727,0.2775310497734572,0.013112860997384734,-0.10340835305417717,0.9766169478976071,0.2775310497734572,0.03690379090475703,0.0,0.027256760186752167,0.2841759508381528
RTX,RTX260220C00160000,Call,2026-02-20,160.0,0.9837199703747463,10.7,12.9,6,232,160.58,160.69,160.66000366210938,0.2825389129638671,2026-02-20,0.4791238877481177,162.64791283951294,-0.016414005383789797,0.2142477008938417,0.26506458729516796,0.23966021423230124,0.050816886401326256,0.5721655246018853,0.8433514993983264,0.23966021423230133,0.027519447501786993,0.0,0.004689078474934914,0.2841759508381528
RTX,RTX261218C00195000,Call,2026-12-18,195.0,1.173501938941525,6.35,7.3,2,58,160.58,160.69,160.66000366210938,0.2471388763427734,2026-12-18,1.3032169746748803,166.1693036279821,0.15999238857986,0.21336857090428332,0.22846108929619025,0.22096469500462204,0.015092518391906923,0.30567896173513165,0.7775629653139383,0.22051872467653774,0.06337349699135422,0.008571041162222117,,0.2841759508381528
RTX,RTX260618P00120000,Put,2026-06-18,120.0,0.7316207268092959,1.78,2.17,2,331,160.58,160.69,160.66000366210938,0.2820506365966796,2026-06-18,0.8021902806297057,164.01941006146367,-0.31249303207218154,0.2824413745326961,0.29911707389985814,0.29094924408065603,0.016675699367162067,-0.09184573022035358,1.0238348573217615,0.29094924408065603,0.0679065805637613,0.01186939950064503,0.04262837941579987,0.2841759508381528
RTX,RTX270115P00140000,Put,2027-01-15,140.0,0.8408371763140531,7.05,8.4,1,188,160.58,160.69,160.66000366210938,0.2383499017333984,2027-01-15,1.379876796714579,166.50072563836062,-0.17335724499004937,0.2471873993481462,0.2709866838760673,0.2591695183733011,0.023799284527921072,-0.23525556787537028,0.9120036991480196,0.2629278471571106,0.09539233570589774,0.0,0.009905501730642287,0.2841759508381528
RTX,RTX250926P00149000,Put,2025-09-26,149.0,0.9257223732526325,0.46,0.54,1,124,160.58,160.69,160.66000366210938,0.2185136743164062,2025-09-26,0.07665982203969883,160.95538393057444,-0.07718090219095572,0.220158329191766,0.23025856712472909,0.22529511993418816,0.01010023793296308,-0.10231206607120324,0.7928014994572883,0.22529511993418816,0.0038910908962422625,,0.006119634416934569,0.2841759508381528
RTX,RTX270115P00145000,Put,2027-01-15,145.0,0.8708670754681264,8.7,10.25,2,141,160.58,160.69,160.66000366210938,0.2370986935424804,2027-01-15,1.379876796714579,166.50072563836062,-0.1382659251787793,0.24732434209116833,0.2726173949581177,0.2600268808162464,0.025293052866949384,-0.2724602021798499,0.9150207118136466,0.2594709444441461,0.09290044131255722,0.0,0.008868425592023223,0.2841759508381528
RTX,RTX260116C00180000,Call,2026-01-16,180.0,1.1094447359625135,2.44,2.94,272,301,160.58,160.69,160.66000366210938,0.2290726507568359,2026-01-16,0.38329911019849416,162.2433224164506,0.10385965229192737,0.20362420270386816,0.2201360557865156,0.2119803382632163,0.016511853082647437,0.23399437993591188,0.7459474935792362,0.21269076651373328,0.017339440663731463,0.00870184287438457,,0.2841759508381528
RTX,RTX250912C00142000,Call,2025-09-12,142.0,0.883111421011835,18.05,19.9,0,20,160.58,160.69,160.66000366210938,0.5471236694335939,2025-09-12,0.038329911019849415,160.7951121697666,-0.12430390172742073,,0.5719634157855429,0.3765200583257536,,0.9575674925767301,1.3249539843721458,0.3765200583257536,0.0054339300766675,0.01184730061708929,,0.2841759508381528
RTX,RTX260618C00220000,Call,2026-06-18,220.0,1.3413046658170427,0.87,1.07,7,647,160.58,160.69,160.66000366210938,0.2293167889404297,2026-06-18,0.8021902806297057,164.01941006146367,0.2936427714981341,0.20966922038352828,0.21950758264171336,0.21471938011734093,0.009838362258185074,0.07625252838537815,0.7555860356375844,0.2162439112832722,0.03751156398619218,0.0,,0.2841759508381528
RTX,RTX260918C00220000,Call,2026-09-18,220.0,1.3325521238368183,1.84,2.14,1,127,160.58,160.69,160.66000366210938,0.2371902453613281,2026-09-18,1.054072553045859,165.0967313507811,0.2870959936187424,0.21556171474604144,0.2246258046118189,0.2201684654948937,0.009064089865777475,0.12362079614830562,0.7747610761766629,0.2201684654948937,0.05109527441854849,0.0,,0.2841759508381528
RTX,RTX251017C00170000,Call,2025-10-17,170.0,1.0546161435058785,1.51,1.81,90,342,160.58,160.69,160.66000366210938,0.2109453906249999,2025-10-17,0.13415468856947296,161.19609115300102,0.05317685570224654,0.19245807355516079,0.20868301178818371,0.200656363936887,0.01622493823302293,0.24610446938995123,0.7060990324658654,0.200656363936887,0.005401467058262149,0.007507014207354737,,0.2841759508381528
RTX,RTX260618C00210000,Call,2026-06-18,210.0,1.2803362719162679,1.59,1.8,1,55,160.58,160.69,160.66000366210938,0.2320633435058593,2026-06-18,0.8021902806297057,164.01941006146367,0.24712275586324117,0.21376173843653823,0.22112396093678216,0.21749271480769405,0.007362222500243931,0.12075623680889791,0.7653452523558655,0.21371806706146268,0.03664037172136055,0.0,,0.2841759508381528
RTX,RTX260220P00135000,Put,2026-02-20,135.0,0.8300137250036923,2.05,2.41,2,199,160.58,160.69,160.66000366210938,0.2609937182617187,2026-02-20,0.4791238877481177,162.64791283951294,-0.18631304217918718,0.2608569675374654,0.2757726744009725,0.2684182383792694,0.014915706863507072,-0.13660903789858525,0.9445494510974369,0.2684182383792694,0.03452008589065107,0.0,0.04033275755969711,0.2841759508381528
RTX,RTX261218P00135000,Put,2026-12-18,135.0,0.8124244192672098,5.8,6.75,2,143,160.58,160.69,160.66000366210938,0.2460402545166015,2026-12-18,1.3032169746748803,166.1693036279821,-0.20773239154545725,0.25645127914541666,0.2752667200965857,0.2659332067741373,0.01881544095116905,-0.20156167750939247,0.935804757544718,0.26593320677413734,0.092164117567211,0.014683630505822767,0.013420529428666153,0.2841759508381528
RTX,RTX260918P00155000,Put,2026-09-18,155.0,0.938843541794122,10.85,12.15,1,46,160.58,160.69,160.66000366210938,0.2290726507568359,2026-09-18,1.054072553045859,165.0967313507811,-0.06310643581437256,0.24298813263774716,0.2645294348762349,0.25376833962419726,0.02154130223848777,-0.3547660960491372,0.8929972394769126,0.25376833962419715,0.06788055448409148,0.0,0.0,0.2841759508381528
RTX,RTX261218P00120000,Put,2026-12-18,120.0,0.7221550393486309,3.35,3.9,10,201,160.58,160.69,160.66000366210938,0.2691113128662109,2026-12-18,1.3032169746748803,166.1693036279821,-0.32551542720184073,0.2783385123169895,0.29339839988237926,0.28596449264162016,0.015059887565389785,-0.12295217804271208,1.0062937831234213,0.28596449264162,0.10657146869444728,0.017380804658583153,0.023648956815665628,0.2841759508381528
RTX,RTX250926P00155000,Put,2025-09-26,155.0,0.9629997842560942,1.25,1.37,1,24,160.58,160.69,160.66000366210938,0.1936115795898437,2025-09-26,0.07665982203969883,160.95538393057444,-0.037702091217168235,0.19735993546480482,0.20603060334874246,0.20171647610182925,0.008670667883937638,-0.24103357767737443,0.7098295105792157,0.20171647610182925,0.0031192526446716376,0.005278854899935016,0.00475682389141591,0.2841759508381528
RTX,RTX250919P00165000,Put,2025-09-19,165.0,1.025639571471536,5.0,5.4,8,14,160.58,160.69,160.66000366210938,0.1651694812011719,2025-09-19,0.057494866529774126,160.8752280913521,0.025316390168032433,0.15454047513982852,0.1857803316105019,0.1704377207131778,0.03123985647067337,-0.7254262037681872,0.5997612402122215,0.1704377207131778,0.001670169334647412,0.0,0.0,0.2841759508381528
RTX,RTX250905P00155000,Put,2025-09-05,155.0,0.9644399411343856,0.19,0.22,34,174,160.58,160.69,160.66000366210938,0.180672255859375,2025-09-05,0.019164955509924708,160.71503614593894,-0.036207718005568136,0.1984948425755899,0.20643068383770946,0.20252762433916902,0.007935841262119547,-0.09587404353358653,0.7126838979225055,0.20252762433916902,0.0007860973862923283,0.0,0.0,0.2841759508381528
RTX,RTX261218P00130000,Put,2026-12-18,130.0,0.7823346259610168,5.2,5.65,12,18,160.58,160.69,160.66000366210938,0.2534254345703125,2026-12-18,1.3032169746748803,166.1693036279821,-0.24547271952830432,0.27105647392817495,0.2807985310453975,0.2759525506300962,0.009742057117222536,-0.17444812725513725,0.9710622936817759,0.27595255063009616,0.09923972526994047,0.01527395419549984,0.0,0.2841759508381528
RTX,RTX260918C00185000,Call,2026-09-18,185.0,1.1205551950445973,7.4,8.0,1,15,160.58,160.69,160.66000366210938,0.248206980895996,2026-09-18,1.054072553045859,165.0967313507811,0.11382427234470574,0.22001237769936122,0.22997229783175294,0.225004989830013,0.00995992013239172,0.35300351026118265,0.7917805471095634,0.22499765718656578,0.05336131173083012,0.009538270405345458,,0.2841759508381528
RTX,RTX270115P00110000,Put,2027-01-15,110.0,0.6606577813896131,2.55,2.87,3,73,160.58,160.69,160.66000366210938,0.2852854675292968,2027-01-15,1.379876796714579,166.50072563836062,-0.4145193018069375,0.297519177268787,0.3082298787331814,0.3029372937213711,0.010710701464394401,-0.08967122064352584,1.0660201640141729,0.3081542420660859,0.13103177166126004,0.0,0.0,0.2841759508381528
RTX,RTX260618C00190000,Call,2026-06-18,190.0,1.1583994841147185,3.8,4.45,1,346,160.58,160.69,160.66000366210938,0.2345047253417968,2026-06-18,0.8021902806297057,164.01941006146367,0.1470392973062586,0.20608504032760874,0.22048792375472318,0.21335744348005237,0.014402883427114432,0.2501827824720573,0.7507934533192296,0.21342188757031097,0.03653888655322058,0.01049012729085631,,0.2841759508381528
RTX,RTX270115C00190000,Call,2027-01-15,190.0,1.1411361678547862,8.75,9.95,1,119,160.58,160.69,160.66000366210938,0.2627637200927735,2027-01-15,1.379876796714579,166.50072563836062,0.13202440456113237,0.22512267780579132,0.24241411921908163,0.2338023823638754,0.01729144141329031,0.36565234952580034,0.82273810177918,0.2288317501302192,0.07225582700424414,0.0,,0.2841759508381528
RTX,RTX260918C00180000,Call,2026-09-18,180.0,1.0902699195028513,8.95,9.7,2,20,160.58,160.69,160.66000366210938,0.2540968145751954,2026-09-18,1.054072553045859,165.0967313507811,0.0864252981565912,0.2226938402520246,0.23465868458764377,0.22868579469874378,0.011964844335619174,0.40102035276255044,0.8047331029394096,0.22870272762445623,0.05513319913703899,0.015850967728269938,,0.2841759508381528
RTX,RTX261218P00150000,Put,2026-12-18,150.0,0.9026937991857886,10.3,11.1,2,16,160.58,160.69,160.66000366210938,0.2245255770874022,2026-12-18,1.3032169746748803,166.1693036279821,-0.10237187588763096,0.2484142518152604,0.2610522979954525,0.2547413365194254,0.012638046180192097,-0.3094432908730559,0.8964211636068692,0.2547413365194254,0.0845698527066138,0.01063469971696184,0.011114117805916925,0.2841759508381528
RTX,RTX250905P00160000,Put,2025-09-05,160.0,0.9955509069774303,1.16,1.25,89,16,160.58,160.69,160.66000366210938,0.1550377465820313,2025-09-05,0.019164955509924708,160.71503614593894,-0.004459019690987794,0.1683870604858273,0.17873507382775253,0.17356371438790566,0.010348013341925227,-0.4216821894798197,0.6107614450694869,0.17356371438790566,0.0005773320757423283,0.0,0.0,0.2841759508381528
RTX,RTX251003C00165000,Call,2025-10-03,165.0,1.0246182880819423,2.22,2.38,3,13,160.58,160.69,160.66000366210938,0.2030108996582031,2025-10-03,0.09582477754962354,161.03557970732254,0.024320141360298763,0.19348137626051604,0.2021210051662933,0.1978085912447614,0.008639628905777269,0.35697410086026515,0.6960778723932894,0.1978085912447614,0.0037494547760665254,0.003443892805098619,,0.2841759508381528
RTX,RTX261218P00145000,Put,2026-12-18,145.0,0.8726040058795956,9.0,9.65,2,14,160.58,160.69,160.66000366210938,0.2345962771606445,2026-12-18,1.3032169746748803,166.1693036279821,-0.13627342756331234,0.25765489130298874,0.2685432831285973,0.263109416511494,0.010888391825608579,-0.27296222553403826,0.925867990361166,0.263109416511494,0.09021723468074186,0.014085784920267228,0.0,0.2841759508381528
RTX,RTX250926C00135000,Call,2025-09-26,135.0,0.8387417475778886,25.65,27.25,0,10,160.58,160.69,160.66000366210938,0.5510298803710938,2025-09-26,0.07665982203969883,160.95538393057444,-0.17585242969798537,,0.5505544217508794,0.4370025792811017,,0.9349721001765229,1.5377887466979516,0.4370025792811017,0.014639822369208477,0.0,,0.2841759508381528
RTX,RTX251121C00155000,Call,2025-11-21,155.0,0.9591698708700427,10.3,12.15,8,723,160.58,160.69,160.66000366210938,0.2959665130615234,2025-11-21,0.2299794661190965,161.59807006802953,-0.04168708644810231,0.2174507585560769,0.28316388162751965,0.250563767999306,0.06571312307144275,0.657998910751066,0.8817205230079798,0.2543117556193125,0.014873799862775804,0.0,0.0,0.2841759508381528
RTX,RTX250912P00157500,Put,2025-09-12,157.5,0.9795073859814367,1.04,1.13,6,28,160.58,160.69,160.66000366210938,0.1794515649414062,2025-09-12,0.038329911019849415,160.7951121697666,-0.02070550106299375,0.18726887223813532,0.195718279305143,0.19150777919154385,0.00844940706700767,-0.28400321913347093,0.6739056511527733,0.19150777919154385,0.001405758283017877,0.007721584860481677,0.0,0.2841759508381528
RTX,RTX250905C00162500,Call,2025-09-05,162.5,1.0111063898989525,0.84,0.95,458,148,160.58,160.69,160.66000366210938,0.1694418994140625,2025-09-05,0.019164955509924708,160.71503614593894,0.011045166844977314,0.17645334859477899,0.19001713806830833,0.18325904572698018,0.013563789473529347,0.33626456748181366,0.6448787984573403,0.18325904572698018,0.0006436335246689771,0.0,,0.2841759508381528
RTX,RTX261218C00165000,Call,2026-12-18,165.0,0.9929631791043675,16.65,18.1,1,29,160.58,160.69,160.66000366210938,0.2726818338012695,2026-12-18,1.3032169746748803,166.1693036279821,-0.007061696083306092,0.2260197820184029,0.24652403607462411,0.23626801638453251,0.02050425405622122,0.5639696891223364,0.8314145362676895,0.240307297615311,0.07525764903133378,0.0,,0.2841759508381528
RTX,RTX250905C00125000,Call,2025-09-05,125.0,0.7777741460761174,35.65,37.8,3,10,160.58,160.69,160.66000366210938,1.1811564379882813,2025-09-05,0.019164955509924708,160.71503614593894,-0.25131909762251364,,1.6272845185601859,1.3330695801495598,,0.9270393899893183,4.691000685377438,-0.00998791331629767,1.9118655356526604e-06,3.344670291137198e-05,,0.2841759508381528
RTX,RTX260918C00135000,Call,2026-09-18,135.0,0.8177024396271385,33.2,35.2,2,10,160.58,160.69,160.66000366210938,0.3278875805664062,2026-09-18,1.054072553045859,165.0967313507811,-0.20125677429518973,0.24763489582111203,0.29262429556808717,0.2706067752884412,0.044989399746975134,0.8060165422776358,0.9522507956437184,0.2706067752884412,0.07718765319732628,0.0,0.06400888605279931,0.2841759508381528
RTX,RTX250926C00165000,Call,2025-09-26,165.0,1.025128802595197,1.69,1.86,38,50,160.58,160.69,160.66000366210938,0.1945881323242187,2025-09-26,0.07665982203969883,160.95538393057444,0.024818265764165685,0.18527781325141435,0.19586517068136722,0.19058771738122313,0.01058735742995287,0.32854493187802847,0.6706680027606167,0.19058771738122313,0.0027845666925787253,0.00407866379753115,,0.2841759508381528
RTX,RTX250919C00165000,Call,2025-09-19,165.0,1.025639571471536,1.18,1.42,284,2359,160.58,160.69,160.66000366210938,0.1914143359375,2025-09-19,0.057494866529774126,160.8752280913521,0.025316390168032433,0.1777687087724051,0.19588857138969185,0.1868988086141359,0.018119862617286736,0.2937355021217972,0.6576869297450885,0.1915062636717409,0.002108604050748028,0.0,0.0,0.2841759508381528
RTX,RTX270115C00230000,Call,2027-01-15,230.0,1.381375361087373,2.35,2.6,2,70,160.58,160.69,160.66000366210938,0.2394485235595702,2027-01-15,1.379876796714579,166.50072563836062,0.3230796413238417,0.2187345402852976,0.22501711253771806,0.22190961431064288,0.00628257225242046,0.13370028544476187,0.780888085906423,0.22152444129764426,0.06771480180283546,0.0,,0.2841759508381528
RTX,RTX250905C00149000,Call,2025-09-05,149.0,0.9271067821227319,11.8,12.6,2,15,160.58,160.69,160.66000366210938,0.47461462890625,2025-09-05,0.019164955509924708,160.71503614593894,-0.07568652897935567,0.30467987205075964,0.5309990175649765,0.442685897894242,0.22631914551421684,0.8971804273414447,1.557788041488302,0.44268589789424206,0.003755771743630442,0.0,,0.2841759508381528
RTX,RTX270115P00160000,Put,2027-01-15,160.0,0.9609567729303463,14.9,16.6,16,98,160.58,160.69,160.66000366210938,0.225593681640625,2027-01-15,1.379876796714579,166.50072563836062,-0.03982585236552681,0.24746229087429614,0.2714961964358271,0.25947754133722106,0.024033905561530983,-0.3885644658792591,0.9130876155139593,0.25819250372137564,0.09198723604344404,0.002801576792881355,0.0,0.2841759508381528
RTX,RTX251121P00130000,Put,2025-11-21,130.0,0.8044650529877778,0.53,0.62,14,877,160.58,160.69,160.66000366210938,0.2934640966796874,2025-11-21,0.2299794661190965,161.59807006802953,-0.2175777529117664,0.2932609029325611,0.3036932187839459,0.29858208767692673,0.010432315851384821,-0.05579201487785834,1.0506944264505294,0.2985820876769261,0.020502959887329156,0.0,0.030341616395414796,0.2841759508381528
RTX,RTX251121P00135000,Put,2025-11-21,135.0,0.8354060165642307,0.81,0.93,12,428,160.58,160.69,160.66000366210938,0.2785716674804687,2025-11-21,0.2299794661190965,161.59807006802953,-0.17983742492891946,0.27904857560332275,0.2893151771385329,0.28426237184094466,0.01026660153521014,-0.08266334617039783,1.0003041108951585,0.28426237184094466,0.018583512848048506,0.017049710973671254,0.0,0.2841759508381528
RTX,RTX260116P00135000,Put,2026-01-16,135.0,0.8320835519718851,1.41,1.67,66,1820,160.58,160.69,160.66000366210938,0.2573316455078125,2026-01-16,0.38329911019849416,162.2433224164506,-0.18382242015985356,0.2564166440985442,0.27011898259404626,0.2633805921993519,0.013702338495502064,-0.11336075229793563,0.9268222431297696,0.2633805921993517,0.026589204896972952,0.010751648225837053,0.015628872579778866,0.2841759508381528
RTX,RTX260320C00185000,Call,2026-03-20,185.0,1.1351621530419627,3.3,3.7,11,172,160.58,160.69,160.66000366210938,0.2367019689941406,2026-03-20,0.5557837097878165,162.97231149245445,0.12677550684524097,0.21460677820160315,0.22533445925052945,0.22000927403821632,0.010727681048926296,0.24480701029351315,0.7742008899392003,0.22012417537314233,0.026930306569451886,0.02005802198452783,,0.2841759508381528
RTX,RTX250919C00147000,Call,2025-09-19,147.0,0.9137516182200958,13.85,14.65,10,12,160.58,160.69,160.66000366210938,0.3376531079101562,2025-09-19,0.057494866529774126,160.8752280913521,-0.09019649695381188,0.14566218403080144,0.3350863286046413,0.27680814507889934,0.18942414457383988,0.9180560749359102,0.9740730848704026,0.2975508868025685,0.005090395988985336,0.013886075492481427,0.006822060791612837,0.2841759508381528
RTX,RTX260618P00165000,Put,2026-06-18,165.0,1.0059784993627818,13.15,13.85,30,10,160.58,160.69,160.66000366210938,0.1981891705322265,2026-06-18,0.8021902806297057,164.01941006146367,0.005960699046353048,0.22332073853403622,0.23570852106782986,0.22951381719892877,0.012387782533793634,-0.47059059622277266,0.8076468699128033,0.22951381719892877,0.04225665034789986,0.0007944391643757058,0.0025140030049537066,0.2841759508381528
RTX,RTX251003C00155000,Call,2025-10-03,155.0,0.9625202100163701,7.9,8.3,2,10,160.58,160.69,160.66000366210938,0.2476881872558593,2025-10-03,0.09582477754962354,161.03557970732254,-0.03820021562103518,0.21783840220517187,0.24164046381526164,0.22982816526620212,0.02380206161008977,0.7165116474449066,0.8087530439797721,0.22982816526620212,0.005061559190245051,0.004898894508941844,,0.2841759508381528
RTX,RTX270115C00220000,Call,2027-01-15,220.0,1.3213155627792261,3.25,3.6,1,153,160.58,160.69,160.66000366210938,0.2413405944824218,2027-01-15,1.379876796714579,166.50072563836062,0.27862787875300776,0.21839064697811617,0.2257693193064464,0.22211441927246517,0.007378672328330227,0.17426717917435186,0.7816087836333708,0.22263058521206358,0.06839273441703056,0.0,,0.2841759508381528
RTX,RTX251121P00170000,Put,2025-11-21,170.0,1.0519927615994018,11.65,12.4,1,21,160.58,160.69,160.66000366210938,0.2102129760742187,2025-11-21,0.2299794661190965,161.59807006802953,0.05068623368291297,0.21281996202715184,0.23950597174376045,0.22624801982650794,0.026686009716608616,-0.6601617931685937,0.7961547033069077,0.2262480198265079,0.011772227197631586,0.0,0.0,0.2841759508381528
RTX,RTX261218P00125000,Put,2026-12-18,125.0,0.7522448326548239,4.3,4.7,1,82,160.58,160.69,160.66000366210938,0.2609937182617187,2026-12-18,1.3032169746748803,166.1693036279821,-0.28469343268158553,0.27706323108690717,0.2867090920557544,0.2819173896394484,0.00964586096884723,-0.1478920550083056,0.9920522437171656,0.2819173896394484,0.10357631578538916,0.01623089635984416,0.0845121190197975,0.2841759508381528
RTX,RTX260918C00175000,Call,2026-09-18,175.0,1.0599846439611056,10.7,11.65,3,73,160.58,160.69,160.66000366210938,0.2606885455322265,2026-09-18,1.054072553045859,165.0967313507811,0.05825442118989498,0.22512296503930715,0.23992382253187425,0.2325287352237986,0.014800857492567099,0.45040074471589736,0.818256205488096,0.2321969217108451,0.05683075434364695,0.0,,0.2841759508381528
RTX,RTX260116C00155000,Call,2026-01-16,155.0,0.9553551893010533,12.3,14.0,8,797,160.58,160.69,160.66000366210938,0.2788158056640625,2026-01-16,0.38329911019849416,162.2433224164506,-0.04567208167903632,0.21422405406839296,0.2606603625888957,0.23754663328744285,0.046436308520502734,0.6495422741832028,0.8359139208888693,0.23876423457793755,0.02185125355209411,0.004326993541388998,0.0038057882726792256,0.2841759508381528
RTX,RTX260918C00165000,Call,2026-09-18,165.0,0.9994140928776137,14.95,16.05,2,40,160.58,160.69,160.66000366210938,0.2719494192504882,2026-09-18,1.054072553045859,165.0967313507811,-0.0005860788330385678,0.2310004094002998,0.24813925958294925,0.23956751736043572,0.017138850182649434,0.5498816972397546,0.843025304054941,0.23931175776596453,0.06036685886636205,0.0,,0.2841759508381528
RTX,RTX250919P00150000,Put,2025-09-19,150.0,0.9323996104286691,0.36,0.41,37,922,160.58,160.69,160.66000366210938,0.215828154296875,2025-09-19,0.057494866529774126,160.8752280913521,-0.06999378963629242,0.22140020295542034,0.2292113383900829,0.2253625548791728,0.007811135434662553,-0.09303455421443507,0.7930387994286116,0.2253625548791729,0.0029200654455168585,0.010024545493240047,0.0064749073612440635,0.2841759508381528
RTX,RTX250926C00130000,Call,2025-09-26,130.0,0.807677238408337,30.6,32.0,0,10,160.58,160.69,160.66000366210938,0.500005,2025-09-26,0.07665982203969883,160.95538393057444,-0.2135927576808325,,0.6032872091498789,0.4816194366733235,,0.9523856476270203,1.6947930859484344,0.4816194366733235,0.017781803942184326,0.0,,0.2841759508381528
RTX,RTX251121C00175000,Call,2025-11-21,175.0,1.0829337251758546,2.11,2.38,11,653,160.58,160.69,160.66000366210938,0.2296829962158203,2025-11-21,0.2299794661190965,161.59807006802953,0.0796737705561651,0.21272453837563493,0.22405912302722353,0.21843419904862113,0.011334584651588597,0.2394065137079413,0.7686582851376693,0.21963467064354902,0.011094068824341741,0.0,0.0,0.2841759508381528
RTX,RTX261218C00170000,Call,2026-12-18,170.0,1.0230529724105604,15.05,16.25,3,63,160.58,160.69,160.66000366210938,0.2737804556274413,2026-12-18,1.3032169746748803,166.1693036279821,0.02279126706637499,0.23253573991763843,0.2493112137199675,0.2409217195059751,0.016775473802329077,0.5217908945775589,0.8477906691097434,0.23613976640213685,0.07266997096671579,0.009696366185547471,,0.2841759508381528
RTX,RTX260220C00165000,Call,2026-02-20,165.0,1.0144612194489573,9.1,9.9,11,103,160.58,160.69,160.66000366210938,0.2643506182861328,2026-02-20,0.4791238877481177,162.64791283951294,0.014357653282964008,0.23056172260138566,0.24873642748616617,0.23964918238905827,0.018174704884780513,0.4985589523268318,0.8433126789308997,0.2334673601908624,0.026115609713992412,0.0,0.0,0.2841759508381528
RTX,RTX251003C00160000,Call,2025-10-03,160.0,0.9935692490491562,4.55,4.75,12,10,160.58,160.69,160.66000366210938,0.2166826379394531,2025-10-03,0.09582477754962354,161.03557970732254,-0.006451517306454903,0.20330334568405659,0.21348949312790366,0.20839697747652908,0.010186147443847077,0.552611668954467,0.7333378382719576,0.20839697747652908,0.0041616030328469646,0.0011767116039356458,,0.2841759508381528
RTX,RTX261218P00140000,Put,2026-12-18,140.0,0.8425142125734028,7.3,7.95,11,120,160.58,160.69,160.66000366210938,0.2377090390014647,2026-12-18,1.3032169746748803,166.1693036279821,-0.17136474737458235,0.2571849945523196,0.2689501994399272,0.26308753783619554,0.011765204887607628,-0.23553365001954862,0.9257910004708042,0.2630875378361954,0.09020223140534617,0.014960222027288255,0.019688104681733865,0.2841759508381528
RTX,RTX261218C00160000,Call,2026-12-18,160.0,0.9628733857981745,19.6,21.2,17,82,160.58,160.69,160.66000366210938,0.2862467616271972,2026-12-18,1.3032169746748803,166.1693036279821,-0.03783335475005982,0.2356349760604079,0.25883107641784053,0.24723250773882668,0.023196100357432636,0.6084059056518198,0.869997995993804,0.24341109588358964,0.07721425248800283,0.0,,0.2841759508381528
RTX,RTX261218C00175000,Call,2026-12-18,175.0,1.0531427657167534,12.55,13.45,5,49,160.58,160.69,160.66000366210938,0.2594068200683594,2026-12-18,1.3032169746748803,166.1693036279821,0.05177880393962732,0.2235374323086241,0.23612789880673482,0.22983454200590686,0.012590466498110714,0.47362595998537355,0.8087754833863648,0.23340749588442644,0.07099803462909883,0.0,,0.2841759508381528
RTX,RTX270115C00195000,Call,2027-01-15,195.0,1.1711660670088595,7.25,7.9,2,141,160.58,160.69,160.66000366210938,0.2493361199951171,2027-01-15,1.379876796714579,166.50072563836062,0.157999890964393,0.2201161994222885,0.229955669799335,0.22505421370742654,0.009839470377046494,0.3207974569910996,0.7919537633063188,0.2270168049423298,0.07111419954008706,0.0,,0.2841759508381528
RTX,RTX261218C00145000,Call,2026-12-18,145.0,0.8726040058795956,27.85,30.1,2,89,160.58,160.69,160.66000366210938,0.3078682495117187,2026-12-18,1.3032169746748803,166.1693036279821,-0.13627342756331234,0.23747814453197166,0.27537274270768014,0.2565628488805761,0.03789459817570848,0.7296379793718126,0.9028309683626142,0.25563803124572915,0.08516627580324594,0.014085784920267228,0.0,0.2841759508381528
RTX,RTX260116P00160000,Put,2026-01-16,160.0,0.9861730986333453,7.1,7.85,38,338,160.58,160.69,160.66000366210938,0.2051471087646484,2026-01-16,0.38329911019849416,162.2433224164506,-0.013923383364456053,0.20843355106092595,0.22773305127286644,0.2180846029386387,0.01929950021194049,-0.43225686619041215,0.7674280750901571,0.2180846029386387,0.018230048365356657,0.0013615250528138216,0.0009634282021677388,0.2841759508381528
RTX,RTX270115P00155000,Put,2027-01-15,155.0,0.930926873776273,12.6,13.5,4,58,160.58,160.69,160.66000366210938,0.218910398864746,2027-01-15,1.379876796714579,166.50072563836062,-0.07157455068010707,0.2470594815691908,0.26024535666339277,0.2536554647415305,0.013185875094201965,-0.34856633840874673,0.8926000387907397,0.2570345455680657,0.0911639858676319,0.005745515690006841,0.0,0.2841759508381528
RTX,RTX261218C00185000,Call,2026-12-18,185.0,1.1133223523291393,9.6,10.35,2,87,160.58,160.69,160.66000366210938,0.2576978527832031,2026-12-18,1.3032169746748803,166.1693036279821,0.10734865509443815,0.2260893087255534,0.23695920106021953,0.23153366913013407,0.01086989233466612,0.3920497197353745,0.8147546210270264,0.22872893055061086,0.0681803029905907,0.0,,0.2841759508381528
RTX,RTX260116C00185000,Call,2026-01-16,185.0,1.1402626452948055,1.7,1.89,82,572,160.58,160.69,160.66000366210938,0.2209550561523437,2026-01-16,0.38329911019849416,162.2433224164506,0.13125862648004177,0.20556365019732611,0.21311618884935016,0.2093747119234426,0.007552538652024043,0.17162088800403574,0.7367784335933766,0.2120079364656455,0.017228285057957465,0.012899704354666912,,0.2841759508381528
RTX,RTX250919P00162500,Put,2025-09-19,162.5,1.0100995779643915,3.6,3.75,18,11,160.58,160.69,160.66000366210938,0.1688315539550781,2025-09-19,0.057494866529774126,160.8752280913521,0.010048918037243962,0.17583892416288288,0.18582786870870596,0.18083707117258643,0.00998894454582308,-0.5831927245019501,0.6363559992998101,0.18083707117258643,0.0018801997878599888,0.0,0.0,0.2841759508381528
RTX,RTX250912C00165000,Call,2025-09-12,165.0,1.0261505948376957,0.86,0.93,172,150,160.58,160.69,160.66000366210938,0.1860432958984375,2025-09-12,0.038329911019849415,160.7951121697666,0.02581451457189916,0.18868693042352888,0.19566234636513055,0.19218952901800093,0.00697541594160167,0.2523057011390925,0.6763046923962224,0.19218952901800093,0.0014157848347659254,0.0,,0.2841759508381528
RTX,RTX261218C00140000,Call,2026-12-18,140.0,0.8425142125734028,31.4,33.45,4,57,160.58,160.69,160.66000366210938,0.3162299822998046,2026-12-18,1.3032169746748803,166.1693036279821,-0.17136474737458235,0.24481592622229906,0.2819335813116479,0.2635731836943836,0.03711765508934886,0.7642281009885785,0.9274999623191087,0.2603905762021868,0.08836234917250012,0.014960222027288255,0.019688104681733865,0.2841759508381528
RTX,RTX251017P00155000,Put,2025-10-17,155.0,0.9615617779024187,2.13,2.32,22,257,160.58,160.69,160.66000366210938,0.1958698577880859,2025-10-17,0.13415468856947296,161.19609115300102,-0.03919646442876854,0.1987647020107631,0.20827117823077557,0.20353321674577357,0.009506476220012466,-0.28669709209314476,0.7162225239168539,0.20353321674577357,0.005557461315880138,0.004179209759404921,0.0028993906969421355,0.2841759508381528
RTX,RTX260116P00140000,Put,2026-01-16,140.0,0.8629014613041772,2.0,2.26,2,2811,160.58,160.69,160.66000366210938,0.2436599072265625,2026-01-16,0.38329911019849416,162.2433224164506,-0.14745477598897863,0.24621871037005566,0.2573573632694181,0.2518427805375343,0.011138652899362445,-0.1529944687416841,0.886221299848722,0.2518427805375344,0.024310664080062255,0.01073561711279021,0.012371913360554435,0.2841759508381528
RTX,RTX260918C00170000,Call,2026-09-18,170.0,1.0296993684193596,12.7,13.65,7,108,160.58,160.69,160.66000366210938,0.2648694119262695,2026-09-18,1.054072553045859,165.0967313507811,0.029266884316642587,0.22792951083521307,0.24261548285408405,0.23527250924673151,0.01468597201887098,0.4998451392545924,0.8279113997958493,0.23568000158499852,0.05854852652056232,0.0,,0.2841759508381528
RTX,RTX260116P00165000,Put,2026-01-16,165.0,1.0169910079656375,9.95,10.35,8,12,160.58,160.69,160.66000366210938,0.1975177905273437,2026-01-16,0.38329911019849416,162.2433224164506,0.016848275302297707,0.21454243139294757,0.2247025430692868,0.21962311824190758,0.010160111676339234,-0.5222992243523802,0.772842028307279,0.21962311824190758,0.018488169662647085,0.001604645541467489,0.0,0.2841759508381528
RTX,RTX250912C00162500,Call,2025-09-12,162.5,1.010602858552276,1.6,1.73,149,168,160.58,160.69,160.66000366210938,0.188484677734375,2025-09-12,0.038329911019849415,160.7951121697666,0.010547042441110635,0.18674481193618014,0.19747400770833332,0.19211527774560502,0.010729195772153172,0.39681186303579397,0.6760434061326349,0.19211527774560502,0.0014146910861212688,0.0,,0.2841759508381528
RTX,RTX250926C00162500,Call,2025-09-26,162.5,1.0095965480104214,2.74,2.89,10,36,160.58,160.69,160.66000366210938,0.2022784851074218,2025-09-26,0.07665982203969883,160.95538393057444,0.009550793633377377,0.19407634809963226,0.20263198831747356,0.1983555291501801,0.008555640217841304,0.44178512479169263,0.6980025176836652,0.1983555291501801,0.0030161742544682884,0.001613853401587723,,0.2841759508381528
RTX,RTX261218C00190000,Call,2026-12-18,190.0,1.1434121456353323,8.05,8.55,1,61,160.58,160.69,160.66000366210938,0.2495497409057617,2026-12-18,1.3032169746748803,166.1693036279821,0.1340169021765995,0.22236822765253067,0.22989946059319608,0.22614177346437403,0.0075312329406654055,0.3482523332481862,0.7957808280306202,0.2252995069374935,0.0661511213834584,0.01583675260633999,,0.2841759508381528
RTX,RTX260116C00190000,Call,2026-01-16,190.0,1.1710805546270977,1.19,1.28,7,147,160.58,160.69,160.66000366210938,0.2198564343261718,2026-01-16,0.38329911019849416,162.2433224164506,0.15792687356220325,0.20847427489632303,0.21287373358396164,0.21069079099350252,0.004399458687638608,0.12600239552884573,0.7414096455808029,0.21246435730882884,0.017302544661824824,0.02448905921990883,,0.2841759508381528
RTX,RTX250919P00155000,Put,2025-09-19,155.0,0.9634795974429581,0.92,1.01,32,667,160.58,160.69,160.66000366210938,0.1921467504882812,2025-09-19,0.057494866529774126,160.8752280913521,-0.0372039668133016,0.19753922070051022,0.20557457515837946,0.20158060807868117,0.008035354457869237,-0.21363395130725238,0.7093513982591994,0.20158060807868114,0.0023362890420829236,0.005639443885234436,0.007822236249917255,0.2841759508381528
RTX,RTX260320C00155000,Call,2026-03-20,155.0,0.9510818039000228,15.3,16.5,4,200,160.58,160.69,160.66000366210938,0.2861704684448242,2026-03-20,0.5557837097878165,162.97231149245445,-0.05015520131383716,0.2378224937002097,0.2648782267526469,0.2513733171218245,0.027055733052437192,0.6410759124924105,0.8845692831515837,0.239272243183806,0.031819287859594,0.0032672623194633836,0.005322110304576786,0.2841759508381528
RTX,RTX260918P00150000,Put,2026-09-18,150.0,0.9085582662523761,9.0,9.7,2,203,160.58,160.69,160.66000366210938,0.2265091998291015,2026-09-18,1.054072553045859,165.0967313507811,-0.09589625863736342,0.2460603038815568,0.25832172221838146,0.25219999159159795,0.012261418336824648,-0.3086001884554582,0.8874783064779251,0.25219999159159795,0.06704411161434305,0.0,0.0,0.2841759508381528
RTX,RTX260320C00175000,Call,2026-03-20,175.0,1.0738020366613161,5.85,6.45,6,1241,160.58,160.69,160.66000366210938,0.2458571508789062,2026-03-20,0.5557837097878165,162.97231149245445,0.07120565569043029,0.21858641462310022,0.2320127626180124,0.2253168719786956,0.013426347994912186,0.36695971816500633,0.7928780437406566,0.22484059098093412,0.028096695809963337,0.0,,0.2841759508381528
RTX,RTX260320C00085000,Call,2026-03-20,85.0,0.5215609892354964,75.75,78.2,0,10,160.58,160.69,160.66000366210938,0.5553022985839844,2026-03-20,0.5557837097878165,162.97231149245445,-0.6509290617427672,,0.6320889936819648,0.5149371762207301,,0.9704572937907476,1.8120364327170075,0.5148736397311174,0.1473354074542467,0.01843616784538878,,0.2841759508381528
RTX,RTX260320P00130000,Put,2026-03-20,130.0,0.7976815129484063,1.85,2.0,1,356,160.58,160.69,160.66000366210938,0.2609937182617187,2026-03-20,0.5557837097878165,162.97231149245445,-0.22604586777750132,0.2691025901213048,0.27572680759614415,0.2724394351110072,0.006624217474839378,-0.112278804975114,0.9586998277210661,0.2724394351110072,0.04125207090522041,0.0,0.015197692123864317,0.2841759508381528
RTX,RTX250919C00167500,Call,2025-09-19,167.5,1.0411795649786806,0.75,0.84,30,5308,160.58,160.69,160.66000366210938,0.1914143359375,2025-09-19,0.057494866529774126,160.8752280913521,0.040354267532572985,0.18820779473803473,0.19663344291015014,0.19245587847606702,0.008425648172115413,0.19727525045374172,0.6772419619198415,0.1902624870811608,0.002081303473775459,0.0,,0.2841759508381528
RTX,RTX260918C00150000,Call,2026-09-18,150.0,0.9085582662523761,23.15,24.85,2,237,160.58,160.69,160.66000366210938,0.299689620361328,2026-09-18,1.054072553045859,165.0967313507811,-0.09589625863736342,0.24092488271483414,0.27065830408267183,0.255841928276494,0.029733421367837687,0.6902007759244388,0.9002940872438713,0.2521733071459349,0.06702992493419146,0.0,0.0,0.2841759508381528
RTX,RTX251121C00150000,Call,2025-11-21,150.0,0.9282289072935898,14.5,15.85,11,988,160.58,160.69,160.66000366210938,0.3192817095947264,2025-11-21,0.2299794661190965,161.59807006802953,-0.07447690927109311,0.25018866655184646,0.30392747470292153,0.277464609139855,0.05373880815107507,0.7344241909723535,0.9763831468549564,0.26376099581063994,0.01599963993025521,0.0,0.0,0.2841759508381528
RTX,RTX260116P00145000,Put,2026-01-16,145.0,0.8937193706364692,2.68,2.91,22,629,160.58,160.69,160.66000366210938,0.2254105780029296,2026-01-16,0.38329911019849416,162.2433224164506,-0.11236345617770857,0.2318491859661202,0.24016474134985913,0.23602843016216962,0.008315555383738932,-0.19989315862082302,0.8305714451417294,0.2360284301621696,0.021353371056193136,0.00976291541751179,0.0063681078780247445,0.2841759508381528
RTX,RTX270115C00090000,Call,2027-01-15,90.0,0.5405381847733198,72.3,75.15,2,21,160.58,160.69,160.66000366210938,0.45508357421875,2027-01-15,1.379876796714579,166.50072563836062,-0.6151899972690886,0.2280910693411522,0.4250071887678843,0.35880462410071673,0.1969161194267321,0.9525730790205542,1.2626143170892998,0.3115343591763329,0.1339220892580255,0.014142369852248536,0.0,0.2841759508381528
RTX,RTX260918C00160000,Call,2026-09-18,160.0,0.9691288173358679,17.5,18.5,10,85,160.58,160.69,160.66000366210938,0.2766795965576171,2026-09-18,1.054072553045859,165.0967313507811,-0.03135773749979225,0.23509584741739636,0.2510472357865524,0.2430715725118694,0.01595138836915605,0.598873399374113,0.855355887065568,0.24361487283531574,0.0625573152980926,0.0,0.0,0.2841759508381528
RTX,RTX250905C00160000,Call,2025-09-05,160.0,0.9955509069774303,2.0,2.15,164,331,160.58,160.69,160.66000366210938,0.1792074267578124,2025-09-05,0.019164955509924708,160.71503614593894,-0.004459019690987794,0.18281587531338134,0.2000103271922821,0.1914185450944744,0.017194451878900757,0.5720193924973446,0.6735916411290318,0.1914185450944744,0.0007022242733541336,0.0,0.0,0.2841759508381528
RTX,RTX260918P00135000,Put,2026-09-18,135.0,0.8177024396271385,4.95,5.25,4,123,160.58,160.69,160.66000366210938,0.2424086990356445,2026-09-18,1.054072553045859,165.0967313507811,-0.20125677429518973,0.2602082257613259,0.2670325551214242,0.26363219737567284,0.006824329360098302,-0.1897292821832024,0.9277076283130649,0.26363219737567295,0.0732600825868677,0.0,0.06400888605279931,0.2841759508381528
RTX,RTX251017P00150000,Put,2025-10-17,150.0,0.9305436560345987,1.2,1.29,17,373,160.58,160.69,160.66000366210938,0.2105791833496093,2025-10-17,0.13415468856947296,161.19609115300102,-0.07198628725175951,0.21560759154774722,0.22158025458454295,0.21861038143919964,0.005972663036795722,-0.17384759485514523,0.769278261564453,0.21861038143919964,0.006411319492886039,0.005886567615967403,0.004909172720157051,0.2841759508381528
RTX,RTX270115C00160000,Call,2027-01-15,160.0,0.9609567729303463,19.9,21.15,29,152,160.58,160.69,160.66000366210938,0.2775340802001953,2027-01-15,1.379876796714579,166.50072563836062,-0.03982585236552681,0.23143290257887267,0.24910056198817554,0.24026673617600214,0.01766765940930287,0.6111150172871226,0.8454858177384675,0.24252906251520123,0.08116483084711623,0.002801576792881355,0.0,0.2841759508381528
RTX,RTX260918C00145000,Call,2026-09-18,145.0,0.8782729907106303,26.2,27.7,3,102,160.58,160.69,160.66000366210938,0.3014596221923828,2026-09-18,1.054072553045859,165.0967313507811,-0.12979781031304477,0.24162199044780525,0.2698330635637449,0.25581613819569604,0.028211073115939678,0.734185852476163,0.9002033333263709,0.25581613819569604,0.06898050698459518,0.0,0.019798720337870456,0.2841759508381528
RTX,RTX270115P00135000,Put,2027-01-15,135.0,0.8108072771599797,6.65,7.1,15,232,160.58,160.69,160.66000366210938,0.2453078399658203,2027-01-15,1.379876796714579,166.50072563836062,-0.2097248891609243,0.2672453196600794,0.27577936609449966,0.27152599065769517,0.00853404643442024,-0.20696061772344243,0.9554854654549492,0.2681297537270043,0.09920426194712337,0.0,0.011720064723460254,0.2841759508381528
RTX,RTX261218C00115000,Call,2026-12-18,115.0,0.6920652460424379,50.25,52.3,1,27,160.58,160.69,160.66000366210938,0.3626772717285156,2026-12-18,1.3032169746748803,166.1693036279821,-0.3680750416206367,0.2532676764294825,0.319326858498624,0.2886567370891272,0.06605918206914152,0.9000340282707526,1.0157676476062056,0.28923192670719816,0.10902075601680174,0.01906526774208255,,0.2841759508381528
RTX,RTX260116C00195000,Call,2026-01-16,195.0,1.2018984639593897,0.8,0.87,3,1083,160.58,160.69,160.66000366210938,0.2202226416015624,2026-01-16,0.38329911019849416,162.2433224164506,0.1839023599654639,0.20956277694623537,0.21390435396421797,0.21175541652433086,0.004341577017982601,0.09057680645429955,0.7451560059877561,0.21304542940082652,0.017397316080497077,0.0,,0.2841759508381528
RTX,RTX250926C00155000,Call,2025-09-26,155.0,0.9629997842560942,7.45,7.8,11,45,160.58,160.69,160.66000366210938,0.2439040454101562,2025-09-26,0.07665982203969883,160.95538393057444,-0.037702091217168235,0.21621617502572257,0.2402846098428177,0.22836321015653313,0.024068434817095113,0.7349656414964646,0.8035979451568483,0.22836321015653308,0.003997790995438502,0.005278854899935016,0.00475682389141591,0.2841759508381528
RTX,RTX260618C00160000,Call,2026-06-18,160.0,0.9754943024123945,14.15,15.25,3,559,160.58,160.69,160.66000366210938,0.2598950964355468,2026-06-18,0.8021902806297057,164.01941006146367,-0.0248109596204006,0.216689611563185,0.23659550095172124,0.22664357606013966,0.01990588938853624,0.5885132415364377,0.7975466445759175,0.23164527650593622,0.04304515674020784,0.0021462691512961606,0.0,0.2841759508381528
RTX,RTX260116C00135000,Call,2026-01-16,135.0,0.8320835519718851,27.6,30.0,2,1282,160.58,160.69,160.66000366210938,0.3673158972167969,2026-01-16,0.38329911019849416,162.2433224164506,-0.18382242015985356,0.2187375531391417,0.338807677977556,0.28603564900145817,0.12007012483841431,0.8700384288118623,1.0065441785549423,0.2851260075831687,0.031161006510730744,0.010751648225837053,0.015628872579778866,0.2841759508381528
RTX,RTX251121C00165000,Call,2025-11-21,165.0,1.0210517980229488,5.3,5.75,33,1105,160.58,160.69,160.66000366210938,0.2451857708740234,2025-11-21,0.2299794661190965,161.59807006802953,0.020833270533231776,0.2216037434783259,0.23643494243661387,0.2290233052112596,0.014831198958287967,0.44639698001215994,0.8059207844146377,0.23077940854147883,0.012248507526810136,0.0,0.0,0.2841759508381528
RTX,RTX260918C00155000,Call,2026-09-18,155.0,0.938843541794122,20.2,21.5,2,272,160.58,160.69,160.66000366210938,0.2867808139038085,2026-09-18,1.054072553045859,165.0967313507811,-0.06310643581437256,0.2378592349909405,0.25941963337995055,0.24864993494638318,0.021560398389010055,0.64611134770831,0.8749858466665155,0.24864993494638324,0.065169922538819,0.0,0.0,0.2841759508381528
RTX,RTX270115C00200000,Call,2027-01-15,200.0,1.201195966162933,6.35,6.75,4,251,160.58,160.69,160.66000366210938,0.2467726690673828,2027-01-15,1.379876796714579,166.50072563836062,0.18331769894868305,0.22195008343679387,0.22830887315462794,0.22513987482460074,0.0063587897178340735,0.28742484444829913,0.7922552002045558,0.22473926504454178,0.0696944546896412,0.04412765194231843,,0.2841759508381528
RTX,RTX260918P00145000,Put,2026-09-18,145.0,0.8782729907106303,7.45,7.75,2,38,160.58,160.69,160.66000366210938,0.2274857525634765,2026-09-18,1.054072553045859,165.0967313507811,-0.12979781031304477,0.2506344904866366,0.25628632342004953,0.2534640600843055,0.005651832933412926,-0.26470694376857684,0.8919264960202818,0.25346406008430555,0.0677178684611961,0.0,0.019798720337870456,0.2841759508381528
RTX,RTX260918P00160000,Put,2026-09-18,160.0,0.9691288173358679,12.95,13.3,2,11,160.58,160.69,160.66000366210938,0.2074359042358398,2026-09-18,1.054072553045859,165.0967313507811,-0.03135773749979225,0.24029056255374404,0.24587349305322936,0.24308203130702524,0.005582930499485328,-0.4011266150971091,0.8553926910073688,0.2430820313070253,0.06228396021512555,0.0,0.0,0.2841759508381528
RTX,RTX260220P00150000,Put,2026-02-20,150.0,0.9222374722263247,5.05,5.4,34,556,160.58,160.69,160.66000366210938,0.2280350634765625,2026-02-20,0.4791238877481177,162.64791283951294,-0.08095252652136098,0.23808824813938262,0.2474201198858377,0.2427642784847718,0.009331871746455084,-0.28577533698951973,0.8542745357893912,0.2427642784847718,0.028236924322903686,0.0,0.013998298289424891,0.2841759508381528
RTX,RTX270115C00130000,Call,2027-01-15,130.0,0.7807773780059064,38.85,41.25,2,293,160.58,160.69,160.66000366210938,0.3357915542602538,2027-01-15,1.379876796714579,166.50072563836062,-0.2474652171437713,0.24764975852048354,0.29809739207474506,0.27354154335189296,0.05044763355426152,0.8240225045781576,0.9625780877836617,0.2791673749198877,0.10753990226614432,0.0,0.02893928763031107,0.2841759508381528
RTX,RTX260116P00170000,Put,2026-01-16,170.0,1.0478089172979295,12.85,13.2,3,12,160.58,160.69,160.66000366210938,0.185982261352539,2026-01-16,0.38329911019849416,162.2433224164506,0.04670123845197882,0.210561647687653,0.21980318843639043,0.21518829721949037,0.009241540748737426,-0.6117679304916421,0.7572361298864693,0.21518829721949034,0.01774904984649232,0.004138010028526131,0.0,0.2841759508381528
RTX,RTX250912C00160000,Call,2025-09-12,160.0,0.9950551222668563,2.8,2.97,152,280,160.58,160.69,160.66000366210938,0.1961750305175781,2025-09-12,0.038329911019849415,160.7951121697666,-0.0049571440948546,0.19045964585649924,0.20416641037161143,0.19731494596735621,0.013706764515112185,0.5586856256995794,0.6943407610158163,0.19731494596735621,0.0014923056280065977,0.0,,0.2841759508381528
RTX,RTX250926C00150000,Call,2025-09-26,150.0,0.9319352750865428,11.7,12.1,2,24,160.58,160.69,160.66000366210938,0.2866282275390625,2025-09-26,0.07665982203969883,160.95538393057444,-0.07049191404015907,0.24178922427946017,0.2795502814083508,0.2613216031683379,0.037761057128890635,0.8438597497958225,0.9195767706506904,0.261321603168338,0.005235021075726679,0.009868487336834613,0.005994255971739535,0.2841759508381528
RTX,RTX260116P00150000,Put,2026-01-16,150.0,0.9245372799687612,3.85,4.1,10,438,160.58,160.69,160.66000366210938,0.2169267761230468,2026-01-16,0.38329911019849416,162.2433224164506,-0.07846190450202727,0.22586030325775874,0.2335577449579473,0.22971867723034792,0.007697441700188545,-0.2667083523060494,0.8083677614267225,0.22971867723034792,0.020226951111798785,0.006958387128442365,0.004885622720463846,0.2841759508381528
RTX,RTX260220C00135000,Call,2026-02-20,135.0,0.8300137250036923,28.8,30.1,4,71,160.58,160.69,160.66000366210938,0.3322210333251953,2026-02-20,0.4791238877481177,162.64791283951294,-0.18631304217918718,0.24560597113052368,0.2988621220926383,0.2734969778719677,0.05325615096211461,0.8596655946124785,0.9624212642389746,0.2945516062222166,0.04156909932215019,0.0,0.04033275755969711,0.2841759508381528
RTX,RTX261218C00125000,Call,2026-12-18,125.0,0.7522448326548239,42.05,44.65,2,348,160.58,160.69,160.66000366210938,0.3483341534423828,2026-12-18,1.3032169746748803,166.1693036279821,-0.28469343268158553,0.2456502818232681,0.3093607448044104,0.27894217920982173,0.0637104629811423,0.853887682861586,0.9815826370497064,0.27585085286197664,0.09916659241546236,0.01623089635984416,0.0845121190197975,0.2841759508381528
RTX,RTX260320C00145000,Call,2026-03-20,145.0,0.8897216875193762,21.8,23.25,12,571,160.58,160.69,160.66000366210938,0.3084175604248046,2026-03-20,0.5557837097878165,162.97231149245445,-0.11684657581250939,0.24273883852097985,0.2817724844094693,0.26250913710095536,0.03903364588848943,0.7564449005259521,0.9237556391619594,0.2625091371009554,0.03829963738119673,0.0,0.009713612826846277,0.2841759508381528
RTX,RTX270115C00170000,Call,2027-01-15,170.0,1.0210165712384929,15.4,16.25,2,205,160.58,160.69,160.66000366210938,0.2660901028442383,2027-01-15,1.379876796714579,166.50072563836062,0.02079876945090795,0.22919150179461092,0.24075896413328607,0.23497428159755643,0.011567462338675144,0.5249804065971448,0.8268619526195646,0.23643421950237106,0.07713668620521416,0.0019360663537854547,,0.2841759508381528
RTX,RTX260918P00140000,Put,2026-09-18,140.0,0.8479877151688844,6.1,6.4,45,117,160.58,160.69,160.66000366210938,0.2348709326171875,2026-09-18,1.054072553045859,165.0967313507811,-0.1648891301243149,0.2552475175151743,0.2614114986765824,0.2583362914750525,0.006163981161408094,-0.22533431737289167,0.9090716181756816,0.2583362914750525,0.07034631404472845,0.008897425128278,0.04811262085799166,0.2841759508381528
RTX,RTX260220P00145000,Put,2026-02-20,145.0,0.8914962231521139,3.75,4.0,12,650,160.58,160.69,160.66000366210938,0.2343216217041015,2026-02-20,0.4791238877481177,162.64791283951294,-0.11485407819704234,0.24403615098787124,0.25159092584570975,0.2478262354835114,0.007554774857838509,-0.2250317580485599,0.8720872922306374,0.2478262354835114,0.029426755712354685,0.0,0.010151974127928357,0.2841759508381528
RTX,RTX270115C00120000,Call,2027-01-15,120.0,0.7207175796977597,46.65,49.15,1,197,160.58,160.69,160.66000366210938,0.360235889892578,2027-01-15,1.379876796714579,166.50072563836062,-0.3275079248173077,0.25542252635499624,0.32053157211454114,0.2896530187024221,0.0651090457595449,0.871324766327987,1.0192735094159628,0.2917551773030294,0.11745660800956483,0.0,0.0,0.2841759508381528
RTX,RTX260918C00120000,Call,2026-09-18,120.0,0.7268466130019009,45.25,46.35,5,11,160.58,160.69,160.66000366210938,0.3456181161499023,2026-09-18,1.054072553045859,165.0967313507811,-0.31903980995157316,0.26315318345282324,0.3002493367575978,0.28243110448505887,0.03709615330477456,0.8934796494440664,0.9938599788337203,0.28243110448505887,0.08408055189746842,0.013843603672826794,0.0,0.2841759508381528
RTX,RTX260618C00165000,Call,2026-06-18,165.0,1.0059784993627818,11.9,12.7,1,1021,160.58,160.69,160.66000366210938,0.253364400024414,2026-06-18,0.8021902806297057,164.01941006146367,0.005960699046353048,0.2179791235206064,0.2321339580585127,0.22505550780921663,0.014154834537906308,0.5283864294585875,0.7919583171814313,0.22695105106987934,0.04131823796699475,0.0007944391643757058,0.0025140030049537066,0.2841759508381528
RTX,RTX270115C00140000,Call,2027-01-15,140.0,0.8408371763140531,32.35,34.3,3,523,160.58,160.69,160.66000366210938,0.3205024005126953,2027-01-15,1.379876796714579,166.50072563836062,-0.17335724499004937,0.252426340066018,0.2864262299530938,0.2695742655498325,0.03399988988707581,0.7598377174369965,0.9486174489950544,0.2678077131702105,0.09896610404288216,0.0,0.009905501730642287,0.2841759508381528
RTX,RTX270115C00180000,Call,2027-01-15,180.0,1.0810763695466397,11.8,12.25,2,60,160.58,160.69,160.66000366210938,0.2571790591430664,2027-01-15,1.379876796714579,166.50072563836062,0.0779571832908567,0.22835620193738318,0.23453805872483513,0.23144844615075663,0.00618185678745195,0.44006810324862244,0.8144547259123058,0.23218029997899872,0.07438597293897951,0.020473459384990702,,0.2841759508381528
RTX,RTX251121C00130000,Call,2025-11-21,130.0,0.8044650529877778,31.95,33.45,2,163,160.58,160.69,160.66000366210938,0.4506890869140625,2025-11-21,0.2299794661190965,161.59807006802953,-0.2175777529117664,0.3076669445227353,0.4265201044987875,0.3743045645196901,0.11885315997605223,0.9035193949937315,1.3171577799448215,0.37409134726830406,0.0321843237029028,0.0,0.030341616395414796,0.2841759508381528
RTX,RTX250919P00157500,Put,2025-09-19,157.5,0.9790195909501026,1.53,1.59,9,72,160.58,160.69,160.66000366210938,0.1821370849609375,2025-09-19,0.057494866529774126,160.8752280913521,-0.021203625466860426,0.19150538142938564,0.19589041375702748,0.19370047743838478,0.004385032327641841,-0.31570323044155557,0.6816216392241558,0.1937004774383848,0.0021572002030308627,0.004064114394355735,0.0,0.2841759508381528
RTX,RTX260618C00100000,Call,2026-06-18,100.0,0.6096839390077466,62.45,64.05,2,17,160.58,160.69,160.66000366210938,0.4664970343017578,2026-06-18,0.8021902806297057,164.01941006146367,-0.49481458886613605,0.314962120164318,0.4268970985696851,0.37988781308147723,0.11193497840536709,0.9478552740063796,1.3368049335667935,0.3794061982206978,0.11547453944352373,0.0,0.0,0.2841759508381528
RTX,RTX250905C00157500,Call,2025-09-05,157.5,0.9799954240559079,3.8,4.0,90,352,160.58,160.69,160.66000366210938,0.2050860742187499,2025-09-05,0.019164955509924708,160.71503614593894,-0.020207376659127037,0.19849111394644584,0.22733492009382547,0.21314312831659035,0.028843806147379636,0.7579072208675108,0.7500392897004227,0.2131431283165904,0.0008706637975087684,0.0,0.0,0.2841759508381528
RTX,RTX260320P00150000,Put,2026-03-20,150.0,0.9204017457096995,5.65,5.9,10,160,160.58,160.69,160.66000366210938,0.2237016107177734,2026-03-20,0.5557837097878165,162.97231149245445,-0.0829450241368281,0.2385835850646785,0.24472725066513842,0.2416593985775602,0.006143665600459924,-0.2909957938947516,0.8503865223809628,0.2416593985775602,0.03245736010660157,0.0,0.007428949236445871,0.2841759508381528
RTX,RTX260320P00165000,Put,2026-03-20,165.0,1.0124419202806694,11.75,12.15,1,50,160.58,160.69,160.66000366210938,0.2022174505615234,2026-03-20,0.5557837097878165,162.97231149245445,0.01236515566749673,0.22548678721533152,0.23393524552930645,0.22971093416637373,0.008448458313974921,-0.49464589133039816,0.808340513997968,0.22971093416637373,0.029327101971100288,0.001249304234120633,0.0,0.2841759508381528
RTX,RTX260220C00180000,Call,2026-02-20,180.0,1.1066849666715897,3.8,3.95,16,94,160.58,160.69,160.66000366210938,0.2334671380615234,2026-02-20,0.4791238877481177,162.64791283951294,0.10136903027259368,0.2183972638586735,0.22244837410442228,0.22042687323763716,0.004051110245748779,0.2782352540193277,0.7756703992280376,0.2204364526509706,0.02328169798777585,0.01396167686072686,,0.2841759508381528
RTX,RTX261218C00150000,Call,2026-12-18,150.0,0.9026937991857886,24.95,26.05,2,159,160.58,160.69,160.66000366210938,0.2871775384521483,2026-12-18,1.3032169746748803,166.1693036279821,-0.10237187588763096,0.23798781040598227,0.25542582039652484,0.24672413993197187,0.01743800999054257,0.6929717948446019,0.8682090768211737,0.2507576453080186,0.08194549711124134,0.01063469971696184,0.011114117805916925,0.2841759508381528
RTX,RTX270115C00155000,Call,2027-01-15,155.0,0.930926873776273,22.75,23.95,10,424,160.58,160.69,160.66000366210938,0.2844615011596678,2027-01-15,1.379876796714579,166.50072563836062,-0.07157455068010707,0.23675386879619364,0.2543571790658795,0.24556196722617132,0.017603310269685868,0.6526029472658176,0.8641194531131406,0.24738211528229376,0.08444557734323671,0.005745515690006841,0.0,0.2841759508381528
RTX,RTX270115C00185000,Call,2027-01-15,185.0,1.111106268700713,10.2,10.65,2,164,160.58,160.69,160.66000366210938,0.2546461254882813,2027-01-15,1.379876796714579,166.50072563836062,0.1053561574789711,0.2268957624319515,0.23320933963274185,0.2300554481537262,0.0063135772007903435,0.39946282309585845,0.8095528403272594,0.23077938700496012,0.07349103144437541,0.0,,0.2841759508381528
RTX,RTX270115C00135000,Call,2027-01-15,135.0,0.8108072771599797,35.85,37.6,1,290,160.58,160.69,160.66000366210938,0.3263617169189453,2027-01-15,1.379876796714579,166.50072563836062,-0.2097248891609243,0.25715725051566835,0.290259096729832,0.2739086801910874,0.03310184621416368,0.7918027362838296,0.9638700227208427,0.2735078338026751,0.10322380209807422,0.0,0.011720064723460254,0.2841759508381528
RTX,RTX270115P00150000,Put,2027-01-15,150.0,0.9008969746221996,11.1,11.5,4,67,160.58,160.69,160.66000366210938,0.2239762661743163,2027-01-15,1.379876796714579,166.50072563836062,-0.10436437350309802,0.25573770037883825,0.2618795367592857,0.25881034487642357,0.006141836380447463,-0.31019720702857567,0.9107397867873214,0.2577082380852719,0.09164249728245215,0.0445357711378911,0.009791002856628374,0.2841759508381528
RTX,RTX270115C00080000,Call,2027-01-15,80.0,0.48047838646517316,81.95,84.3,6,34,160.58,160.69,160.66000366210938,0.4950612017822265,2027-01-15,1.379876796714579,166.50072563836062,-0.7329730329254721,0.3110036519362984,0.47797767198873475,0.41451640014553903,0.16697402005243633,0.9598348670541588,1.4586610827656534,0.31478544619671883,0.1367318222510137,0.0028548938173996816,,0.2841759508381528
RTX,RTX270115C00095000,Call,2027-01-15,95.0,0.5705680839273931,67.6,69.6,7,39,160.58,160.69,160.66000366210938,0.4041807629394531,2027-01-15,1.379876796714579,166.50072563836062,-0.5611227759988129,0.21392764981607318,0.36034534774236326,0.30955940210974375,0.14641769792629009,0.9577286664623322,1.0893230099053937,0.3100419775245903,0.132642075359312,0.026060268324016193,0.0,0.2841759508381528
RTX,RTX270115C00115000,Call,2027-01-15,115.0,0.6906876805436865,51.35,53.1,1,69,160.58,160.69,160.66000366210938,0.3699403826904296,2027-01-15,1.379876796714579,166.50072563836062,-0.3700675392361036,0.2792275514887365,0.329040138527818,0.3051958081181481,0.04981258703908148,0.8871476460021903,1.0739677556035232,0.2977168873380656,0.12230585594293851,0.0,0.0,0.2841759508381528
RTX,RTX270115C00145000,Call,2027-01-15,145.0,0.8708670754681264,29.25,30.75,4,598,160.58,160.69,160.66000366210938,0.3088142849731445,2027-01-15,1.379876796714579,166.50072563836062,-0.1382659251787793,0.25163061841541084,0.276042730574958,0.26388619385813766,0.02441211215954714,0.726091921982934,0.9286014283750184,0.26126055573102075,0.09418635811735641,0.0,0.008868425592023223,0.2841759508381528
RTX,RTX251121C00135000,Call,2025-11-21,135.0,0.8354060165642307,26.95,28.15,1,278,160.58,160.69,160.66000366210938,0.3786683227539062,2025-11-21,0.2299794661190965,161.59807006802953,-0.17983742492891946,0.26000254768460385,0.3519028076249289,0.31106076846429004,0.09190025994032508,0.8997538970847648,1.0946062379551922,0.32066001600698835,0.0236471431970173,0.017049710973671254,0.0,0.2841759508381528
RTX,RTX260618P00145000,Put,2026-06-18,145.0,0.8840417115612326,5.95,6.25,1,580,160.58,160.69,160.66000366210938,0.2297745480346679,2026-06-18,0.8021902806297057,164.01941006146367,-0.12325103243365311,0.24716665481809724,0.25375672747646155,0.2504679622373436,0.00659007265836431,-0.25412025779231373,0.8813833876463143,0.2504679622373435,0.050324765589177034,0.0,0.0,0.2841759508381528
RTX,RTX260618C00115000,Call,2026-06-18,115.0,0.7011365298589086,48.45,49.85,4,39,160.58,160.69,160.66000366210938,0.3863586755371093,2026-06-18,0.8021902806297057,164.01941006146367,-0.3550526464909774,0.27315701151348515,0.3418624436948422,0.3106353349528062,0.06870543218135705,0.9215045530838846,1.0931091601404472,0.3116133979700867,0.07789501045798178,0.017045392888690142,0.0,0.2841759508381528
RTX,RTX251017C00165000,Call,2025-10-17,165.0,1.0235980216380585,3.0,3.15,130,569,160.58,160.69,160.66000366210938,0.206917110595703,2025-10-17,0.13415468856947296,161.19609115300102,0.023323892552565294,0.1962052570945404,0.20287058865552127,0.1995407209205136,0.006665331560980869,0.3887470320860811,0.7021731442508953,0.1995407209205136,0.005341570064253076,0.0019385122856430638,,0.2841759508381528
RTX,RTX260116P00155000,Put,2026-01-16,155.0,0.9553551893010533,5.5,5.75,49,324,160.58,160.69,160.66000366210938,0.2109148733520507,2026-01-16,0.38329911019849416,162.2433224164506,-0.04567208167903632,0.22323843476811073,0.23009473770412725,0.22666920512587876,0.006856302936016523,-0.3461924741270994,0.7976368318900218,0.2266692051258788,0.01969349759708605,0.004326993541388998,0.0038057882726792256,0.2841759508381528
RTX,RTX251017C00155000,Call,2025-10-17,155.0,0.9615617779024187,8.75,9.2,43,745,160.58,160.69,160.66000366210938,0.2526930200195312,2025-10-17,0.13415468856947296,161.19609115300102,-0.03919646442876854,0.2215305724147335,0.24333906297726954,0.23248867226203868,0.02180849056253603,0.692475057609741,0.8181152260644615,0.23248867226203868,0.007251192755039332,0.004179209759404921,0.0028993906969421355,0.2841759508381528
RTX,RTX250905C00155000,Call,2025-09-05,155.0,0.9644399411343856,6.0,6.2,9,77,160.58,160.69,160.66000366210938,0.2395095581054687,2025-09-05,0.019164955509924708,160.71503614593894,-0.036207718005568136,0.2232033571158115,0.26416001647471293,0.2446720956137831,0.04095665935890144,0.8612382104551817,0.8609880424157765,0.2446720956137831,0.0011472992213669585,0.0,0.0,0.2841759508381528
RTX,RTX251017P00160000,Put,2025-10-17,160.0,0.9925798997702386,3.85,4.0,10,164,160.58,160.69,160.66000366210938,0.1808553594970703,2025-10-17,0.13415468856947296,161.19609115300102,-0.007447766114188264,0.18942345400209773,0.19589163420123076,0.19265781278133323,0.0064681801991330334,-0.4440032162037456,0.6779525579596212,0.19265781278133323,0.004979423979352978,0.0008525967367812336,0.0008834476940336356,0.2841759508381528
RTX,RTX270115C00175000,Call,2027-01-15,175.0,1.0510464703925664,13.6,14.15,7,211,160.58,160.69,160.66000366210938,0.2614819946289062,2027-01-15,1.379876796714579,166.50072563836062,0.049786306324160416,0.2300683457857109,0.23754572358060272,0.23380745346823187,0.007477377794891826,0.4824730754372311,0.8227559467246848,0.23387213624739336,0.0754739842872316,0.005305857489790924,,0.2841759508381528
RTX,RTX250919P00160000,Put,2025-09-19,160.0,0.9945595844572471,2.4,2.51,82,428,160.58,160.69,160.66000366210938,0.1761556994628906,2025-09-19,0.057494866529774126,160.8752280913521,-0.005455268498721218,0.18388216809599067,0.19112189084244288,0.18750252644670518,0.00723972274645221,-0.44282244965116824,0.6598113805678575,0.18750252644670518,0.0020213583734478985,0.00308363355748451,0.0,0.2841759508381528
RTX,RTX260320C00140000,Call,2026-03-20,140.0,0.8590416293290528,26.0,27.05,4,218,160.58,160.69,160.66000366210938,0.3221503332519531,2026-03-20,0.5557837097878165,162.97231149245445,-0.15193789562377957,0.2609733783234012,0.2925413303940432,0.2769970829276236,0.031567952070642,0.7992695582328837,0.9747379470734391,0.27658593172408197,0.042517330207854184,0.0,0.0,0.2841759508381528
RTX,RTX260618C00150000,Call,2026-06-18,150.0,0.91452590851162,20.9,21.7,8,173,160.58,160.69,160.66000366210938,0.2844004666137695,2026-06-18,0.8021902806297057,164.01941006146367,-0.08934948075797168,0.24058703399238693,0.25668937573455014,0.24865759231412257,0.016102341742163212,0.6958657343404344,0.8750127925347946,0.2459401535745202,0.04852172985104932,0.0,0.0,0.2841759508381528
RTX,RTX251121C00140000,Call,2025-11-21,140.0,0.8663469801406838,22.3,23.4,10,747,160.58,160.69,160.66000366210938,0.3371648315429688,2025-11-21,0.2299794661190965,161.59807006802953,-0.14346978075804456,0.2428233055079835,0.3123551581306348,0.2801046153416458,0.0695318526226513,0.8718591992260412,0.9856731877398531,0.2852345478026536,0.018710841259015686,0.008181993867051563,0.0,0.2841759508381528
RTX,RTX261218C00135000,Call,2026-12-18,135.0,0.8124244192672098,35.0,36.25,5,128,160.58,160.69,160.66000366210938,0.3129646340942382,2026-12-18,1.3032169746748803,166.1693036279821,-0.20773239154545725,0.2502450538037968,0.2751417281414062,0.26282848260279207,0.024896674337609392,0.8002087067503105,0.9248793989343639,0.2650222530121476,0.09153378295857126,0.014683630505822767,0.013420529428666153,0.2841759508381528
RTX,RTX260618C00185000,Call,2026-06-18,185.0,1.1279152871643312,5.3,5.5,1,169,160.58,160.69,160.66000366210938,0.2353897262573241,2026-06-18,0.8021902806297057,164.01941006146367,0.1203710502240973,0.21627537823970402,0.22031176935752866,0.21829702108199425,0.004036391117824639,0.30226632176388624,0.7681755631964836,0.21709351624509707,0.037806902875094986,0.014246005915465373,,0.2841759508381528
RTX,RTX260320C00135000,Call,2026-03-20,135.0,0.8283615711387295,30.05,31.25,2,243,160.58,160.69,160.66000366210938,0.342657940673828,2026-03-20,0.5557837097878165,162.97231149245445,-0.18830553979465436,0.26961292994842995,0.3105890998993826,0.29064196070228976,0.04097616995095266,0.8358149958956345,1.0227535435179016,0.29065155802998177,0.04695167863547416,0.0,0.012391723798286557,0.2841759508381528
RTX,RTX260320C00170000,Call,2026-03-20,170.0,1.0431219784709929,7.65,8.05,4,1446,160.58,160.69,160.66000366210938,0.2462233581542968,2026-03-20,0.5557837097878165,162.97231149245445,0.04221811881717805,0.2222194738192452,0.23078387418184534,0.22650391667178965,0.008564400362600144,0.4342409678307088,0.7970551906441612,0.2265530634731363,0.028526316182121213,0.0057186566932765715,,0.2841759508381528
RTX,RTX260618C00140000,Call,2026-06-18,140.0,0.8535575146108453,28.0,29.15,1,313,160.58,160.69,160.66000366210938,0.3137580831909179,2026-06-18,0.8021902806297057,164.01941006146367,-0.15834235224492316,0.25402226701113484,0.2815506248589584,0.267935802283562,0.027528357847823537,0.7822491551257251,0.9428517842319456,0.2593140988800352,0.05394232429909281,0.0,0.0,0.2841759508381528
RTX,RTX250919C00162500,Call,2025-09-19,162.5,1.0100995779643915,2.23,2.34,67,1090,160.58,160.69,160.66000366210938,0.196297099609375,2025-09-19,0.057494866529774126,160.8752280913521,0.010048918037243962,0.19252806864777844,0.19982400037063122,0.1961775641650814,0.007295931722852783,0.4246127064018755,0.6903383751738047,0.1957263813545186,0.0022025602834245678,0.0,0.0,0.2841759508381528
RTX,RTX261218C00180000,Call,2026-12-18,180.0,1.0832325590229464,11.2,11.6,2,167,160.58,160.69,160.66000366210938,0.2555006091308594,2026-12-18,1.3032169746748803,166.1693036279821,0.07994968090632368,0.2278778144427486,0.23354436740252374,0.23071239254679338,0.00566655295977514,0.43177139793375063,0.8118645925748706,0.2309205864172114,0.06949315537873771,0.0,,0.2841759508381528
RTX,RTX250912C00157500,Call,2025-09-12,157.5,0.9795073859814367,4.5,4.65,19,122,160.58,160.69,160.66000366210938,0.2099688378906249,2025-09-12,0.038329911019849415,160.7951121697666,-0.02070550106299375,0.20315817894333735,0.2168842059882974,0.2100496037571708,0.013726027044960065,0.6998804005997671,0.739153341926533,0.2100496037571708,0.0016911477194787746,0.007721584860481677,0.0,0.2841759508381528
RTX,RTX260320P00145000,Put,2026-03-20,145.0,0.8897216875193762,4.35,4.55,450,741,160.58,160.69,160.66000366210938,0.2323074816894531,2026-03-20,0.5557837097878165,162.97231149245445,-0.11684657581250939,0.24569357022963162,0.2511811225637653,0.24844324731659911,0.005487552334133672,-0.23469480741814608,0.8742585239315182,0.24844324731659911,0.03430521990104043,0.0,0.009713612826846277,0.2841759508381528
RTX,RTX270115C00125000,Call,2027-01-15,125.0,0.750747478851833,43.35,45.1,1,360,160.58,160.69,160.66000366210938,0.3468998416137695,2027-01-15,1.379876796714579,166.50072563836062,-0.28668593029705264,0.26802965800242734,0.3079337497225089,0.2884592718151518,0.03990409172008158,0.8450626491579516,1.015072777848955,0.2851130993029331,0.11216946643295987,0.0,0.0,0.2841759508381528
RTX,RTX251121C00145000,Call,2025-11-21,145.0,0.8972879437171367,18.2,19.0,2,670,160.58,160.69,160.66000366210938,0.3081734222412109,2025-11-21,0.2299794661190965,161.59807006802953,-0.10837846094677452,0.2474760725498752,0.2870531782134299,0.2677865192453277,0.03957710566355471,0.8180995932725872,0.942326465190014,0.2729997417507056,0.017140107202354454,0.011426077546632048,0.0,0.2841759508381528
RTX,RTX270115C00100000,Call,2027-01-15,100.0,0.6005979830814665,63.45,65.2,1,66,160.58,160.69,160.66000366210938,0.3914245428466796,2027-01-15,1.379876796714579,166.50072563836062,-0.5098294816112623,0.2580900874602296,0.3461557500056667,0.3084803207008767,0.08806566254543707,0.9438713846542015,1.0855257800353628,0.3084271206786573,0.13126393850826565,0.0,0.04047047390015593,0.2841759508381528
RTX,RTX251121P00140000,Put,2025-11-21,140.0,0.8663469801406838,1.24,1.29,4,508,160.58,160.69,160.66000366210938,0.2580640600585938,2025-11-21,0.2299794661190965,161.59807006802953,-0.14346978075804456,0.2660095612070672,0.26929303906762386,0.2676575700961755,0.0032834778605566606,-0.11862114541661728,0.9418727000182187,0.2676575700961754,0.01647586115182007,0.008181993867051563,0.0,0.2841759508381528
RTX,RTX270115C00165000,Call,2027-01-15,165.0,0.9909866720844197,18.05,18.65,15,178,160.58,160.69,160.66000366210938,0.2723156265258788,2027-01-15,1.379876796714579,166.50072563836062,-0.009054193698773052,0.23724703114432633,0.24552014405993955,0.24138291133377235,0.008273112915613223,0.5689516632667135,0.849413578530604,0.23904320198200013,0.07884844029174233,0.0007531953484701951,,0.2841759508381528
RTX,RTX270115C00105000,Call,2027-01-15,105.0,0.6306278822355398,59.5,60.9,1,40,160.58,160.69,160.66000366210938,0.3799195309448242,2027-01-15,1.379876796714579,166.50072563836062,-0.46103931744183035,0.27921312979509705,0.3345293164919441,0.3088592049856881,0.05531618669684707,0.9267696654860899,1.0868590536065215,0.30652462438920214,0.12964956073894182,0.0,0.04219594702626655,0.2841759508381528
RTX,RTX260618C00105000,Call,2026-06-18,105.0,0.6401681359581339,57.65,59.35,15,103,160.58,160.69,160.66000366210938,0.4411066632080078,2026-06-18,0.8021902806297057,164.01941006146367,-0.4460244246967041,0.2914418387104001,0.3995486876121321,0.3539242635016154,0.108106848901732,0.9412725901363739,1.2454405886836866,0.35580025379172875,0.10155233247170366,0.0,,0.2841759508381528
RTX,RTX251121C00115000,Call,2025-11-21,115.0,0.7116421622584188,46.05,47.4,5,103,160.58,160.69,160.66000366210938,0.5434615966796876,2025-11-21,0.2299794661190965,161.59807006802953,-0.3401800750040988,,0.5122309839693202,0.4304343950215401,,0.9600451771251054,1.5146756569372266,0.43043439502154,0.042609162346543376,0.013574202293979348,,0.2841759508381528
RTX,RTX260320P00135000,Put,2026-03-20,135.0,0.8283615711387295,2.49,2.58,1,307,160.58,160.69,160.66000366210938,0.2486037054443359,2026-03-20,0.5557837097878165,162.97231149245445,-0.18830553979465436,0.26102238265001587,0.2643540798767517,0.2626930642480023,0.003331697226735819,-0.14469807117789135,0.9244028689732945,0.2626930642480023,0.03835332549983034,0.0,0.012391723798286557,0.2841759508381528
RTX,RTX251121C00110000,Call,2025-11-21,110.0,0.6807011986819658,50.85,52.3,7,99,160.58,160.69,160.66000366210938,0.5122119091796875,2025-11-21,0.2299794661190965,161.59807006802953,-0.3846318375749327,,0.5595325385873738,0.45950570539128405,,0.9682475728123947,1.6169760461292064,0.4841940804833915,0.053917284699009416,0.022500161634214005,,0.2841759508381528
RTX,RTX260618P00140000,Put,2026-06-18,140.0,0.8535575146108453,4.75,4.9,2,163,160.58,160.69,160.66000366210938,0.2351761053466796,2026-06-18,0.8021902806297057,164.01941006146367,-0.15834235224492316,0.25334393521487986,0.25701047563437035,0.25518028045208085,0.003666540419490494,-0.20980972526802222,0.8979657838724506,0.25518028045208085,0.052236204875454,0.0,0.0,0.2841759508381528
RTX,RTX260618C00125000,Call,2026-06-18,125.0,0.7621049237596833,39.4,40.5,2,91,160.58,160.69,160.66000366210938,0.3358220715332031,2026-06-18,0.8021902806297057,164.01941006146367,-0.2716710375519263,0.24959398203748928,0.29167077556600174,0.2716464185910964,0.04207679352851246,0.8921897880547607,0.95590924492343,0.27933754597857174,0.06259447809950962,0.011233050641927839,0.010949114428956484,0.2841759508381528
RTX,RTX261218C00120000,Call,2026-12-18,120.0,0.7221550393486309,46.45,47.85,4,131,160.58,160.69,160.66000366210938,0.3435734588623046,2026-12-18,1.3032169746748803,166.1693036279821,-0.32551542720184073,0.2606997646231883,0.2998483396805407,0.2809642895172321,0.03914857505735242,0.880051895822384,0.9886983352692298,0.28215821787881196,0.10375335173244746,0.017380804658583153,0.023648956815665628,0.2841759508381528
RTX,RTX260116C00160000,Call,2026-01-16,160.0,0.9861730986333453,10.0,10.45,29,1477,160.58,160.69,160.66000366210938,0.2537916418457031,2026-01-16,0.38329911019849416,162.2433224164506,-0.013923383364456053,0.22625535822519208,0.23783126195651946,0.23204361611678795,0.011575903731327386,0.567002901400277,0.8165490972490637,0.2311223564671712,0.02047489695346021,0.0013615250528138216,0.0009634282021677388,0.2841759508381528
RTX,RTX251121P00165000,Put,2025-11-21,165.0,1.0210517980229488,8.55,8.7,2,17,160.58,160.69,160.66000366210938,0.1997760687255859,2025-11-21,0.2299794661190965,161.59807006802953,0.020833270533231776,0.21767034930005844,0.22262075242200927,0.2201460540147601,0.00495040312195083,-0.5574658187822275,0.7746822113745306,0.22014605401476012,0.011145790412743745,0.0,0.0,0.2841759508381528
RTX,RTX250926C00160000,Call,2025-09-26,160.0,0.9940642934256456,4.05,4.2,149,436,160.58,160.69,160.66000366210938,0.2105791833496093,2025-09-26,0.07665982203969883,160.95538393057444,-0.005953392902587971,0.2011465845466974,0.20968625497852708,0.2054168703213626,0.008539670431829682,0.5529479081111442,0.7228510002887403,0.2054168703213626,0.003234744797134724,0.001431447819358658,,0.2841759508381528
RTX,RTX251121P00155000,Put,2025-11-21,155.0,0.9591698708700427,4.2,4.35,44,365,160.58,160.69,160.66000366210938,0.2229691961669921,2025-11-21,0.2299794661190965,161.59807006802953,-0.04168708644810231,0.23308578916301492,0.23844833881866348,0.23576908811334896,0.0053625496556485575,-0.33533436991350885,0.8296588343171478,0.23576908811334898,0.012783883051124462,0.0,0.0,0.2841759508381528
RTX,RTX260116C00175000,Call,2026-01-16,175.0,1.0786268266302215,3.8,3.95,31,690,160.58,160.69,160.66000366210938,0.2262650616455078,2026-01-16,0.38329911019849416,162.2433224164506,0.07568877532523108,0.21178131958713486,0.2161032568010845,0.2139458043040564,0.004321937213949634,0.3067104969535347,0.7528638636487059,0.21521659978372107,0.017753719028460756,0.006267953411143807,,0.2841759508381528
RTX,RTX250919C00135000,Call,2025-09-19,135.0,0.8391596493858022,25.85,27.0,5,1642,160.58,160.69,160.66000366210938,0.5117236328125,2025-09-19,0.057494866529774126,160.8752280913521,-0.17535430529411872,0.31409679190917655,0.6071043515970382,0.5103234365531363,0.2930075596878617,0.9324404840030458,1.795800929135561,0.5103234365531362,0.014973388659283937,0.0,,0.2841759508381528
RTX,RTX260320C00130000,Call,2026-03-20,130.0,0.7976815129484063,34.35,35.7,2,707,160.58,160.69,160.66000366210938,0.3678041735839844,2026-03-20,0.5557837097878165,162.97231149245445,-0.22604586777750132,0.2817286477489194,0.3340417220228415,0.30894912738736785,0.05231307427392207,0.8635888438405992,1.0871754857374407,0.3002049507994188,0.050088902215878806,0.0,0.015197692123864317,0.2841759508381528
RTX,RTX250919C00149000,Call,2025-09-19,149.0,0.9261836130258113,12.35,12.65,52,60,160.58,160.69,160.66000366210938,0.3020089331054688,2025-09-19,0.057494866529774126,160.8752280913521,-0.07668277778708908,0.259399938362135,0.2986551720363686,0.2799324043588512,0.039255233674233614,0.8802010848404664,0.9850671864850434,0.27835035030662214,0.004454640021443407,0.012723785183782659,,0.2841759508381528
RTX,RTX260618C00180000,Call,2026-06-18,180.0,1.097431090213944,6.7,6.9,30,154,160.58,160.69,160.66000366210938,0.2392043853759765,2026-06-18,0.8021902806297057,164.01941006146367,0.09297207603598291,0.21910819709633897,0.22288906629240152,0.22100033643248543,0.0037808691960625473,0.35541902230884814,0.7776883855958386,0.22051917940517207,0.03900947730666784,0.0,,0.2841759508381528
RTX,RTX260116C00080000,Call,2026-01-16,80.0,0.4930865493166727,80.4,82.9,1,208,160.58,160.69,160.66000366210938,0.6796907031250001,2026-01-16,0.38329911019849416,162.2433224164506,-0.7070705639244014,,0.8100085956341619,0.6527640849629505,,0.9745108371989505,2.297041966562189,0.6528252352050589,0.16335471671697646,0.04870258208064316,,0.2841759508381528
RTX,RTX251017C00145000,Call,2025-10-17,145.0,0.8995255341667787,17.15,17.5,11,34,160.58,160.69,160.66000366210938,0.3109199768066406,2025-10-17,0.13415468856947296,161.19609115300102,-0.10588783892744084,0.2662255796332911,0.2931629258020205,0.2800398723491288,0.026937346168729448,0.8607347930664988,0.985445360605551,0.2800398723491288,0.010520723272171118,0.009879370017710287,,0.2841759508381528
RTX,RTX250919C00157500,Call,2025-09-19,157.5,0.9790195909501026,5.1,5.3,30,915,160.58,160.69,160.66000366210938,0.2193681579589843,2025-09-19,0.057494866529774126,160.8752280913521,-0.021203625466860426,0.2062586077309394,0.2206111151830453,0.21345551184581177,0.014352507452105895,0.6699828419179765,0.7511385506628654,0.21401422132411577,0.002633384874766105,0.004064114394355735,0.0,0.2841759508381528
RTX,RTX251121C00125000,Call,2025-11-21,125.0,0.7735240894113248,36.5,37.45,2,105,160.58,160.69,160.66000366210938,0.4405573522949219,2025-11-21,0.2299794661190965,161.59807006802953,-0.25679846606504775,0.29130225889220784,0.4068808684638138,0.35983116219154176,0.11557860957160598,0.9423069920001858,1.266226649828215,0.4400291333400771,0.04452992089745003,0.0,,0.2841759508381528
RTX,RTX260220C00130000,Call,2026-02-20,130.0,0.7992724759294815,34.05,34.7,10,30,160.58,160.69,160.66000366210938,0.3611514080810546,2026-02-20,0.4791238877481177,162.64791283951294,-0.22405337016203422,0.2974468035627353,0.32595407137526766,0.31204810192113186,0.028507267812532378,0.8739579338049221,1.0980806116800965,0.3120481019211313,0.046654218027930544,0.0,0.027256760186752167,0.2841759508381528
RTX,RTX260320C00180000,Call,2026-03-20,180.0,1.1044820948516394,4.45,4.6,27,419,160.58,160.69,160.66000366210938,0.2330398962402343,2026-03-20,0.5557837097878165,162.97231149245445,0.09937653265712657,0.21693825543251002,0.22057963792364857,0.2187617096774389,0.003641382491138545,0.29882064195716385,0.7698107775560172,0.22257102945003396,0.027532337356717097,0.0,,0.2841759508381528
RTX,RTX261218C00130000,Call,2026-12-18,130.0,0.7823346259610168,38.7,39.95,10,347,160.58,160.69,160.66000366210938,0.3220892987060546,2026-12-18,1.3032169746748803,166.1693036279821,-0.24547271952830432,0.254554121882896,0.28209019223887855,0.2685409989818356,0.027536070355982545,0.8299601662825176,0.9449814391041774,0.27015025812698906,0.09511028910569068,0.01527395419549984,0.0,0.2841759508381528
RTX,RTX260618C00110000,Call,2026-06-18,110.0,0.6706523329085213,53.45,54.55,9,42,160.58,160.69,160.66000366210938,0.4119321502685547,2026-06-18,0.8021902806297057,164.01941006146367,-0.39950440906181117,0.3111338159136401,0.36810074926395076,0.3416391564992559,0.05696693335031067,0.927663761008433,1.2022099529943344,0.3330696521570842,0.08899129419328139,0.06793719731342415,,0.2841759508381528
RTX,RTX260320P00155000,Put,2026-03-20,155.0,0.9510818039000228,7.3,7.55,3,530,160.58,160.69,160.66000366210938,0.215004187927246,2026-03-20,0.5557837097878165,162.97231149245445,-0.05015520131383716,0.2330232241791164,0.23868376778022532,0.23585474664989983,0.0056605436011089305,-0.3545142394106916,0.8299602621343092,0.23585474664989983,0.03091683692815757,0.0032672623194633836,0.005322110304576786,0.2841759508381528
RTX,RTX251017C00160000,Call,2025-10-17,160.0,0.9925798997702386,5.45,5.65,90,866,160.58,160.69,160.66000366210938,0.2222367816162109,2025-10-17,0.13415468856947296,161.19609115300102,-0.007447766114188264,0.20712607092923818,0.2157432617649214,0.21143500672474294,0.008617190835683214,0.5536516643035203,0.7440285010083837,0.21143500672474294,0.005997353432897776,0.0008525967367812336,0.0008834476940336356,0.2841759508381528
RTX,RTX260116C00140000,Call,2026-01-16,140.0,0.8629014613041772,24.3,25.35,15,2930,160.58,160.69,160.66000366210938,0.3317327569580078,2026-01-16,0.38329911019849416,162.2433224164506,-0.14745477598897863,0.26370056608163384,0.30464510915087745,0.2846862048052142,0.04094454306924361,0.8224486755344704,1.001795556469703,0.2717918082075372,0.02831460693010588,0.01073561711279021,0.012371913360554435,0.2841759508381528
RTX,RTX260918C00140000,Call,2026-09-18,140.0,0.8479877151688844,29.8,30.4,4,44,160.58,160.69,160.66000366210938,0.2967904794311523,2026-09-18,1.054072553045859,165.0967313507811,-0.1648891301243149,0.24885703112142965,0.2612450322235664,0.25507957704610623,0.012388001102136725,0.7765419294814153,0.8976114139629716,0.25507957704610623,0.06858385322660608,0.008897425128278,0.04811262085799166,0.2841759508381528
RTX,RTX260220C00125000,Call,2026-02-20,125.0,0.7685312268552706,38.55,39.1,2,14,160.58,160.69,160.66000366210938,0.3804383245849609,2026-02-20,0.4791238877481177,162.64791283951294,-0.2632740833153155,0.3137370008854055,0.3418779884706619,0.32820992301064733,0.028140987585256405,0.8983943361062126,1.1549531972801361,0.32820992301064755,0.051612065361984004,0.0,,0.2841759508381528
RTX,RTX270115C00110000,Call,2027-01-15,110.0,0.6606577813896131,55.35,56.7,1,123,160.58,160.69,160.66000366210938,0.3692384854125976,2027-01-15,1.379876796714579,166.50072563836062,-0.4145193018069375,0.2790771940890742,0.3245680238540116,0.3029652082425466,0.0454908297649374,0.9103140521098287,1.0661183937239462,0.3027242309952512,0.12645461425314106,0.0,0.0,0.2841759508381528
RTX,RTX250919C00160000,Call,2025-09-19,160.0,0.9945595844572471,3.5,3.65,433,4579,160.58,160.69,160.66000366210938,0.2060626269531249,2025-09-19,0.057494866529774126,160.8752280913521,-0.005455268498721218,0.19881074891716868,0.2086724403340183,0.20374230346353642,0.009861691416849616,0.5541259634651753,0.716958288914371,0.20432390185823054,0.002400310456624253,0.00308363355748451,0.0,0.2841759508381528
RTX,RTX251121C00095000,Call,2025-11-21,95.0,0.5878783079526069,66.4,67.25,1,12,160.58,160.69,160.66000366210938,0.7094755615234375,2025-11-21,0.2299794661190965,161.59807006802953,-0.5312353117668079,0.5996357019881555,0.7429891783381956,0.6813781055932018,0.14335347635004003,0.9632033156335985,2.397733177573736,0.6776242819750471,0.10560074489216877,0.0,,0.2841759508381528
RTX,RTX251121P00145000,Put,2025-11-21,145.0,0.8972879437171367,1.89,1.95,9,558,160.58,160.69,160.66000366210938,0.2450026672363281,2025-11-21,0.2299794661190965,161.59807006802953,-0.10837846094677452,0.25412485308068294,0.2571882244434632,0.255660106942856,0.0030633713627802317,-0.17226097341635038,0.8996542676775016,0.25566010694285596,0.01503193862749003,0.011426077546632048,0.0,0.2841759508381528
RTX,RTX260220C00175000,Call,2026-02-20,175.0,1.075943717597379,5.2,5.35,19,321,160.58,160.69,160.66000366210938,0.2378616253662109,2026-02-20,0.4791238877481177,162.64791283951294,0.07319815330589746,0.22185804553724828,0.22554271487196026,0.22370203017572465,0.003684669334711982,0.3463105241212081,0.787195501645845,0.22381305993587566,0.02400041071766044,0.02671493413763343,,0.2841759508381528
RTX,RTX260116C00130000,Call,2026-01-16,130.0,0.8012656426395931,32.45,33.6,1,1371,160.58,160.69,160.66000366210938,0.3573062316894531,2026-01-16,0.38329911019849416,162.2433224164506,-0.22156274814270055,0.24740994312912554,0.3202754936222447,0.2875051088540786,0.07286555049311919,0.9088569771472732,1.0117151293278221,0.30053232312398925,0.034619451920389496,0.010732324338432516,0.010124399258725006,0.2841759508381528
RTX,RTX260618P00150000,Put,2026-06-18,150.0,0.91452590851162,7.4,7.65,1,1016,160.58,160.69,160.66000366210938,0.2204057452392577,2026-06-18,0.8021902806297057,164.01941006146367,-0.08934948075797168,0.24168254301184494,0.24672790535214414,0.2442072429353905,0.005045362340299203,-0.30227631102284847,0.8593522506571089,0.24420724293539048,0.04784036415637703,0.0,0.0,0.2841759508381528
RTX,RTX250905C00152500,Call,2025-09-05,152.5,0.9488844582128633,8.4,8.6,10,140,160.58,160.69,160.66000366210938,0.2885813330078124,2025-09-05,0.019164955509924708,160.71503614593894,-0.0524682388773484,0.2633118961019037,0.31771406616868647,0.2926655572917364,0.05440217006678277,0.9057889867789628,1.0298744718845638,0.29266555729173627,0.0016415383955487417,0.0,,0.2841759508381528
RTX,RTX260220C00115000,Call,2026-02-20,115.0,0.707048728706849,47.15,49.2,4,7979,160.58,160.69,160.66000366210938,0.4704032452392578,2026-02-20,0.4791238877481177,162.64791283951294,-0.3466556922543666,0.2892733174784902,0.43615231192548165,0.3762164945775252,0.14687899444699143,0.9280451796225269,1.3238857597481655,0.3758888194023877,0.06769656617810034,0.0,,0.2841759508381528
RTX,RTX260618P00160000,Put,2026-06-18,160.0,0.9754943024123945,11.25,11.5,10,103,160.58,160.69,160.66000366210938,0.2060931442260741,2026-06-18,0.8021902806297057,164.01941006146367,-0.0248109596204006,0.23453332261981233,0.23905661064044076,0.23679499300293141,0.00452328802062843,-0.4117567047061338,0.8332689388546946,0.23679499300293141,0.04498030809691634,0.0021462691512961606,0.0,0.2841759508381528
RTX,RTX261218C00100000,Call,2026-12-18,100.0,0.601795866123859,63.6,65.1,1,139,160.58,160.69,160.66000366210938,0.3997252410888672,2026-12-18,1.3032169746748803,166.1693036279821,-0.5078369839957954,0.28246374067984975,0.35539907467876214,0.32286451669108207,0.07293533399891239,0.94086998751588,1.136142997811112,0.3221651429395946,0.1352613841446619,0.0,0.05156156315618877,0.2841759508381528
RTX,RTX251121P00150000,Put,2025-11-21,150.0,0.9282289072935898,2.86,2.94,18,363,160.58,160.69,160.66000366210938,0.2336502416992187,2025-11-21,0.2299794661190965,161.59807006802953,-0.07447690927109311,0.2438325081033987,0.2471509366200833,0.24549394698053079,0.003318428516684596,-0.24463349558892022,0.8638800935000561,0.24549394698053076,0.013860236419829405,0.0,0.0,0.2841759508381528
RTX,RTX251121P00160000,Put,2025-11-21,160.0,0.9901108344464957,6.1,6.25,56,203,160.58,160.69,160.66000366210938,0.2119219433593749,2025-11-21,0.2299794661190965,161.59807006802953,-0.009938388133521962,0.2253457385594421,0.23029688255172973,0.2278213817280582,0.004951143992287632,-0.442121442745399,0.8016912798430634,0.2278213817280582,0.011936528092233962,0.0,0.0,0.2841759508381528
RTX,RTX260618C00130000,Call,2026-06-18,130.0,0.7925891207100706,35.5,36.25,2,100,160.58,160.69,160.66000366210938,0.320746538696289,2026-06-18,0.8021902806297057,164.01941006146367,-0.23245032439864508,0.25579017536105175,0.2797588709165556,0.26802267499664456,0.02396869555550385,0.8617796054853081,0.943157484671502,0.270039072534191,0.058496598230450204,0.011909120884487418,0.0,0.2841759508381528
RTX,RTX260116C00075000,Call,2026-01-16,75.0,0.4622686399843806,85.55,87.65,2,230,160.58,160.69,160.66000366210938,0.7270535107421875,2026-01-16,0.38329911019849416,162.2433224164506,-0.7716090850619726,,0.8544391871856717,0.7108098534566556,,0.9757756229423394,2.5013019270637873,0.7107811504277047,0.19364648359333717,0.0,,0.2841759508381528
RTX,RTX260116C00085000,Call,2026-01-16,85.0,0.5239044586489647,75.75,77.65,2,283,160.58,160.69,160.66000366210938,0.6342810009765626,2026-01-16,0.38329911019849416,162.2433224164506,-0.6464459421079665,,0.718206873602347,0.5984186294947579,,0.9732024267143141,2.105803210052691,0.5983921959116032,0.13724914666093763,0.022189288191378914,,0.2841759508381528
RTX,RTX250912C00155000,Call,2025-09-12,155.0,0.9639596496960171,6.5,6.7,44,1049,160.58,160.69,160.66000366210938,0.233406103515625,2025-09-12,0.038329911019849415,160.7951121697666,-0.03670584240943486,0.2165579446408804,0.23936264464622842,0.22815324556897085,0.02280470000534801,0.8006887134211897,0.802859090982373,0.22815324556897085,0.0019952214879977318,0.0075886502457667765,0.0,0.2841759508381528
RTX,RTX260618C00175000,Call,2026-06-18,175.0,1.0669468932635566,8.3,8.5,50,245,160.58,160.69,160.66000366210938,0.2424392163085937,2026-06-18,0.8021902806297057,164.01941006146367,0.06480119906928662,0.22107495558714718,0.22469502958294157,0.2228856938559732,0.003620073995794393,0.4110688641930152,0.7843228577175191,0.2230793433798386,0.03992051274123072,0.0,,0.2841759508381528
RTX,RTX260918C00130000,Call,2026-09-18,130.0,0.7874171640853926,37.5,38.05,2,29,160.58,160.69,160.66000366210938,0.3188849850463866,2026-09-18,1.054072553045859,165.0967313507811,-0.23899710227803675,0.26409023592257375,0.27808117326202575,0.27115053094775515,0.013990937339452003,0.840788920991473,0.9541642427799387,0.27115053094775515,0.07749816568597144,0.02968048940197118,0.007024480667858108,0.2841759508381528
RTX,RTX260220C00170000,Call,2026-02-20,170.0,1.045202468523168,6.95,7.1,63,188,160.58,160.69,160.66000366210938,0.2431105963134765,2026-02-20,0.4791238877481177,162.64791283951294,0.04421061643264506,0.22571990581923496,0.22919791887629248,0.2274593953459199,0.0034780130570575274,0.4199275689126777,0.8004174690893011,0.2274593953459198,0.02478880463503902,0.0,,0.2841759508381528
RTX,RTX260116C00125000,Call,2026-01-16,125.0,0.7704477333073011,37.2,38.35,2,1767,160.58,160.69,160.66000366210938,0.3897766101074219,2026-01-16,0.38329911019849416,162.2433224164506,-0.2607834612959818,0.26562209920750474,0.3510603089657521,0.3137372231112697,0.08543820975824734,0.9250258873785948,1.104024538972874,0.32266038078557974,0.0399051635483021,0.012671057042977416,0.021095519696448982,0.2841759508381528
RTX,RTX270115C00150000,Call,2027-01-15,150.0,0.9008969746221996,26.15,26.75,1,262,160.58,160.69,160.66000366210938,0.2890390921020507,2027-01-15,1.379876796714579,166.50072563836062,-0.10436437350309802,0.24772971293402607,0.2569655188154377,0.25235192681605356,0.009235805881411652,0.6915623410054861,0.8880129584215801,0.25396046997023614,0.08899642391507631,0.0445357711378911,0.009791002856628374,0.2841759508381528
RTX,RTX260220P00160000,Put,2026-02-20,160.0,0.9837199703747463,8.7,8.85,1,67,160.58,160.69,160.66000366210938,0.2062762478637694,2026-02-20,0.4791238877481177,162.64791283951294,-0.016414005383789797,0.2279969351437355,0.23146201729491983,0.2297295045335259,0.0034650821511843233,-0.42750479705016187,0.8084058621285801,0.2297295045335259,0.025286072332137925,0.0,0.004689078474934914,0.2841759508381528
RTX,RTX251121C00160000,Call,2025-11-21,160.0,0.9901108344464957,8.0,8.25,224,2123,160.58,160.69,160.66000366210938,0.2550733673095704,2025-11-21,0.2299794661190965,161.59807006802953,-0.009938388133521962,0.2358189905941734,0.24406888592653134,0.23994408546811466,0.008249895332357926,0.5572117409016585,0.8443504271224219,0.23977259046468496,0.013221725370579671,0.0,0.0,0.2841759508381528
RTX,RTX251017C00150000,Call,2025-10-17,150.0,0.9305436560345987,12.75,12.95,3,48,160.58,160.69,160.66000366210938,0.2686840710449218,2025-10-17,0.13415468856947296,161.19609115300102,-0.07198628725175951,0.24232871074102205,0.2544489248426421,0.24843496139261168,0.012120214101620036,0.7985919271930408,0.8742293662073581,0.24843496139261168,0.008280017993334084,0.005886567615967403,0.004909172720157051,0.2841759508381528
RTX,RTX260618C00120000,Call,2026-06-18,120.0,0.7316207268092959,44.05,44.95,1,167,160.58,160.69,160.66000366210938,0.3544376080322264,2026-06-18,0.8021902806297057,164.01941006146367,-0.31249303207218154,0.2690776959337478,0.30804130121616685,0.28950807420756863,0.038963605282419045,0.9090288738060093,1.0187634574765712,0.2924866241839999,0.06862611532013649,0.01186939950064503,0.04262837941579987,0.2841759508381528
RTX,RTX260618C00170000,Call,2026-06-18,170.0,1.0364626963131693,10.25,10.45,7,139,160.58,160.69,160.66000366210938,0.2475356008911132,2026-06-18,0.8021902806297057,164.01941006146367,0.03581366219603438,0.2246168569021151,0.22815660663909762,0.226386876509951,0.0035397497369825115,0.4700095322361729,0.7966433325629498,0.22464994633014806,0.04048461691208365,0.004052607928549186,,0.2841759508381528
RTX,RTX250919C00152500,Call,2025-09-19,152.5,0.9479396039358137,9.15,9.3,6,63,160.58,160.69,160.66000366210938,0.25196060546875,2025-09-19,0.057494866529774126,160.8752280913521,-0.05346448768508182,0.2336642809753332,0.2490521508792727,0.2414627991097313,0.015387869903939505,0.8295458195243477,0.8496946993493198,0.24350784242430135,0.00340921959141658,0.007352705449553296,0.011589813617116525,0.2841759508381528
RTX,RTX251121C00100000,Call,2025-11-21,100.0,0.6188192715290598,61.35,62.1,15,22,160.58,160.69,160.66000366210938,0.6381872119140625,2025-11-21,0.2299794661190965,161.59807006802953,-0.47994201737925757,0.5256222680877495,0.6573654012237987,0.6016132993020747,0.13174313313604924,0.9646789033397898,2.1170450825541978,0.6077479377275725,0.08494465349272515,0.0,,0.2841759508381528
RTX,RTX260116C00105000,Call,2026-01-16,105.0,0.6471760959781329,55.95,57.45,1,962,160.58,160.69,160.66000366210938,0.5148974291992188,2026-01-16,0.38329911019849416,162.2433224164506,-0.4351368484407596,,0.47232743841972075,0.37894229453398515,,0.975697899451795,1.3334777042755628,0.44748491236867943,0.07675286667122425,0.05562246028341085,,0.2841759508381528
RTX,RTX260618P00155000,Put,2026-06-18,155.0,0.9450101054620073,9.2,9.4,1,269,160.58,160.69,160.66000366210938,0.2127764270019531,2026-06-18,0.8021902806297057,164.01941006146367,-0.056559657934980856,0.2382647426986201,0.24204526112119842,0.24015543026411348,0.003780518422578316,-0.35550528466885234,0.8450941381767018,0.24015543026411348,0.04626602817468871,0.009993616426926479,0.0,0.2841759508381528
RTX,RTX261218C00155000,Call,2026-12-18,155.0,0.9327835924919816,22.6,22.95,2,60,160.58,160.69,160.66000366210938,0.2785411502075195,2026-12-18,1.3032169746748803,166.1693036279821,-0.06958205306464005,0.24333635854800548,0.2486042319953077,0.24597088336847595,0.005267873447302229,0.6510661981255909,0.8655584071875392,0.24655598933675857,0.07922237206802474,0.008503132068339171,,0.2841759508381528
RTX,RTX260116C00120000,Call,2026-01-16,120.0,0.739629823975009,41.95,43.0,4,1270,160.58,160.69,160.66000366210938,0.4157162921142577,2026-01-16,0.38329911019849416,162.2433224164506,-0.30160545581623704,0.2784798335275812,0.3739672528180591,0.3337431430358826,0.09548741929047788,0.940972885669189,1.1744243031528023,0.3473508010832406,0.04624602617890119,0.014467605071563545,0.0,0.2841759508381528
RTX,RTX260320C00125000,Call,2026-03-20,125.0,0.7670014547580829,38.8,39.4,2,85,160.58,160.69,160.66000366210938,0.3645083081054688,2026-03-20,0.5557837097878165,162.97231149245445,-0.2652665809307827,0.29567557679103945,0.32387025535149455,0.3101916343971474,0.0281946785604551,0.8966552261870527,1.091547801572454,0.3101916343971473,0.053476869432291914,0.02028645061928072,0.01674070973525704,0.2841759508381528
RTX,RTX251121C00170000,Call,2025-11-21,170.0,1.0519927615994018,3.6,3.7,57,2987,160.58,160.69,160.66000366210938,0.2331009307861328,2025-11-21,0.2299794661190965,161.59807006802953,0.05068623368291297,0.22254365668258205,0.2261068591944512,0.2243268080858674,0.0035632025118691457,0.33820525934687734,0.7893940617572831,0.22394059248050718,0.011533329699339437,0.0,0.0,0.2841759508381528
RTX,RTX260116C00170000,Call,2026-01-16,170.0,1.0478089172979295,5.4,5.55,25,3108,160.58,160.69,160.66000366210938,0.2310867907714844,2026-01-16,0.38329911019849416,162.2433224164506,0.04670123845197882,0.21538898483869018,0.2193448704451797,0.21736797074641573,0.003955885606489518,0.3898384825851739,0.7649062846638056,0.21939388658938325,0.018449595745903685,0.004138010028526131,0.0,0.2841759508381528
RTX,RTX260618C00155000,Call,2026-06-18,155.0,0.9450101054620073,17.8,18.1,3,135,160.58,160.69,160.66000366210938,0.2673413110351562,2026-06-18,0.8021902806297057,164.01941006146367,-0.056559657934980856,0.23599284357243913,0.2416654595527063,0.23883013653826807,0.005672615980267165,0.6448170988042565,0.8404305003074993,0.23824802003390444,0.04553402020991701,0.009993616426926479,0.0,0.2841759508381528
RTX,RTX250919C00155000,Call,2025-09-19,155.0,0.9634795974429581,7.0,7.2,129,4029,160.58,160.69,160.66000366210938,0.2342605871582031,2025-09-19,0.057494866529774126,160.8752280913521,-0.0372039668133016,0.2167899442003043,0.2336281266081909,0.22528367923006185,0.016838182407886593,0.7629218810342553,0.7927612402302405,0.22647353269676446,0.002948926711170982,0.005639443885234436,0.007822236249917255,0.2841759508381528
RTX,RTX260116C00090000,Call,2026-01-16,90.0,0.5547223679812567,70.6,72.0,1,372,160.58,160.69,160.66000366210938,0.5307664111328125,2026-01-16,0.38329911019849416,162.2433224164506,-0.5892875282680179,,0.583018561589218,0.45267210521038637,,0.9875455999894526,1.5929289719107775,0.547164602569481,0.11475557651663935,0.01573898580565554,,0.2841759508381528
RTX,RTX250905C00150000,Call,2025-09-05,150.0,0.9333289752913408,10.85,11.05,10,255,160.58,160.69,160.66000366210938,0.3403386279296875,2025-09-05,0.019164955509924708,160.71503614593894,-0.06899754082855905,0.30641219787262053,0.3747427875682391,0.34419693607051977,0.06833058969561856,0.9294677801602561,1.2112106427561522,0.3441969360705198,0.0022705016169810664,0.0,,0.2841759508381528
RTX,RTX260220P00165000,Put,2026-02-20,165.0,1.0144612194489573,11.1,11.25,3,60,160.58,160.69,160.66000366210938,0.19727365234375,2026-02-20,0.4791238877481177,162.64791283951294,0.014357653282964008,0.2236287002570025,0.22703674935164617,0.22533274021808206,0.003408049094643678,-0.505611395699334,0.7929338832279168,0.22533274021808206,0.024327440568058013,0.0,0.0,0.2841759508381528
RTX,RTX260220C00145000,Call,2026-02-20,145.0,0.8914962231521139,21.65,21.95,7,71,160.58,160.69,160.66000366210938,0.2974923767089843,2026-02-20,0.4791238877481177,162.64791283951294,-0.11485407819704234,0.2621344531665153,0.2709339663193443,0.26654797725022744,0.008799513152829008,0.7626218623830949,0.9379681020299813,0.2670280666028024,0.03416344411193804,0.0,0.010151974127928357,0.2841759508381528
RTX,RTX260116C00100000,Call,2026-01-16,100.0,0.6163581866458409,60.9,62.25,1,943,160.58,160.69,160.66000366210938,0.5454147021484376,2026-01-16,0.38329911019849416,162.2433224164506,-0.4839270126101916,,0.5030998113767585,0.4066724759627853,,0.9797172783508271,1.4310587323217867,0.48043421004224623,0.08847196228623792,0.029061361056607633,0.09781025273371624,0.2841759508381528
RTX,RTX260220C00150000,Call,2026-02-20,150.0,0.9222374722263247,18.0,18.35,1,472,160.58,160.69,160.66000366210938,0.285315984802246,2026-02-20,0.4791238877481177,162.64791283951294,-0.08095252652136098,0.25283634535758603,0.2620528920226162,0.2574528050970463,0.00921654666503019,0.7065615705954187,0.9059626767772262,0.2568819204478311,0.031616580928867946,0.0,0.013998298289424891,0.2841759508381528
RTX,RTX260116C00165000,Call,2026-01-16,165.0,1.0169910079656375,7.5,7.65,179,569,160.58,160.69,160.66000366210938,0.238716109008789,2026-01-16,0.38329911019849416,162.2433224164506,0.016848275302297707,0.2212126391673899,0.2250220395128486,0.2231174215138394,0.0038094003454587078,0.4789047067505709,0.785138294974552,0.22472587959816842,0.01935726470790929,0.001604645541467489,0.0,0.2841759508381528
RTX,RTX260116C00095000,Call,2026-01-16,95.0,0.5855402773135489,66.6,67.7,10,262,160.58,160.69,160.66000366210938,0.5842326733398437,2026-01-16,0.38329911019849416,162.2433224164506,-0.535220306997742,0.4656991211622928,0.602935353570156,0.5453596816194816,0.13723623240786326,0.9602853271248006,1.9190916050812519,0.517788839378402,0.10276451610096252,0.027543205500111075,,0.2841759508381528
RTX,RTX250919C00110000,Call,2025-09-19,110.0,0.6837597143143573,50.6,51.15,2,39,160.58,160.69,160.66000366210938,0.754885263671875,2025-09-19,0.057494866529774126,160.8752280913521,-0.380148717940132,,0.8804908628362542,0.7300756372503252,,0.9880609700774751,2.569097191711787,0.838623255819174,0.040435505186080176,0.0,,0.2841759508381528
RTX,RTX251121P00175000,Put,2025-11-21,175.0,1.0829337251758546,15.35,15.55,2,88,160.58,160.69,160.66000366210938,0.1771322521972656,2025-11-21,0.2299794661190965,161.59807006802953,0.0796737705561651,0.2113196343282047,0.21977950693819168,0.2155741213545454,0.008459872609986985,-0.763926358901927,0.7585938244201449,0.21557412135454534,0.010687652158833338,0.0,0.0,0.2841759508381528
RTX,RTX260220C00140000,Call,2026-02-20,140.0,0.860754974077903,25.55,25.9,2,130,160.58,160.69,160.66000366210938,0.313483427734375,2026-02-20,0.4791238877481177,162.64791283951294,-0.14994539800831244,0.2718175440998071,0.28349185472574256,0.27769148963540286,0.011674310625935491,0.8095395656905325,0.9771815272065615,0.2776914896354029,0.03694647117806321,0.0,0.0,0.2841759508381528
RTX,RTX260320C00070000,Call,2026-03-20,70.0,0.4295208146645264,90.8,91.9,0,90,160.58,160.69,160.66000366210938,0.6162147753906251,2026-03-20,0.5557837097878165,162.97231149245445,-0.8450850761837249,,0.6870185639011999,0.6011821524643498,,0.9825560917274327,2.1155278998494214,0.6258579419531657,0.21769945843035723,0.0,,0.2841759508381528
RTX,RTX250919C00090000,Call,2025-09-19,90.0,0.5594397662572015,70.75,71.2,10,10,160.58,160.69,160.66000366210938,1.1669963525390623,2025-09-19,0.057494866529774126,160.8752280913521,-0.5808194134022832,0.9484871521706227,1.3221036307091911,1.196115859318369,0.3736164785385684,0.9849409927396466,4.209067853175214,1.1934304135893787,0.08188856726538651,0.02165765755783356,,0.2841759508381528
RTX,RTX251121C00120000,Call,2025-11-21,120.0,0.7425831258348717,42.0,42.45,2,63,160.58,160.69,160.66000366210938,0.4934132690429688,2025-11-21,0.2299794661190965,161.59807006802953,-0.29762046058530295,0.4141332519449319,0.4610605209636454,0.4388509857479511,0.046927269018713524,0.9356686544821569,1.5442931903758832,0.41094974005919505,0.03883886068116763,0.023790748629221377,,0.2841759508381528
RTX,RTX260220C00155000,Call,2026-02-20,155.0,0.9529787213005355,14.65,14.85,1,245,160.58,160.69,160.66000366210938,0.2695385546875,2026-02-20,0.4791238877481177,162.64791283951294,-0.048162703698370106,0.24412188182482825,0.24898301193839767,0.24655331391622476,0.004861130113569423,0.643392987995955,0.8676079491914666,0.24773471797338964,0.0294050262440441,0.0,0.0,0.2841759508381528
RTX,RTX260320C00165000,Call,2026-03-20,165.0,1.0124419202806694,9.85,10.0,3,682,160.58,160.69,160.66000366210938,0.2477187045288085,2026-03-20,0.5557837097878165,162.97231149245445,0.01236515566749673,0.22719390455165825,0.23036204624418835,0.22877796434213718,0.003168141692530102,0.505097920603691,0.8050574429939481,0.22975875983808924,0.02933931501063481,0.001249304234120633,0.0,0.2841759508381528
RTX,RTX260116C00070000,Call,2026-01-16,70.0,0.4314507306520886,90.6,91.7,2,211,160.58,160.69,160.66000366210938,0.6972686523437501,2026-01-16,0.38329911019849416,162.2433224164506,-0.8406019565489239,,0.7995966980832004,0.6830335732324986,,0.9860705605672039,2.40355867981773,0.7727432324589503,0.2288802038701027,0.0,,0.2841759508381528
RTX,RTX250919C00150000,Call,2025-09-19,150.0,0.9323996104286691,11.4,11.6,21,2909,160.58,160.69,160.66000366210938,0.2788158056640625,2025-09-19,0.057494866529774126,160.8752280913521,-0.06999378963629242,0.2492627653154513,0.2744123484753281,0.2622123849686591,0.02514958315987678,0.8738300356289543,0.9227113842507996,0.26639427052798526,0.004080175372410363,0.010024545493240047,0.0064749073612440635,0.2841759508381528
RTX,RTX250919C00100000,Call,2025-09-19,100.0,0.6215997402857795,60.75,61.25,10,47,160.58,160.69,160.66000366210938,0.99023447265625,2025-09-19,0.057494866529774126,160.8752280913521,-0.47545889774445677,0.7288419288641471,1.1212085016635782,1.0021886136057179,0.3923665727994311,0.9820788392944959,3.5266482285001524,1.0069481778387965,0.05829661133445673,0.026212897993255928,,0.2841759508381528
RTX,RTX250919C00120000,Call,2025-09-19,120.0,0.7459196883429353,40.95,41.3,6,55,160.58,160.69,160.66000366210938,0.6928741650390625,2025-09-19,0.057494866529774126,160.8752280913521,-0.2931373409505022,0.6120375232280765,0.7458493608503141,0.6892963935394176,0.13381183762223758,0.9682888475974137,2.4255972101312464,0.6892963935394175,0.027317508230185895,0.0,,0.2841759508381528
RTX,RTX260618C00135000,Call,2026-06-18,135.0,0.8230733176604579,31.85,32.2,4,216,160.58,160.69,160.66000366210938,0.3080208358764648,2026-06-18,0.8021902806297057,164.01941006146367,-0.1947099964157981,0.26088534088737586,0.2704697610255475,0.26570588175871956,0.009584420138171623,0.8256641679116128,0.9350048129514221,0.264762596795583,0.05623292312100905,0.027554150262131007,0.005254666479171237,0.2841759508381528
RTX,RTX260116C00110000,Call,2026-01-16,110.0,0.677994005310425,52.0,52.65,1,509,160.58,160.69,160.66000366210938,0.483403603515625,2026-01-16,0.38329911019849416,162.2433224164506,-0.3886168328058667,0.3750859811514019,0.441070259537669,0.41117826568552895,0.06598427838626708,0.9509233498057905,1.4469143658103145,0.4118418181119489,0.06501277382725745,0.028954668251916595,,0.2841759508381528
RTX,RTX260618C00145000,Call,2026-06-18,145.0,0.8840417115612326,24.35,24.65,3,476,160.58,160.69,160.66000366210938,0.2851939157104491,2026-06-18,0.8021902806297057,164.01941006146367,-0.12325103243365311,0.2474257152577713,0.25401382628853114,0.25072601767315933,0.006588111030759847,0.7457355111960632,0.8822914709484186,0.25350540364753593,0.051552750104861156,0.0,0.0,0.2841759508381528
RTX,RTX260320C00160000,Call,2026-03-20,160.0,0.9817618620903461,12.4,12.55,3,578,160.58,160.69,160.66000366210938,0.255164919128418,2026-03-20,0.5557837097878165,162.97231149245445,-0.01840650299925691,0.2323294464622766,0.23555672191845725,0.23394310385927033,0.0032272754561806505,0.5764191608996403,0.8232332932089259,0.23393113084126915,0.0304145821143464,0.0014631253961268917,,0.2841759508381528
RTX,RTX250919C00145000,Call,2025-09-19,145.0,0.9013196234143802,16.2,16.4,4,682,160.58,160.69,160.66000366210938,0.3415593188476562,2025-09-19,0.057494866529774126,160.8752280913521,-0.10389534131197374,0.29981431283200644,0.33474341480574815,0.3181719756017561,0.034929101973741716,0.919238172573517,1.1196301962334776,0.31817344482598486,0.005820454923589636,0.015117305037905657,0.04873615586893073,0.2841759508381528
RTX,RTX260320C00150000,Call,2026-03-20,150.0,0.9204017457096995,18.55,18.75,2,376,160.58,160.69,160.66000366210938,0.2742687319946288,2026-03-20,0.5557837097878165,162.97231149245445,-0.0829450241368281,0.24417527013679596,0.24907026565828191,0.24662513713590248,0.004894995521485951,0.7064553936291101,0.8678606912671626,0.2526713462050742,0.035482793336608205,0.0,0.007428949236445871,0.2841759508381528
RTX,RTX260116C00150000,Call,2026-01-16,150.0,0.9245372799687612,16.45,16.65,33,1639,160.58,160.69,160.66000366210938,0.2711559701538085,2026-01-16,0.38329911019849416,162.2433224164506,-0.07846190450202727,0.24277581207592158,0.24881832489832026,0.24580189780552184,0.006042512822398677,0.7229674407404129,0.8649637560129563,0.24797506384417467,0.02356968794084367,0.006958387128442365,0.004885622720463846,0.2841759508381528
RTX,RTX260320C00120000,Call,2026-03-20,120.0,0.7363213965677596,43.35,43.7,10,139,160.58,160.69,160.66000366210938,0.3763490100097656,2026-03-20,0.5557837097878165,162.97231149245445,-0.30608857545103774,0.31076032461179703,0.3304653696344538,0.3208587926642171,0.019705045022656742,0.9191263922794102,1.129084962038031,0.32580479309407395,0.05899575340239202,0.01785556477165504,,0.2841759508381528
RTX,RTX260116C00115000,Call,2026-01-16,115.0,0.708811914642717,47.25,47.7,19,416,160.58,160.69,160.66000366210938,0.4421442504882812,2026-01-16,0.38329911019849416,162.2433224164506,-0.3441650702350329,0.3572511931393014,0.39765810990836653,0.37861542857086766,0.040406916769065104,0.9435680643980631,1.332327480401398,0.3769298821809254,0.05445765654025922,0.017899101219856717,,0.2841759508381528
RTX,RTX260320C00115000,Call,2026-03-20,115.0,0.7056413383774363,48.0,48.4,1,224,160.58,160.69,160.66000366210938,0.4019835192871094,2026-03-20,0.5557837097878165,162.97231149245445,-0.34864818986983376,0.32868286709638744,0.35457227004372194,0.3420825380158944,0.025889402947334494,0.9324936036665503,1.2037701888810473,0.342082538015894,0.06503806694462778,0.014393327307229054,,0.2841759508381528
RTX,RTX250919C00140000,Call,2025-09-19,140.0,0.8702396364000912,21.1,21.3,20,888,160.58,160.69,160.66000366210938,0.4086973193359374,2025-09-19,0.057494866529774126,160.8752280913521,-0.13898666112324393,0.35535676614624523,0.40069171329559167,0.3796111229679599,0.04533494714934644,0.9420761459482075,1.3358312758286872,0.4125317030970004,0.009784614722141944,0.0,0.0,0.2841759508381528
RTX,RTX260116C00145000,Call,2026-01-16,145.0,0.8937193706364692,20.25,20.45,3,1202,160.58,160.69,160.66000366210938,0.2864451239013671,2026-01-16,0.38329911019849416,162.2433224164506,-0.11236345617770857,0.25330230491446215,0.26021222370302766,0.2567687331895285,0.0069099187885655056,0.7841578525090825,0.9035554642544907,0.2595709570521535,0.025825575480618555,0.00976291541751179,0.0063681078780247445,0.2841759508381528
