Ticker,Contract Name,Type,Expiry,Strike,Moneyness,Bid,Ask,Volume,Open Interest,Bid Stock,Ask Stock,Last Stock Price,Implied Volatility,Expiry_dt,Years_to_Expiry,Forward,LogMoneyness,IV_bid,IV_ask,IV_mid,IV_spread,Delta,Ivol/Rvol100d Ratio,Smoothed_IV,TotalVariance,Call Local Vol,Put Local Vol,Realised Vol 100d
W,W250919C00087000,Call,2025-09-19,87.0,1.172336830413975,0.63,0.73,4,68,73.99,74.05,73.75,0.5522505712890625,2025-09-19,0.06023271731690623,74.21075389167686,0.15899904782807953,0.5489859253503365,0.5738497920244139,0.5616004721908276,0.02486386667407736,0.139033193239878,0.7311511056030432,0.5611846588433514,0.01896898252995163,0.05046868404135288,,0.7681045243412816
W,W250905C00082000,Call,2025-09-05,82.0,1.1067723796131117,0.31,0.41,3182,3179,73.99,74.05,73.75,0.523442265625,2025-09-05,0.02190280629705681,74.08930825384736,0.10144801344497259,0.5438239398135013,0.589121263603555,0.5671343141140837,0.04529732379005369,0.1216651251031553,0.7383556484066437,0.5671343141140837,0.007044847753498198,0.0,0.0,0.7681045243412816
W,W250829C00073000,Call,2025-08-29,73.0,0.9861045710540463,1.74,2.1,33,234,73.99,74.05,73.75,0.5712933496093751,2025-08-29,0.0027378507871321013,74.02865998478272,-0.013992874167277475,0.7518303957141391,0.9979669350247397,0.8757179703609185,0.24613653931060053,0.6286533309201778,1.140102606623656,0.8757179703609185,0.002099608387715391,0.0,0.0,0.7681045243412816
W,W250912P00073000,Put,2025-09-12,73.0,0.9844908143905169,2.77,3.1,5,26,73.99,74.05,73.75,0.5219774365234374,2025-09-12,0.04106776180698152,74.15000620924349,-0.01563071117450105,0.5581517033125583,0.6143124431968936,0.5862413686791561,0.05616073988433534,-0.42427459098002085,0.7632312401517366,0.5862413686791561,0.014114124942538409,0.007501068227246223,0.0,0.7681045243412816
W,W250926P00075000,Put,2025-09-26,75.0,1.0098079095555754,4.95,5.4,1,12,73.99,74.05,73.75,0.5236864038085938,2025-09-26,0.07939767282683094,74.27155134188651,0.009760124206194437,0.5480356556058815,0.6021292875905688,0.5750806088602594,0.05409363198468731,-0.49170636136661594,0.7487009783641653,0.5750806088602594,0.02625821627358114,0.002191777497864237,0.001717218949734107,0.7681045243412816
W,W250926C00077000,Call,2025-09-26,77.0,1.0367361204770573,3.35,3.7,17,18,73.99,74.05,73.75,0.569340244140625,2025-09-26,0.07939767282683094,74.27155134188651,0.03607743252356774,0.5412951554181389,0.5838255700689806,0.5625786859320133,0.04253041465084173,0.4410423680388022,0.7324246480835078,0.5625786859320133,0.02512894882432508,0.011467548042212972,0.010535901306520667,0.7681045243412816
W,W250905C00080000,Call,2025-09-05,80.0,1.079777931329865,0.55,0.65,46,157,73.99,74.05,73.75,0.516606396484375,2025-09-05,0.02190280629705681,74.08930825384736,0.07675540085460102,0.5394294114753556,0.5734665519881028,0.556673667064501,0.0340371405127472,0.18660697898118084,0.7247368677354147,0.556673667064501,0.006787363649074091,0.0,0.0,0.7681045243412816
W,W260116P00042500,Put,2026-01-16,42.5,0.5647757047161331,0.92,1.1,2,228,73.99,74.05,73.75,0.6679720703125002,2026-01-16,0.3860369609856263,75.25111233557983,-0.5713266094575338,0.675968211768689,0.7082672694086649,0.6924414641847115,0.03229905763997587,-0.06140575840621665,0.9014937970565166,0.692149733269667,0.1849392107061006,0.0,0.045445786930189205,0.7681045243412816
W,W260618P00075000,Put,2026-06-18,75.0,0.9789822272761131,15.05,16.8,105,28,73.99,74.05,73.75,0.5789226678466797,2026-06-18,0.8049281314168378,76.61017525177904,-0.021241790573395338,0.6108906323414621,0.680560007377787,0.6456477534001916,0.06966937503632487,-0.3720983362014404,0.8405727774535534,0.6456477534001916,0.3355431630729367,,0.0,0.7681045243412816
W,W260618P00040000,Put,2026-06-18,40.0,0.5221238545472603,2.09,2.59,2,712,73.99,74.05,73.75,0.6479527392578125,2026-06-18,0.8049281314168378,76.61017525177904,-0.6498504499957695,0.6567536346290777,0.7049682493404945,0.6813041665055977,0.04821461471141686,-0.08553500361664956,0.8869940807728961,0.6813041665055977,0.3736278110488127,0.0,0.0,0.7681045243412816
W,W250829P00074000,Put,2025-08-29,74.0,0.9996128528493071,1.45,1.75,2,320,73.99,74.05,73.75,0.5507857421875001,2025-08-29,0.0027378507871321013,74.02865998478272,-0.00038722211149889,0.947959515635569,1.1422336987880872,1.0450934607534719,0.1942741831525182,-0.48626989194541537,1.360613598324698,1.0207050987041317,0.002852399448379497,0.0,0.0,0.7681045243412816
W,W250829C00063000,Call,2025-08-29,63.0,0.8510217531014371,10.75,11.9,20,25,73.99,74.05,73.75,1.5078149609375,2025-08-29,0.0027378507871321013,74.02865998478272,-0.16131758892413597,,3.032437984809065,2.2197320272025167,,0.9260501566671833,2.889882765768286,2.2197320272025167,0.013489966523172057,0.0,,0.7681045243412816
W,W250905P00066000,Put,2025-09-05,66.0,0.8908167933471386,0.31,0.36,1,121,73.99,74.05,73.75,0.5468795312500001,2025-09-05,0.02190280629705681,74.08930825384736,-0.11561649179285509,0.6160484231034485,0.6422840472432013,0.6293767203363907,0.026235624139752778,-0.0989038753811955,0.8193894195274237,0.6310552550590599,0.008722370648874034,,0.0,0.7681045243412816
W,W270115P00045000,Put,2027-01-15,45.0,0.5730673913194071,15.5,17.4,7,41,73.99,74.05,73.75,1.1196333081054686,2027-01-15,1.3826146475017111,78.52479600417296,-0.5567519578053995,1.1556102774002186,1.2560168929937925,1.2054499370180483,0.10040661559357389,-0.1353388169207541,1.5693826801135293,1.2054499370180474,2.009090549162741,0.0,0.0,0.7681045243412816
W,W260116C00115000,Call,2026-01-16,115.0,1.5282166127613015,1.97,2.15,14,16,73.99,74.05,73.75,0.6064492480468751,2026-01-16,0.3860369609856263,75.25111233557983,0.4241014429753452,0.5845856707860955,0.6002626086603792,0.5924912208971441,0.015676937874283703,0.1665240541941268,0.7713679611577062,0.5910708977902621,0.1348677280664112,0.0486407952774802,,0.7681045243412816
W,W250912C00080000,Call,2025-09-12,80.0,1.0788940431676897,1.21,1.48,750,802,73.99,74.05,73.75,0.5522505712890625,2025-09-12,0.04106776180698152,74.15000620924349,0.07593648235098936,0.5392731097485981,0.5934507311868669,0.5666437787959252,0.054177621438268764,0.27296468187254797,0.7377170174617484,0.5666437787959252,0.013186249365426094,0.0,0.0,0.7681045243412816
W,W260618P00037500,Put,2026-06-18,37.5,0.48949111363805653,1.86,2.15,2,131,73.99,74.05,73.75,0.6677279321289065,2026-06-18,0.8049281314168378,76.61017525177904,-0.7143889711333407,0.6841168742678496,0.7155221924843236,0.7000302265719931,0.031405318216473965,-0.0733211260192621,0.9113736534390703,0.7000302265719931,0.39444884743502856,,0.0,0.7681045243412816
W,W260618C00100000,Call,2026-06-18,100.0,1.3053096363681507,8.4,9.65,45,112,73.99,74.05,73.75,0.6344641046142578,2026-06-18,0.8049281314168378,76.61017525177904,0.26644028187838553,0.5801867214846503,0.6285368956472657,0.6044431806590619,0.048350174162615334,0.4128674065556867,0.7869282910127707,0.604443180659062,0.29408174741054505,0.0,,0.7681045243412816
W,W250912C00078000,Call,2025-09-12,78.0,1.0519216920884975,1.72,1.9,4,30,73.99,74.05,73.75,0.5417526293945314,2025-09-12,0.04106776180698152,74.15000620924349,0.05061867436669957,0.5363678612438293,0.5689027076794835,0.5526834810598116,0.032534846435654186,0.3460739272138955,0.7195420200574748,0.5526834810598116,0.012544518695539675,0.0,0.0,0.7681045243412816
W,W250919C00086000,Call,2025-09-19,86.0,1.158861694432205,0.74,0.84,1,85,73.99,74.05,73.75,0.5507857421875001,2025-09-19,0.06023271731690623,74.21075389167686,0.1474382254270034,0.5480619217809108,0.5709309207162807,0.5596305759923045,0.022868998935369866,0.1574958668078758,0.7285864856377949,0.5593152201199654,0.01884281270382641,0.052264238403514296,,0.7681045243412816
W,W250829P00069000,Put,2025-08-29,69.0,0.9320714438730026,0.17,0.2,3,352,73.99,74.05,73.75,0.5820354296875,2025-08-29,0.0027378507871321013,74.02865998478272,-0.07034581071840929,1.0247097543841253,1.070553311789974,1.0480441688178037,0.04584355740584867,-0.09506343953894181,1.3644551432848224,1.0653060520693232,0.0031071238455182134,0.0,0.0,0.7681045243412816
W,W250829P00068000,Put,2025-08-29,68.0,0.9185631620777417,0.12,0.14,2,279,73.99,74.05,73.75,0.6171913281250001,2025-08-29,0.0027378507871321013,74.02865998478272,-0.08494461013956194,1.0870346065673582,1.1266508285489714,1.1072236943775666,0.03961622198161319,-0.06743433653114439,1.4415013312506004,1.1072236943775668,0.0033564525924465642,,0.0,0.7681045243412816
W,W261218C00057500,Call,2026-12-18,57.5,0.7346553320372117,29.35,31.75,2,17,73.99,74.05,73.75,0.7404811108398437,2026-12-18,1.3059548254620124,78.26799519789985,-0.3083538257579671,0.6273614170357608,0.7242284243573949,0.6758142309862679,0.09686700732163411,0.7838953643795165,0.8798466999863581,0.6546635096124568,0.5597117488302077,0.017169149562567463,0.0,0.7681045243412816
W,W250905C00079000,Call,2025-09-05,79.0,1.0662807071882416,0.72,0.82,15,120,73.99,74.05,73.75,0.5141650146484374,2025-09-05,0.02190280629705681,74.08930825384736,0.06417661864774085,0.536928317612793,0.5671272580029512,0.552154916415797,0.030198940390158135,0.22828803730210867,0.718853878499569,0.552154916415797,0.006677619202675115,0.0,0.0,0.7681045243412816
W,W260116P00045000,Put,2026-01-16,45.0,0.5979978049935527,1.15,1.39,36,1079,73.99,74.05,73.75,0.6516148120117189,2026-01-16,0.3860369609856263,75.25111233557983,-0.5141681956175852,0.6582456582073709,0.6947987323052202,0.6768805687349879,0.03655307409784925,-0.07594845121327798,0.8812349716537259,0.6821254912508921,0.1796211394929834,0.020014481549759655,0.04421728548856124,0.7681045243412816
W,W261218C00030000,Call,2026-12-18,30.0,0.38329843410637127,45.2,49.75,1,35,73.99,74.05,73.75,0.8198260205078124,2026-12-18,1.3059548254620124,78.26799519789985,-0.9589413918991165,,0.8992946667531433,0.6862861476534202,,0.9468280136186438,0.8934801526419494,0.6862861476534202,0.615089934762173,0.03919923344817486,,0.7681045243412816
W,W251017C00095000,Call,2025-10-17,95.0,1.2759514642271126,1.04,1.18,3,114,73.99,74.05,73.75,0.5786174951171875,2025-10-17,0.13689253935660506,74.45424270706468,0.24369214675958945,0.5637641665312172,0.5857645249722794,0.5749013728704768,0.022000358441062184,0.1493296266294737,0.7484676299277188,0.5749013728704768,0.04524457064043245,0.020185895432837556,,0.7681045243412816
W,W251219C00120000,Call,2025-12-19,120.0,1.599892967040741,1.19,1.41,2,601,73.99,74.05,73.75,0.6337927246093751,2025-12-19,0.30937713894592744,75.00501750561432,0.4699367314085882,0.60980217519662,0.636747717852111,0.6235380278974476,0.026945542655490984,0.11868875208572022,0.81178798996424,0.6189867040481734,0.11853616152249573,0.0,,0.7681045243412816
W,W250829P00070000,Put,2025-08-29,70.0,0.9455797256682635,0.27,0.32,66,658,73.99,74.05,73.75,0.5644574804687501,2025-08-29,0.0027378507871321013,74.02865998478272,-0.05595707326630961,0.994813964946431,1.0522889663227866,1.0239915622688518,0.05747500137635553,-0.14204912488422194,1.3331409070230593,1.0239915622688525,0.002870797315805079,0.0,0.0,0.7681045243412816
W,W250829C00067000,Call,2025-08-29,67.0,0.9050548802824808,6.85,7.55,11,41,73.99,74.05,73.75,0.983398603515625,2025-08-29,0.0027378507871321013,74.02865998478272,-0.09975969592470253,,1.8348085601523119,1.340179537544614,,0.9275351540277929,1.7447879749099744,1.3401795375446144,0.004917402307606561,0.0,,0.7681045243412816
W,W250905C00070000,Call,2025-09-05,70.0,0.9448056899136319,4.85,5.35,1,43,73.99,74.05,73.75,0.5986368261718751,2025-09-05,0.02190280629705681,74.08930825384736,-0.05677599176992158,0.5271089151067809,0.6720692900990676,0.6013914637585526,0.14496037499228664,0.7525098420937348,0.7829552420281596,0.6013914637585525,0.007921625027934934,0.0,0.0,0.7681045243412816
W,W250919C00077000,Call,2025-09-19,77.0,1.0375854705962766,2.64,2.88,1,28,73.99,74.05,73.75,0.5434615966796876,2025-09-19,0.06023271731690623,74.21075389167686,0.03689635102717956,0.5249839608727241,0.5588459431395175,0.5419341563886051,0.03386198226679338,0.4164797748598197,0.7055474082168207,0.5512304974199019,0.01830201601173836,0.011668051370290252,0.0071634020917873,0.7681045243412816
W,W260116P00050000,Put,2026-01-16,50.0,0.664442005548392,1.77,2.18,9,3186,73.99,74.05,73.75,0.6245154736328126,2026-01-16,0.3860369609856263,75.25111233557983,-0.4088076799597588,0.6282603211561463,0.6748738118310088,0.6519751178821332,0.046613490674862534,-0.11280717363521753,0.8488104121522526,0.6645458993851089,0.17048212617913325,0.023697025156717063,0.04009328254967989,0.7681045243412816
W,W260220C00065000,Call,2026-02-20,65.0,0.8602450331839416,17.45,19.25,1,47,73.99,74.05,73.75,0.707888663330078,2026-02-20,0.48186173853524983,75.55986665731947,-0.15053800801032682,0.6113840041574473,0.7139834951632581,0.6627925693329595,0.10259949100581078,0.7113177233429709,0.8628937186659114,0.6627925693329595,0.211678965731651,0.0,,0.7681045243412816
W,W251121P00047500,Put,2025-11-21,47.5,0.6353688222132462,0.9,1.03,1,217,73.99,74.05,73.75,0.7055693505859376,2025-11-21,0.2327173169062286,74.75972748322512,-0.45354962631841494,0.7174781049316366,0.7440840660829926,0.7309776933281569,0.02660596115135605,-0.07180099041758103,0.951664350571344,0.7345532012313636,0.12556691160119302,0.07874124956478437,0.0,0.7681045243412816
W,W260618P00042500,Put,2026-06-18,42.5,0.554756595456464,2.87,3.1,1,22,73.99,74.05,73.75,0.651492742919922,2026-06-18,0.8049281314168378,76.61017525177904,-0.5892258281793347,0.6771456918866928,0.696454053330497,0.6868554816280492,0.01930836144380421,-0.10306265533733683,0.8942213720418966,0.6868554816280492,0.37974130890320285,,0.0,0.7681045243412816
W,W250829P00071000,Put,2025-08-29,71.0,0.9590880074635244,0.41,0.5,3182,3308,73.99,74.05,73.75,0.5459029785156251,2025-08-29,0.0027378507871321013,74.02865998478272,-0.041772438274353216,0.9564673893374251,1.0384615617703812,0.9980040151092232,0.08199417243295604,-0.2043903480420015,1.2993075596906567,0.9995481279753655,0.0027353770298126153,,0.0,0.7681045243412816
W,W250829P00075000,Put,2025-08-29,75.0,1.013121134644568,1.98,2.3,2,458,73.99,74.05,73.75,0.5312546875,2025-08-29,0.0027378507871321013,74.02865998478272,0.013035798220641867,0.9277065489337425,1.139669372073823,1.0340027832963257,0.21196282314008041,-0.5846833286681175,1.346174577194524,1.0340027832963257,0.002927205354865293,0.0,0.0,0.7681045243412816
W,W250829P00078000,Put,2025-08-29,78.0,1.0536459800303508,4.0,4.5,1,126,73.99,74.05,73.75,0.551762294921875,2025-08-29,0.0027378507871321013,74.02865998478272,0.052256511373923155,0.5471354295953152,1.188989499314205,0.9434567456840244,0.6418540697188897,-0.8494020697983947,1.228292134450221,0.9434567456840244,0.0024369900916541816,,0.0,0.7681045243412816
W,W250905P00068000,Put,2025-09-05,68.0,0.9178112416303853,0.55,0.6,15,35,73.99,74.05,73.75,0.523442265625,2025-09-05,0.02190280629705681,74.08930825384736,-0.08576352864317384,0.5964384717130303,0.6153271549534938,0.6059500051403581,0.018888683240463444,-0.15836817945269477,0.7888900350639315,0.606987435597769,0.008069732993260633,0.012164087841341986,0.0,0.7681045243412816
W,W250919C00074000,Call,2025-09-19,74.0,0.9971600626509671,4.05,4.4,13,30,73.99,74.05,73.75,0.5759319750976561,2025-09-19,0.06023271731690623,74.21075389167686,-0.002843977622334524,0.5453851505045535,0.593876234493147,0.569628385274408,0.048491083988593475,0.5359530480006592,0.7416026949755508,0.553227818885289,0.01843488687460269,0.002621783281566827,0.0021916475067064816,0.7681045243412816
W,W250829P00079000,Put,2025-08-29,79.0,1.0671542618256116,5.15,5.95,27,393,73.99,74.05,73.75,0.6709017285156251,2025-08-29,0.0027378507871321013,74.02865998478272,0.06499553715135277,0.9630844530701869,1.7467178424676335,1.403404163991249,0.7836333893974466,-0.8018898837862863,1.8271005045762405,1.403404163991249,0.005392315530480428,,0.0,0.7681045243412816
W,W271217P00050000,Put,2027-12-17,50.0,0.6121979933034484,11.4,12.1,1,11,73.99,74.05,73.75,0.6030313134765627,2027-12-17,2.302532511978097,81.67292370593655,-0.49069953032094,0.6767188110634399,0.7022754179164411,0.6894907664574061,0.025556606853001207,-0.16056647171542848,0.8976522655542306,0.6894907664574069,1.0946182390752879,0.008073133074648778,0.022495476279219367,0.7681045243412816
W,W250905P00065000,Put,2025-09-05,65.0,0.8773195692055153,0.24,0.28,111,643,73.99,74.05,73.75,0.5625043750000001,2025-09-05,0.02190280629705681,74.08930825384736,-0.13088396392364343,0.6333300904580592,0.6583172926691753,0.6460499403784505,0.024987202211116055,-0.07828497254470157,0.8410963871518609,0.6451411436166133,0.009116103385340489,0.012293845911263899,0.08916229643018024,0.7681045243412816
W,W250829C00052000,Call,2025-08-29,52.0,0.7024306533535671,21.7,23.35,6,21,73.99,74.05,73.75,2.988283779296875,2025-08-29,0.0027378507871321013,74.02865998478272,-0.3532085967342413,,5.0,4.668018107069117,,0.9415840371547151,6.077321457092523,4.668018107069117,0.059658844758179716,0.0,,0.7681045243412816
W,W250905P00079000,Put,2025-09-05,79.0,1.0662807071882416,5.75,6.3,2,47,73.99,74.05,73.75,0.51562984375,2025-09-05,0.02190280629705681,74.08930825384736,0.06417661864774085,0.5742029113519387,0.7269735850994576,0.6525875747430538,0.15277067374751896,-0.7311185299084949,0.8496077735028394,0.6525875747430538,0.009327760004578143,0.0,0.0,0.7681045243412816
W,W251219P00045000,Put,2025-12-19,45.0,0.5999598626402778,0.91,1.06,10,779,73.99,74.05,73.75,0.6772493212890626,2025-12-19,0.30937713894592744,75.00501750561432,-0.5108925216031381,0.6870251675075076,0.7153688740197193,0.7014372406377893,0.02834370651221163,-0.06622005929892716,0.9132054536969881,0.711744048634207,0.15672414443964958,0.029325542173407257,0.0,0.7681045243412816
W,W260320P00040000,Put,2026-03-20,40.0,0.5276503145103945,1.42,1.59,4,141,73.99,74.05,73.75,0.676761044921875,2026-03-20,0.5585215605749486,75.80778197226303,-0.639321497806475,0.6926751371538367,0.7156402279378759,0.7042893634016846,0.022965090784039188,-0.06972870197241943,0.9169186498486983,0.7042893634016846,0.2770398234353265,0.021872252386091223,0.0,0.7681045243412816
W,W250926C00073000,Call,2025-09-26,73.0,0.9828796986340933,5.15,5.45,6,11,73.99,74.05,73.75,0.5769085278320312,2025-09-26,0.07939767282683094,74.27155134188651,-0.017268548181724987,0.5445698938326047,0.5812686063625011,0.5629209174585517,0.03669871252989643,0.5746313868430171,0.7328702014108128,0.5629209174585517,0.025159531334863653,0.0034899660916007146,0.00334785940336051,0.7681045243412816
W,W260116C00110000,Call,2026-01-16,110.0,1.4617724122064621,2.42,2.62,4,32,73.99,74.05,73.75,0.6047402807617189,2026-01-16,0.3860369609856263,75.25111233557983,0.37964968040451125,0.581686738268148,0.5973761926137784,0.5895857866092973,0.015689454345630405,0.19676705540290418,0.7675853584053809,0.5900803330166263,0.13441606219639912,0.039445948396516,,0.7681045243412816
W,W250919C00084000,Call,2025-09-19,84.0,1.1319114224686655,1.0,1.13,164,216,73.99,74.05,73.75,0.5493209130859377,2025-09-19,0.06023271731690623,74.21075389167686,0.12390772801680944,0.5437365102303369,0.5692444465541024,0.5566101103272151,0.02550793632376558,0.2008056299421358,0.724654122828606,0.5555832191097752,0.018592196287037288,0.04734491837533753,0.019341791970533602,0.7681045243412816
W,W250926C00074000,Call,2025-09-26,74.0,0.9963438040948344,4.65,5.05,31,37,73.99,74.05,73.75,0.5798381860351562,2025-09-26,0.07939767282683094,74.27155134188651,-0.0036628961259463047,0.5439515225256891,0.5922794566636481,0.5681124669108946,0.048327934137958994,0.5409874856426984,0.7396291115432523,0.5681124669108946,0.025625739840459644,0.00407231557424082,0.0020156405718221304,0.7681045243412816
W,W260220P00057500,Put,2026-02-20,57.5,0.7609859908934868,4.65,4.95,2,15,73.99,74.05,73.75,0.6138954626464845,2026-02-20,0.48186173853524983,75.55986665731947,-0.27314033010265915,0.6392783379685131,0.6599530773416159,0.6496417085767917,0.020674739373102824,-0.20293910505393975,0.8457725322395642,0.6496417085767917,0.2033622053825404,0.0,0.0,0.7681045243412816
W,W250919P00084000,Put,2025-09-19,84.0,1.1319114224686655,10.45,11.2,22,22,73.99,74.05,73.75,0.5273484765625001,2025-09-19,0.06023271731690623,74.21075389167686,0.12390772801680944,0.47707171100052137,0.6261172930909541,0.555808663478215,0.14904558209043273,-0.7995887897578694,0.7236107142512547,0.5837762650607831,0.020526992493533163,0.04734491837533753,0.019341791970533602,0.7681045243412816
W,W270115C00057500,Call,2027-01-15,57.5,0.7322527777970202,29.75,32.45,2,52,73.99,74.05,73.75,0.7402369726562499,2027-01-15,1.3826146475017111,78.52479600417296,-0.31162949977241444,0.6217784462756526,0.7280399702838306,0.6749044353132044,0.10626152400817801,0.7850837220526761,0.8786622314091892,0.6919255584880126,0.6619419415110713,0.0,,0.7681045243412816
W,W250919P00060000,Put,2025-09-19,60.0,0.8085081589061895,0.39,0.45,6,712,73.99,74.05,73.75,0.5976602734375001,2025-09-19,0.06023271731690623,74.21075389167686,-0.21256450860440362,0.6268333723401136,0.6500164761453406,0.6386178932675293,0.023183103805227034,-0.07570109444409578,0.8314205593505666,0.6380825285149709,0.02452370948751072,0.012876646463590899,0.02108507770871548,0.7681045243412816
W,W251121P00045000,Put,2025-11-21,45.0,0.6019283578862332,0.7,0.8,5,479,73.99,74.05,73.75,0.7260769580078125,2025-11-21,0.2327173169062286,74.75972748322512,-0.5076168475886907,0.7379681210109886,0.7625630464246099,0.7504604697758411,0.024594925413621294,-0.05669227230363805,0.9770290969441017,0.7498800666925427,0.13086162827088033,0.06189831944157198,0.0,0.7681045243412816
W,W260618C00090000,Call,2026-06-18,90.0,1.1747786727313356,11.0,12.6,70,573,73.99,74.05,73.75,0.6510655010986328,2026-06-18,0.8049281314168378,76.61017525177904,0.16107976622055925,0.5868182008901005,0.6472246686760355,0.6170275397134994,0.06040646778593495,0.49434129111629654,0.8033119453926609,0.6170275397134994,0.30645464071424744,0.0,,0.7681045243412816
W,W260618C00077500,Call,2026-06-18,77.5,1.0116149681853168,15.4,16.6,10,33,73.99,74.05,73.75,0.6654696539306644,2026-06-18,0.8049281314168378,76.61017525177904,0.011548032249595526,0.6011260004950577,0.6479728280624256,0.624515124732862,0.04684682756736791,0.6023907547140352,0.8130600783382178,0.624515124732862,0.313937378398111,0.0,0.0,0.7681045243412816
W,W260116P00047500,Put,2026-01-16,47.5,0.6312199052709724,1.57,1.74,2,125,73.99,74.05,73.75,0.6455113574218749,2026-01-16,0.3860369609856263,75.25111233557983,-0.4601009743473093,0.6610130421635534,0.682891611675012,0.6720565894416884,0.021878569511458612,-0.09498683087867188,0.8749546033699478,0.6726326563729086,0.1746565129339297,0.023306945314494277,0.04183674889943793,0.7681045243412816
W,W251121C00110000,Call,2025-11-21,110.0,1.4713804303885702,1.33,1.5,1,315,73.99,74.05,73.75,0.6513706738281251,2025-11-21,0.2327173169062286,74.75972748322512,0.38620102843340587,0.632456662530676,0.6540604783922122,0.6433968453759307,0.021603815861536146,0.13805578330587603,0.8376423064656481,0.642574601424367,0.09608947313794153,0.0,,0.7681045243412816
W,W250912P00081000,Put,2025-09-12,81.0,1.0923802187072857,7.95,8.45,1,18,73.99,74.05,73.75,0.5141650146484374,2025-09-12,0.04106776180698152,74.15000620924349,0.08835900234954648,0.5637393260758053,0.666849718018795,0.6163751775646437,0.10311039194298965,-0.7405134277169729,0.8024626311025059,0.6163751775646452,0.015602396694778147,,0.0,0.7681045243412816
W,W250905P00082000,Put,2025-09-05,82.0,1.1067723796131117,8.25,8.7,1,12,73.99,74.05,73.75,0.5590864404296876,2025-09-05,0.02190280629705681,74.08930825384736,0.10144801344497259,0.5610800597751066,0.733789194479882,0.6538712836035695,0.17270913470477545,-0.8413333779049219,0.851279041956331,0.6538712836035695,0.00936449348164555,0.0,0.0,0.7681045243412816
W,W250905C00076000,Call,2025-09-05,76.0,1.0257890347633718,1.53,1.64,10,28,73.99,74.05,73.75,0.516606396484375,2025-09-05,0.02190280629705681,74.08930825384736,0.025462106467050532,0.5339321875926353,0.5600660803782341,0.5470143264289287,0.026133892785598856,0.3920268572011556,0.7121613128083608,0.5470143264289288,0.006553860058995092,0.0,0.0,0.7681045243412816
W,W250829C00069000,Call,2025-08-29,69.0,0.9320714438730026,4.95,5.35,4,43,73.99,74.05,73.75,0.737307314453125,2025-08-29,0.0027378507871321013,74.02865998478272,-0.07034581071840929,,1.2325092907782806,0.942630417117933,,0.9265960050852223,1.227216332212498,0.9426304171179349,0.0024327230753618946,0.0,0.0,0.7681045243412816
W,W250912P00069000,Put,2025-09-12,69.0,0.9305461122321323,1.37,1.45,10,15,73.99,74.05,73.75,0.5288133056640626,2025-09-12,0.04106776180698152,74.15000620924349,-0.07198364772563286,0.5766651909509238,0.5933585732588617,0.585033627885835,0.01669338230793782,-0.25256553964693196,0.7616588749917256,0.5908380579627196,0.014336328983045502,,0.02611641773233873,0.7681045243412816
W,W250912C00079000,Call,2025-09-12,79.0,1.0654078676280936,1.45,1.57,1,48,73.99,74.05,73.75,0.5376022802734376,2025-09-12,0.04106776180698152,74.15000620924349,0.06335770014412928,0.538478815429299,0.5613507462153936,0.5499528590044412,0.02287193078609462,0.30405740243164825,0.7159870064247766,0.5499528590044412,0.01242086846518106,0.0,0.0,0.7681045243412816
W,W250829C00050000,Call,2025-08-29,50.0,0.6754140897630454,23.7,25.5,8,35,73.99,74.05,73.75,3.330079799804687,2025-08-29,0.0027378507871321013,74.02865998478272,-0.3924293098875225,,5.0,5.0,,0.948533198761132,6.509530723423284,5.0,0.06844626967830253,0.0,,0.7681045243412816
W,W271217P00090000,Put,2027-12-17,90.0,1.101956387946207,33.65,35.4,0,11,73.99,74.05,73.75,0.5314988256835937,2027-12-17,2.302532511978097,81.67292370593655,0.09708713458117903,0.6580184945007407,0.7006986258330932,0.6792724988093699,0.04268013133235249,-0.33681357165639647,0.8843490401152199,0.6792724988093699,1.0624141227766408,0.0,0.0,0.7681045243412816
W,W250912P00068000,Put,2025-09-12,68.0,0.9170599366925363,1.13,1.19,2,12,73.99,74.05,73.75,0.5346726220703125,2025-09-12,0.04106776180698152,74.15000620924349,-0.0865824471467855,0.5829354144758122,0.5965716935381501,0.5897740995033719,0.013636279062337886,-0.2164658546242364,0.7678305241193,0.5892333343435044,0.014258559437435897,,0.020438591063231405,0.7681045243412816
W,W250829P00076000,Put,2025-08-29,76.0,1.0266294164398289,2.67,3.0,1,330,73.99,74.05,73.75,0.5312546875,2025-08-29,0.0027378507871321013,74.02865998478272,0.02628102497066236,0.9456500168414714,1.1816916861689815,1.0651407021920838,0.23604166932751003,-0.6713653521750311,1.3867132251376038,1.0328060090840767,0.0029204332714583927,,0.0,0.7681045243412816
W,W260618C00085000,Call,2026-06-18,85.0,1.109513190912928,11.95,13.0,2,66,73.99,74.05,73.75,0.6237220245361328,2026-06-18,0.8049281314168378,76.61017525177904,0.10392135238061065,0.5673532948676747,0.6070740481034457,0.587203450575388,0.039720753235770956,0.5263722321421461,0.7644837804841308,0.587203450575388,0.2775455725012644,0.0045805332772856575,0.010100870961520873,0.7681045243412816
W,W250829C00074000,Call,2025-08-29,74.0,0.9996128528493071,1.28,1.43,47,257,73.99,74.05,73.75,0.55273884765625,2025-08-29,0.0027378507871321013,74.02865998478272,-0.00038722211149889,0.8193258374814917,0.9164526677846122,0.8678886512411287,0.09712683030312053,0.512458063382168,1.1299095679529045,0.8678886512411287,0.002062233294875142,0.0,0.0,0.7681045243412816
W,W250926P00077000,Put,2025-09-26,77.0,1.0367361204770573,6.25,6.6,14,15,73.99,74.05,73.75,0.5278367529296876,2025-09-26,0.07939767282683094,74.27155134188651,0.03607743252356774,0.563282499719383,0.6057421941664999,0.5845282548910111,0.042459694447116836,-0.5543614565594261,0.7610009267844066,0.5845282548910111,0.027128063359923325,0.011467548042212972,0.010535901306520667,0.7681045243412816
W,W250829P00080000,Put,2025-08-29,80.0,1.0806625436208726,5.65,6.4,1,570,73.99,74.05,73.75,0.6269568554687501,2025-08-29,0.0027378507871321013,74.02865998478272,0.07757431935821296,,1.4112224845462664,0.8448682190427215,,-0.9584239114642603,1.0999391258205016,0.8448682190427215,0.001954284209578152,,0.0,0.7681045243412816
W,W271217C00085000,Call,2027-12-17,85.0,1.0407365886158624,25.25,26.75,5,18,73.99,74.05,73.75,0.6806062213134767,2027-12-17,2.302532511978097,81.67292370593655,0.03992872074123053,0.605343601760599,0.6420788060915568,0.6236511265756036,0.03673520433095778,0.6667564089292676,0.8119352338282869,0.6180111158488534,0.87942406231901,0.006586691911465381,,0.7681045243412816
W,W260618P00077500,Put,2026-06-18,77.5,1.0116149681853168,16.65,17.8,0,30,73.99,74.05,73.75,0.5687298986816407,2026-06-18,0.8049281314168378,76.61017525177904,0.011548032249595526,0.6163314269869429,0.6613073267537484,0.6387870340337125,0.044975899766805494,-0.394964475756559,0.8316407647533772,0.6387870340337125,0.3284500183594215,0.0,0.0,0.7681045243412816
W,W270115C00062500,Call,2027-01-15,62.5,0.7959269323880654,30.45,32.75,1,42,73.99,74.05,73.75,0.8326432751464843,2027-01-15,1.3826146475017111,78.52479600417296,-0.22824789083336341,0.7333183450955371,0.8183410247826698,0.7756605487576951,0.08502267968713273,0.7599944813291433,1.009837234617116,0.7032840397933604,0.6838528747903486,0.0,0.01719575255122811,0.7681045243412816
W,W251121C00105000,Call,2025-11-21,105.0,1.4044995017345443,1.75,1.93,164,165,73.99,74.05,73.75,0.6486851538085938,2025-11-21,0.2327173169062286,74.75972748322512,0.339681012798513,0.6296629821977692,0.6494445922435761,0.63964467207362,0.01978161004580692,0.17193666080101366,0.832757328987448,0.6390138644678196,0.09502749107044008,0.0,,0.7681045243412816
W,W260618C00080000,Call,2026-06-18,80.0,1.0442477090945206,14.4,15.55,1,55,73.99,74.05,73.75,0.6589389575195312,2026-06-18,0.8049281314168378,76.61017525177904,0.04329673056417582,0.5974374425196866,0.641722630184251,0.6195518759364769,0.04428518766456446,0.5792718461588018,0.8065983942326054,0.6195518759364769,0.30896725785369983,0.0,0.003934702823430411,0.7681045243412816
W,W260220C00100000,Call,2026-02-20,100.0,1.323453897206064,4.8,5.1,21,23,73.99,74.05,73.75,0.6054726953125001,2026-02-20,0.48186173853524983,75.55986665731947,0.2802449080821275,0.5758443954613863,0.5923347445299842,0.5841149843156854,0.01649034906859792,0.3126248027602352,0.7604628872829727,0.5841149843156854,0.16440655831012174,0.02874315353594353,,0.7681045243412816
W,W250926C00080000,Call,2025-09-26,80.0,1.0771284368592804,2.37,2.59,13,110,73.99,74.05,73.75,0.5598188549804688,2025-09-26,0.07939767282683094,74.27155134188651,0.07429864534376555,0.5424708638025512,0.5710596754867027,0.5568053196547581,0.028588811684151505,0.34638036415583673,0.724908267051634,0.5568053196547581,0.024615832322735887,0.015620340786712272,0.014969986742100368,0.7681045243412816
W,W250912P00079000,Put,2025-09-12,79.0,1.0654078676280936,6.4,6.85,2,36,73.99,74.05,73.75,0.5127001855468749,2025-09-12,0.04106776180698152,74.15000620924349,0.06335770014412928,0.5591736118042746,0.642787528044779,0.6013702169325446,0.0836139162405044,-0.6768650487887162,0.7829275806548247,0.6013702169325449,0.01485199744613947,0.0,0.0,0.7681045243412816
W,W250905C00065000,Call,2025-09-05,65.0,0.8773195692055153,9.0,9.65,10,41,73.99,74.05,73.75,0.7055693505859376,2025-09-05,0.02190280629705681,74.08930825384736,-0.13088396392364343,,0.8056698780388908,0.6360383129294541,,0.9247132692867035,0.8280621878577188,0.6360383129294541,0.008860664980460424,0.012293845911263899,0.08916229643018024,0.7681045243412816
W,W250829P00073000,Put,2025-08-29,73.0,0.9861045710540463,0.97,1.09,59,519,73.99,74.05,73.75,0.51758294921875,2025-08-29,0.0027378507871321013,74.02865998478272,-0.013992874167277475,0.929219761547737,1.0104904293293178,0.9699193779950444,0.08127066778158076,-0.38167137850844557,1.2627439980604684,0.9936101579787422,0.00270297370578656,0.0,0.0,0.7681045243412816
W,W271217C00100000,Call,2027-12-17,100.0,1.2243959866068967,21.05,22.4,1,28,73.99,74.05,73.75,0.662234822998047,2027-12-17,2.302532511978097,81.67292370593655,0.2024476502390053,0.5952729505688401,0.6263199548116041,0.6107635092397526,0.031047004242763965,0.5967512468102874,0.7951567656283981,0.6080726961062062,0.851366931016129,0.0,,0.7681045243412816
W,W251219P00042500,Put,2025-12-19,42.5,0.5666287591602623,0.77,0.84,4,113,73.99,74.05,73.75,0.70312796875,2025-12-19,0.30937713894592744,75.00501750561432,-0.5680509354430867,0.718997240669929,0.7345084871274705,0.7268328836358854,0.015511246457541539,-0.054000562497854676,0.9462681973644272,0.7262241241998129,0.16316596051577203,0.029974200594919665,0.0,0.7681045243412816
W,W250926C00070000,Call,2025-09-26,70.0,0.9424873822518703,6.9,7.25,10,14,73.99,74.05,73.75,0.5964395825195312,2025-09-26,0.07939767282683094,74.27155134188651,-0.05923274728075707,0.5515235982598228,0.5980054944643198,0.5748244105331841,0.04648189620449705,0.6724483858064534,0.7483674321878881,0.5748244105331841,0.026234825422039303,0.011590268596234457,0.010204453876610658,0.7681045243412816
W,W250829P00082000,Put,2025-08-29,82.0,1.1076791072113943,7.75,8.45,11,113,73.99,74.05,73.75,0.8203142968749999,2025-08-29,0.0027378507871321013,74.02865998478272,0.10226693194858438,,1.7574539639703974,1.2513909338203208,,-0.9368806268649233,1.6291935461433462,1.2513909338203208,0.004287417574942353,,0.0,0.7681045243412816
W,W260220C00110000,Call,2026-02-20,110.0,1.4557992869266705,3.35,3.55,1,23,73.99,74.05,73.75,0.6043740734863283,2026-02-20,0.48186173853524983,75.55986665731947,0.3755550878864523,0.5795605257627024,0.5922055246435615,0.5859107052183641,0.012644998880859015,0.23575557852597728,0.7628007473603088,0.5859107052183641,0.16541896889842192,0.06276906549207545,,0.7681045243412816
W,W250912P00065000,Put,2025-09-12,65.0,0.8766014100737479,0.61,0.69,776,866,73.99,74.05,73.75,0.5634809277343751,2025-09-12,0.04106776180698152,74.15000620924349,-0.13170288242725506,0.6041560751244942,0.6290907733157887,0.6167629365602509,0.024934698191294458,-0.1321645968997156,0.8029674569215438,0.6167377791198178,0.015620759268732859,,0.03088039703578176,0.7681045243412816
W,W251219C00115000,Call,2025-12-19,115.0,1.53323076008071,1.49,1.65,4,274,73.99,74.05,73.75,0.6257361645507813,2025-12-19,0.30937713894592744,75.00501750561432,0.42737711698979225,0.605931329274527,0.6233706565194159,0.6147458286699317,0.017439327244888947,0.1403109468555696,0.8003413717646453,0.6164642632595653,0.11757203348393135,0.0,,0.7681045243412816
W,W250905P00077000,Put,2025-09-05,77.0,1.0392862589049952,4.2,4.5,8,46,73.99,74.05,73.75,0.5131884619140624,2025-09-05,0.02190280629705681,74.08930825384736,0.038534188034403345,0.5566422678641997,0.630871477265921,0.5939784394475789,0.07422920940172129,-0.6533576727757455,0.7733041801270062,0.5928899455659559,0.007699241342712161,0.0,0.0,0.7681045243412816
W,W250912P00070000,Put,2025-09-12,70.0,0.9440322877717284,1.66,1.87,11,781,73.99,74.05,73.75,0.5349167602539062,2025-09-12,0.04106776180698152,74.15000620924349,-0.05759491027353329,0.5728543783707956,0.6134433727938147,0.5932274063154047,0.04058899442301911,-0.29487646653046273,0.7723264054773669,0.5932274063154048,0.014452515630542192,0.010251839553340941,0.0,0.7681045243412816
W,W250905C00072000,Call,2025-09-05,72.0,0.9718001381968785,3.45,3.65,2,23,73.99,74.05,73.75,0.5366257275390626,2025-09-05,0.02190280629705681,74.08930825384736,-0.02860511480322529,0.5233548862604895,0.5728028560445239,0.5481474348763778,0.04944796978403432,0.6529042442172368,0.713636513658689,0.5481474348763778,0.006581040062676039,0.02030535266065286,0.0,0.7681045243412816
W,W250926P00070000,Put,2025-09-26,70.0,0.9424873822518703,2.8,3.0,3,52,73.99,74.05,73.75,0.5427291821289064,2025-09-26,0.07939767282683094,74.27155134188651,-0.05923274728075707,0.5724447208241528,0.5989415679386928,0.5857114351195658,0.026496847114540034,-0.3294543469942498,0.7625413163942314,0.5857114351195658,0.02723799773214187,0.011590268596234457,0.010204453876610658,0.7681045243412816
W,W260618C00110000,Call,2026-06-18,110.0,1.4358406000049657,6.4,7.05,65,260,73.99,74.05,73.75,0.6152382226562501,2026-06-18,0.8049281314168378,76.61017525177904,0.36175046168271036,0.574891824437015,0.6017081735589759,0.5883611572468007,0.026816349121960847,0.33673995240119237,0.7659910059133854,0.5883611572468008,0.27864104667733786,0.13495967613956839,,0.7681045243412816
W,W250905P00067000,Put,2025-09-05,67.0,0.904314017488762,0.42,0.46,2,187,73.99,74.05,73.75,0.5351608984375,2025-09-05,0.02190280629705681,74.08930825384736,-0.10057861442831452,0.6083200812860805,0.6259883177665054,0.6172307355214839,0.017668236480424926,-0.12574726977220907,0.80357648726365,0.6174211991939097,0.00834954551050613,,0.0,0.7681045243412816
W,W250926C00075000,Call,2025-09-26,75.0,1.0098079095555754,4.2,4.45,18,27,73.99,74.05,73.75,0.5700726586914062,2025-09-26,0.07939767282683094,74.27155134188651,0.009760124206194437,0.5451488079179866,0.5751985881861224,0.5601732139719455,0.030049780268135762,0.5068165586187898,0.7292929493578288,0.5601732139719455,0.024914515701295315,0.002191777497864237,0.001717218949734107,0.7681045243412816
W,W261218C00032500,Call,2026-12-18,32.5,0.41523997028190224,43.1,46.1,3,48,73.99,74.05,73.75,0.7293728234863281,2026-12-18,1.3059548254620124,78.26799519789985,-0.87889868422558,,0.7289642518462827,0.5806372040633313,,0.95117209448195,0.75593514380257,0.6839813976867186,0.6109655673811488,0.036036688362528595,0.0,0.7681045243412816
W,W250912C00076000,Call,2025-09-12,76.0,1.0249493410093051,2.41,2.54,2,20,73.99,74.05,73.75,0.5410202148437502,2025-09-12,0.04106776180698152,74.15000620924349,0.024643187963438774,0.536730456966113,0.5587576110049812,0.5477491524522539,0.022027154038868235,0.4338798569476529,0.713117987323402,0.547749152452254,0.01232152501076643,0.0,0.006816156259601181,0.7681045243412816
W,W251219C00110000,Call,2025-12-19,110.0,1.4665685531206791,1.88,2.08,1,372,73.99,74.05,73.75,0.6246375427246094,2025-12-19,0.30937713894592744,75.00501750561432,0.3829253544189584,0.6029065602461684,0.6220955356451553,0.6125937997428914,0.019188975398986896,0.17017998961324587,0.7975396320809924,0.6139704879590691,0.11662273207274688,0.0,,0.7681045243412816
W,W250829P00072000,Put,2025-08-29,72.0,0.9725962892587853,0.65,0.73,314,900,73.99,74.05,73.75,0.5288133056640626,2025-08-29,0.0027378507871321013,74.02865998478272,-0.027786196299613368,0.9470917971682046,1.0079670588504004,0.977669067979626,0.060875261682195814,-0.28476503983989687,1.2728333670707965,0.9811505683529227,0.0026356096859117407,0.0,0.0,0.7681045243412816
W,W260320P00047500,Put,2026-03-20,47.5,0.6265847484810935,2.73,2.87,2,18,73.99,74.05,73.75,0.6461217028808592,2026-03-20,0.5585215605749486,75.80778197226303,-0.4674712408798156,0.6712656616879786,0.6839374301984747,0.6776248899713817,0.012671768510496118,-0.11973703601798424,0.8822040080450062,0.6776248899713817,0.2564594120952234,0.025818593185797444,0.0,0.7681045243412816
W,W271217C00070000,Call,2027-12-17,70.0,0.8570771906248278,30.4,32.2,4,29,73.99,74.05,73.75,0.7069731451416017,2027-12-17,2.302532511978097,81.67292370593655,-0.15422729369972699,0.6179827078741974,0.6674701989512616,0.6426251356906558,0.04948749107706418,0.7407710373642656,0.8366376128844761,0.64166338953688,0.9480260985678753,0.0068138016719960105,,0.7681045243412816
W,W250829C00040000,Call,2025-08-29,40.0,0.5403312718104363,33.65,35.45,2,21,73.99,74.05,73.75,4.742191572265625,2025-08-29,0.0027378507871321013,74.02865998478272,-0.6155728612017324,,5.0,5.0,,0.9934990485246423,6.509530723423284,5.0,0.06844626967830253,0.0,,0.7681045243412816
W,W250829C00065000,Call,2025-08-29,65.0,0.878038316691959,8.8,9.5,8,95,73.99,74.05,73.75,1.154301103515625,2025-08-29,0.0027378507871321013,74.02865998478272,-0.1300650454200315,,2.14228738418661,1.5318960114834763,,0.9518171226786651,1.9943848303682552,1.5318960114834768,0.0064249291991758635,0.06221014863497999,,0.7681045243412816
W,W250919P00062500,Put,2025-09-19,62.5,0.8421959988606141,0.63,0.71,6,1348,73.99,74.05,73.75,0.579105771484375,2025-09-19,0.06023271731690623,74.21075389167686,-0.17174251408414845,0.608840004214223,0.6316399018547229,0.620372694531054,0.022799897640499833,-0.11427033463166736,0.8076670230045567,0.6206097024963225,0.02319901673461089,0.013765140262629238,0.02158192643456172,0.7681045243412816
W,W250829C00070000,Call,2025-08-29,70.0,0.9455797256682635,4.05,4.45,1,296,73.99,74.05,73.75,0.68555001953125,2025-08-29,0.0027378507871321013,74.02865998478272,-0.05595707326630961,0.556155210025705,1.1605252363221081,0.9355196593324093,0.6043700262964031,0.8785178220036813,1.2179587929581603,0.9355196593324098,0.002396158885687688,0.0,0.0,0.7681045243412816
W,W270115C00070000,Call,2027-01-15,70.0,0.8914381642746333,23.75,25.6,1,95,73.99,74.05,73.75,0.6919586468505861,2027-01-15,1.3826146475017111,78.52479600417296,-0.11491920552636024,0.6061185394601148,0.667367218540178,0.6366570730776457,0.06124867908006315,0.7011862585323876,0.8288677554967355,0.6655014988765284,0.6123493052114648,0.0,,0.7681045243412816
W,W270115C00080000,Call,2027-01-15,80.0,1.0187864734567238,19.8,21.3,1,87,73.99,74.05,73.75,0.6685213812255861,2027-01-15,1.3826146475017111,78.52479600417296,0.018612187098162408,0.5965804977700745,0.6423308938860556,0.6193999537261965,0.045750396115981085,0.6325461921721341,0.8064006057735272,0.6132388266980141,0.5199486340255395,0.0012678918572601586,,0.7681045243412816
W,W250912P00080000,Put,2025-09-12,80.0,1.0788940431676897,7.2,7.8,6,136,73.99,74.05,73.75,0.5336960693359375,2025-09-12,0.04106776180698152,74.15000620924349,0.07593648235098936,0.5697008621657754,0.6854539094879664,0.6285238219334626,0.11575304732219094,-0.7028085247501925,0.8182790258558599,0.6089195889717651,0.015227230629714306,0.0,0.0,0.7681045243412816
W,W261218P00042500,Put,2026-12-18,42.5,0.543006114984026,4.95,5.2,1,20,73.99,74.05,73.75,0.6351354846191408,2026-12-18,1.3059548254620124,78.26799519789985,-0.6106346976309008,0.6771311567478768,0.691850036716481,0.6845086561692455,0.014718879968604215,-0.12065062574543484,0.8911660255565776,0.6845086561692455,0.6119078764593806,,0.02515631900569049,0.7681045243412816
W,W250926C00076000,Call,2025-09-26,76.0,1.0232720150163164,3.8,4.0,22,23,73.99,74.05,73.75,0.5686078295898438,2025-09-26,0.07939767282683094,74.27155134188651,0.02300535095621502,0.548252539131825,0.5723425821830191,0.5602995041655873,0.02409004305119411,0.4733801327150049,0.7294573673369444,0.5602995041655873,0.024925750846482915,0.005510217507464311,0.004045658869484073,0.7681045243412816
W,W250829C00072000,Call,2025-08-29,72.0,0.9725962892587853,2.51,2.74,1,234,73.99,74.05,73.75,0.6074258007812501,2025-08-29,0.0027378507871321013,74.02865998478272,-0.027786196299613368,0.8143754652827937,0.994045553760999,0.9057582637188573,0.17967008847820531,0.7290644195601477,1.179212249134486,0.9057582637188569,0.0022461273984804883,0.0,0.0,0.7681045243412816
W,W270115C00075000,Call,2027-01-15,75.0,0.9551123188656785,21.7,22.75,32,18,73.99,74.05,73.75,0.6702303485107424,2027-01-15,1.3826146475017111,78.52479600417296,-0.045926334039408837,0.6014750463152376,0.6345954689258788,0.6180068526693508,0.03312042261064119,0.6651430415887574,0.8045869189474532,0.6280041611374059,0.5452883212456616,0.0031794156058574025,0.0,0.7681045243412816
W,W251219C00047500,Call,2025-12-19,47.5,0.6332909661202932,26.45,28.65,3,149,73.99,74.05,73.75,0.6679720703125002,2025-12-19,0.30937713894592744,75.00501750561432,-0.45682530033286234,,0.7249502285824664,0.5183242518113232,,0.9580681590956073,0.6748095283722391,0.685037754634009,0.14518349063918556,0.03392384413710172,0.606259512810701,0.7681045243412816
W,W250919C00085000,Call,2025-09-19,85.0,1.1453865584504352,0.86,0.95,4,551,73.99,74.05,73.75,0.5473678076171876,2025-09-19,0.06023271731690623,74.21075389167686,0.13574218566381221,0.545670957483554,0.5647750699155245,0.5553041723247778,0.01910411243197052,0.17673575175305634,0.7229539141186557,0.5574895054357258,0.018720000193734,0.051832766179459346,0.019193550640161417,0.7681045243412816
W,W260320P00045000,Put,2026-03-20,45.0,0.5936066038241938,2.23,2.37,2,48,73.99,74.05,73.75,0.6550327465820314,2026-03-20,0.5585215605749486,75.80778197226303,-0.5215384621500914,0.6780038282167945,0.6922969346118717,0.6851866056433104,0.014293106395077193,-0.10123845512863594,0.8920486521426484,0.6851866056433106,0.26221508459633763,0.02363312515183088,0.0,0.7681045243412816
W,W260618C00082500,Call,2026-06-18,82.5,1.0768804500037243,13.5,14.3,13,39,73.99,74.05,73.75,0.6487461883544923,2026-06-18,0.8049281314168378,76.61017525177904,0.0740683892309295,0.5956238822412726,0.6261131059593952,0.610857686869395,0.03048922371812257,0.5552253560185804,0.7952793760631213,0.610857686869395,0.3003566088996134,0.0,,0.7681045243412816
W,W250905P00080000,Put,2025-09-05,80.0,1.079777931329865,6.5,6.85,4,28,73.99,74.05,73.75,0.516606396484375,2025-09-05,0.02190280629705681,74.08930825384736,0.07675540085460102,0.5549152218481161,0.6658569147591383,0.6122062493150386,0.11094169291102218,-0.7886801056596491,0.7970350777975957,0.6122062493150386,0.008209094958530042,0.0,0.0,0.7681045243412816
W,W250905C00068000,Call,2025-09-05,68.0,0.9178112416303853,6.4,6.75,4,30,73.99,74.05,73.75,0.6015664843750002,2025-09-05,0.02190280629705681,74.08930825384736,-0.08576352864317384,0.4983648985253784,0.6396451171216179,0.5735482774108254,0.14128021859623946,0.8537875306619379,0.7467060266344536,0.5735482774108253,0.007205095173627378,0.012164087841341986,0.0,0.7681045243412816
W,W271217C00110000,Call,2027-12-17,110.0,1.3468355852675866,18.7,19.55,10,17,73.99,74.05,73.75,0.6480137738037108,2027-12-17,2.302532511978097,81.67292370593655,0.29775783004333034,0.5899155716874755,0.6090403414116131,0.5994703535267643,0.01912476972413757,0.5507221163454508,0.7804541368127779,0.6005977308511744,0.8305640806278181,0.0,,0.7681045243412816
W,W261218P00052500,Put,2026-12-18,52.5,0.6707722596861497,8.2,8.6,1,22,73.99,74.05,73.75,0.6051064880371095,2026-12-18,1.3059548254620124,78.26799519789985,-0.3993256039636939,0.6544352647007479,0.6723006398602323,0.6633760018063979,0.017865375159484387,-0.182521867651269,0.8636532929880893,0.6633760018063978,0.5747085621671463,0.02385324134052842,0.021684758244060555,0.7681045243412816
W,W271217C00090000,Call,2027-12-17,90.0,1.101956387946207,23.75,24.7,12,13,73.99,74.05,73.75,0.6679720703125002,2027-12-17,2.302532511978097,81.67292370593655,0.09708713458117903,0.6016457783678533,0.6242721126554479,0.6129375043671784,0.02262633428759464,0.6408204207845573,0.7979871032433081,0.6139984673586008,0.868041213332336,0.0,0.0,0.7681045243412816
W,W250829C00075000,Call,2025-08-29,75.0,1.013121134644568,0.9,0.98,130,309,73.99,74.05,73.75,0.5507857421875001,2025-08-29,0.0027378507871321013,74.02865998478272,0.013035798220641867,0.8549555300124965,0.9085058895270436,0.881762977379121,0.05355035951454712,0.3976356499029391,1.1479726384053155,0.881762977379121,0.002128695272488685,0.0,0.0,0.7681045243412816
W,W250912P00078000,Put,2025-09-12,78.0,1.0519216920884975,5.7,6.05,10,57,73.99,74.05,73.75,0.5097705273437501,2025-09-12,0.04106776180698152,74.15000620924349,0.05061867436669957,0.5611210334990103,0.6235754218078626,0.5924919753930197,0.062454388308852304,-0.6411532367311429,0.7713689434405228,0.5924919753930197,0.01441670393860873,0.0,0.0,0.7681045243412816
W,W250905P00071000,Put,2025-09-05,71.0,0.9583029140552553,1.23,1.3,13,43,73.99,74.05,73.75,0.5009815527343751,2025-09-05,0.02190280629705681,74.08930825384736,-0.042591356777965106,0.5781422924533874,0.5966088990009418,0.5873928833859755,0.018466606547554387,-0.2968763148796685,0.7647304042242395,0.5880953572768176,0.007575220243680717,,0.0,0.7681045243412816
W,W270115C00042500,Call,2027-01-15,42.5,0.5412303140238846,42.35,44.9,10,54,73.99,74.05,73.75,0.9888917126464845,2027-01-15,1.3826146475017111,78.52479600417296,-0.613910371645348,0.8502888755822334,0.9861918686904688,0.9183247772304801,0.1359029931082354,0.8661642062061818,1.1955726702925307,0.6997009712789841,0.676902482821138,0.0,0.016326449480961413,0.7681045243412816
W,W261218C00070000,Call,2026-12-18,70.0,0.8943630129148663,23.3,24.9,9,97,73.99,74.05,73.75,0.6928741650390625,2026-12-18,1.3059548254620124,78.26799519789985,-0.11164353151191296,0.6115424738667286,0.6657628967525564,0.6385895551421833,0.054220422885827846,0.6977253339643973,0.8313836657710498,0.6324863515020263,0.5224328426199492,0.008279416542585166,,0.7681045243412816
W,W250912P00082000,Put,2025-09-12,82.0,1.1058663942468818,8.75,9.15,7,21,73.99,74.05,73.75,0.5415084912109377,2025-09-12,0.04106776180698152,74.15000620924349,0.10062909494136078,0.5613394955030888,0.6505589974758482,0.6070483165230748,0.08921950197275941,-0.7753203667233955,0.7903199334018675,0.6070483165230742,0.015133784747166262,,0.0,0.7681045243412816
W,W250919P00076000,Put,2025-09-19,76.0,1.0241103346145068,5.05,5.35,9,54,73.99,74.05,73.75,0.5192919165039063,2025-09-19,0.06023271731690623,74.21075389167686,0.023824269459826866,0.5589028738680027,0.6004909453469486,0.5797054936852973,0.04158807147894583,-0.5383657831670312,0.754722144336341,0.5724998638823237,0.019741640167545902,0.006617610263818588,0.004919320065437275,0.7681045243412816
W,W271217C00075000,Call,2027-12-17,75.0,0.9182969899551726,28.5,29.6,18,13,73.99,74.05,73.75,0.6879914013671876,2027-12-17,2.302532511978097,81.67292370593655,-0.08523442221277557,0.6117279720085714,0.6405216668178776,0.6260888017891391,0.02879369480930616,0.7138726286120216,0.8151088581675342,0.6290549913530833,0.9111355597124641,0.00389848355032814,,0.7681045243412816
W,W250905P00075000,Put,2025-09-05,75.0,1.0122918106217484,2.97,3.15,1,60,73.99,74.05,73.75,0.5039112109375,2025-09-05,0.02190280629705681,74.08930825384736,0.012216879717029854,0.5661447032173622,0.6075277386251479,0.5868427600347486,0.04138303540778565,-0.5387323629318768,0.7640141952529427,0.5866708577589937,0.007538566906911397,0.0,0.0,0.7681045243412816
W,W260220C00067500,Call,2026-02-20,67.5,0.8933313806140932,16.1,16.8,2,19,73.99,74.05,73.75,0.6716341430664063,2026-02-20,0.48186173853524983,75.55986665731947,-0.11279768002747981,0.6097357598173399,0.6479945563174614,0.6288707405555717,0.03825879650012154,0.6831980110863396,0.8187306813416894,0.6288707405555717,0.1905659133895598,0.0,,0.7681045243412816
W,W261218P00057500,Put,2026-12-18,57.5,0.7346553320372117,10.2,10.6,40,14,73.99,74.05,73.75,0.591923026123047,2026-12-18,1.3059548254620124,78.26799519789985,-0.3083538257579671,0.6471941762400693,0.663340120803984,0.6552686107307115,0.016145944563914716,-0.21587639471831854,0.8530982307292917,0.6552686107307123,0.5607469026794603,0.017169149562567463,0.0,0.7681045243412816
W,W250905P00070000,Put,2025-09-05,70.0,0.9448056899136319,0.95,1.02,222,151,73.99,74.05,73.75,0.507817421875,2025-09-05,0.02190280629705681,74.08930825384736,-0.05677599176992158,0.5826365189243957,0.6029741205093838,0.5928416850292443,0.020337601584988096,-0.24479027558387778,0.771824232564779,0.5928291351893707,0.007697662062245087,0.0,0.0,0.7681045243412816
W,W250926C00066000,Call,2025-09-26,66.0,0.8886309604089063,9.55,9.9,1,12,73.99,74.05,73.75,0.6054726953125001,2025-09-26,0.07939767282683094,74.27155134188651,-0.11807324730369051,0.5361123797412689,0.5950491192624815,0.5659978957647065,0.05893673952121259,0.7939161738755236,0.7368761383746572,0.5659978957647065,0.025435331751655556,0.010182460782104975,,0.7681045243412816
W,W261218P00037500,Put,2026-12-18,37.5,0.4791230426329641,3.65,3.85,4,44,73.99,74.05,73.75,0.6525913647460939,2026-12-18,1.3059548254620124,78.26799519789985,-0.7357978405849067,0.6908731853222304,0.7050613194830433,0.6979921987581652,0.014188134160812882,-0.09320413110904902,0.9087203325052094,0.6979921987581653,0.6362521923189655,,0.04810266149558577,0.7681045243412816
W,W251121P00050000,Put,2025-11-21,50.0,0.6688092865402592,1.22,1.32,7,281,73.99,74.05,73.75,0.69336244140625,2025-11-21,0.2327173169062286,74.75972748322512,-0.40225633193086435,0.7111175430767835,0.7281697511765861,0.7197099330636917,0.017052208099802568,-0.09139884271905696,0.9369947842462032,0.7196462747739769,0.12052214830298506,0.0,0.0,0.7681045243412816
W,W270115P00050000,Put,2027-01-15,50.0,0.6367415459104524,7.55,7.95,1,40,73.99,74.05,73.75,0.6065102825927735,2027-01-15,1.3826146475017111,78.52479600417296,-0.4513914421475731,0.65525651390805,0.6736686057081035,0.6644741174554585,0.018412091800053543,-0.16642496348122293,0.8650829364991757,0.6644741174554585,0.6104601112880117,0.0,0.013149020594721119,0.7681045243412816
W,W271217P00072500,Put,2027-12-17,72.5,0.8876870902900001,22.8,23.6,0,11,73.99,74.05,73.75,0.5534102276611328,2027-12-17,2.302532511978097,81.67292370593655,-0.11913597388845697,0.6598345755086401,0.6815518653508503,0.6706716648088633,0.02171728984221022,-0.2656877451770018,0.8731515614805476,0.6706716648088632,1.0356802336565938,,0.005690989640937741,0.7681045243412816
W,W250926P00073000,Put,2025-09-26,73.0,0.9828796986340933,4.05,4.3,33,74,73.99,74.05,73.75,0.5327195166015625,2025-09-26,0.07939767282683094,74.27155134188651,-0.017268548181724987,0.5650304085029781,0.595607916996789,0.5803200640830405,0.030577508493810912,-0.4256871995325189,0.7555222573135042,0.5803200640830405,0.026738863590808987,0.0034899660916007146,0.00334785940336051,0.7681045243412816
W,W250912C00075000,Call,2025-09-12,75.0,1.011463165469709,2.83,3.0,4,67,73.99,74.05,73.75,0.5476119458007813,2025-09-12,0.04106776180698152,74.15000620924349,0.011397961213418177,0.5380374896197769,0.5664754282329201,0.5522577856181551,0.028437938613143143,0.48170062550440107,0.7189878045462179,0.552257785618155,0.012525201715641397,0.0,0.002880520527901213,0.7681045243412816
W,W271217C00035000,Call,2027-12-17,35.0,0.4285385953124139,46.5,48.75,8,30,73.99,74.05,73.75,0.7827170166015626,2027-12-17,2.302532511978097,81.67292370593655,-0.8473744742596723,0.6157933519539931,0.7391110418867409,0.6786275194587529,0.12331768993274783,0.909513731258138,0.8835093375354568,0.6985792304884453,1.1236656635398374,0.059405842106517004,,0.7681045243412816
W,W271217P00027500,Put,2027-12-17,27.5,0.33670889631689666,3.75,4.05,25,269,73.99,74.05,73.75,0.680911394042969,2027-12-17,2.302532511978097,81.67292370593655,-1.0885365310765602,0.7321300730421414,0.7536892551087186,0.7429577449374104,0.021559182066577254,-0.0631026721168414,0.9672612533750705,0.7429577449374094,1.2709661964442058,,0.0,0.7681045243412816
W,W250905C00077000,Call,2025-09-05,77.0,1.0392862589049952,1.21,1.32,1,570,73.99,74.05,73.75,0.516606396484375,2025-09-05,0.02190280629705681,74.08930825384736,0.038534188034403345,0.535998138950528,0.5636421780978588,0.5498588534644857,0.027644039147330823,0.3325658879282153,0.7158646200346742,0.5498588534644859,0.006622198685465385,0.0,0.0,0.7681045243412816
W,W250919P00068000,Put,2025-09-19,68.0,0.9163092467603482,1.67,1.74,1,20,73.99,74.05,73.75,0.5424850439453126,2025-09-19,0.06023271731690623,74.21075389167686,-0.08740136565039755,0.5816542651787585,0.5938095360889943,0.5877432753868967,0.012155270910235827,-0.24887263593786968,0.7651865817232872,0.5890083611959616,0.02089658778998645,,0.01622918718967068,0.7681045243412816
W,W270115C00025000,Call,2027-01-15,25.0,0.3183707729552262,51.35,54.4,8,72,73.99,74.05,73.75,0.9729006616210938,2027-01-15,1.3826146475017111,78.52479600417296,-1.1445386227075185,0.6505437909126526,1.0080562447090198,0.8511433068203968,0.3575124537963672,0.9499134360457426,1.1081087011566928,0.8523742624486315,1.00452744985311,0.0,,0.7681045243412816
W,W270115C00045000,Call,2027-01-15,45.0,0.5730673913194071,37.05,38.45,3,15,73.99,74.05,73.75,0.7631859619140625,2027-01-15,1.3826146475017111,78.52479600417296,-0.5567519578053995,0.6423251164373548,0.7159303515856705,0.6794545078413694,0.07360523514831574,0.8635340071656483,0.8845859987923681,0.7006472895569994,0.6787346894006919,0.0,0.0,0.7681045243412816
W,W271217C00082500,Call,2027-12-17,82.5,1.01012668895069,26.0,26.9,11,12,73.99,74.05,73.75,0.6757234576416018,2027-12-17,2.302532511978097,81.67292370593655,0.010075757591549332,0.6063350823445707,0.6286390390632027,0.6174649699969242,0.022303956718632056,0.6764231503570689,0.8038814385665228,0.6200386867423536,0.8852039571282423,0.0009116842200086806,,0.7681045243412816
W,W260320P00042500,Put,2026-03-20,42.5,0.5606284591672941,1.84,1.94,2,53,73.99,74.05,73.75,0.6674837939453127,2026-03-20,0.5585215605749486,75.80778197226303,-0.5786968759900402,0.6904899523961219,0.7021083333228184,0.6963274713887199,0.011618380926696537,-0.08499582593807387,0.9065530137137039,0.6963274713887209,0.2708114367467882,0.022537154283464818,0.0,0.7681045243412816
W,W270115P00037500,Put,2027-01-15,37.5,0.47755615943283924,3.8,4.1,2,309,73.99,74.05,73.75,0.6473423937988281,2027-01-15,1.3826146475017111,78.52479600417296,-0.7390735145993541,0.6842226109833579,0.7046925297210235,0.6945067877397636,0.02046991873766557,-0.09453393004608523,0.9041826544836008,0.6945067877397636,0.6668899041735402,0.052336907757102834,0.027957117297516983,0.7681045243412816
W,W251219P00047500,Put,2025-12-19,47.5,0.6332909661202932,1.26,1.37,2,566,73.99,74.05,73.75,0.6704134521484376,2025-12-19,0.30937713894592744,75.00501750561432,-0.45682530033286234,0.6871672536077381,0.7043787404006897,0.6958451583062726,0.01721148679295159,-0.08474829389924643,0.9059250873480039,0.6977228369725732,0.15061009929455257,0.03392384413710172,0.606259512810701,0.7681045243412816
W,W271217P00032500,Put,2027-12-17,32.5,0.3979286956472415,5.15,5.45,18,72,73.99,74.05,73.75,0.659183095703125,2027-12-17,2.302532511978097,81.67292370593655,-0.9214824464133942,0.7174440749009486,0.7349686072856596,0.7262272620549622,0.017524532384710967,-0.08269115277506822,0.9454797349068698,0.7262272620549622,1.214369545253123,,0.06878864530384435,0.7681045243412816
W,W250919C00081000,Call,2025-09-19,81.0,1.091486014523356,1.59,1.68,28,64,73.99,74.05,73.75,0.5476119458007813,2025-09-19,0.06023271731690623,74.21075389167686,0.0875400838459346,0.5444705046350617,0.5591529455897022,0.5518319075865766,0.014682440954640441,0.2814100506072468,0.7184333513200197,0.552916458557213,0.01841414215785327,0.03563815133901131,0.016730363969185376,0.7681045243412816
W,W260116P00052500,Put,2026-01-16,52.5,0.6976641058258115,2.47,2.71,3,1143,73.99,74.05,73.75,0.6281775463867189,2026-01-16,0.3860369609856263,75.25111233557983,-0.36001751579032687,0.6454605356630901,0.6690481601477819,0.6573321883292902,0.02358762448469176,-0.13880356911769098,0.8557848150849149,0.657490004777844,0.16688111704304032,0.03277759383479679,0.038416192743031666,0.7681045243412816
W,W250829C00064000,Call,2025-08-29,64.0,0.864530034896698,9.8,10.4,3,93,73.99,74.05,73.75,1.2109414453124998,2025-08-29,0.0027378507871321013,74.02865998478272,-0.14556923195599686,,2.175296896424001,1.5206657905136898,,0.969207909445566,1.9797641366815237,1.5206657905136884,0.006331073090865492,0.01760795664941795,,0.7681045243412816
W,W271217P00062500,Put,2027-12-17,62.5,0.7652474916293105,17.4,18.5,1,108,73.99,74.05,73.75,0.5800212896728516,2027-12-17,2.302532511978097,81.67292370593655,-0.2675559790067302,0.6667760119007112,0.6999637396870844,0.6833291410319892,0.033187727786373133,-0.21873219904169372,0.889630407551635,0.6833291410319882,1.0751415723508169,,0.0,0.7681045243412816
W,W250926P00074000,Put,2025-09-26,74.0,0.9963438040948344,4.55,4.8,40,59,73.99,74.05,73.75,0.5302781347656251,2025-09-26,0.07939767282683094,74.27155134188651,-0.0036628961259463047,0.5645642577962166,0.5947728354184799,0.5796673331429716,0.030208577622263366,-0.4585475200623572,0.7546724628918027,0.5796673331429716,0.026678746875508447,0.00407231557424082,0.0020156405718221304,0.7681045243412816
W,W271217C00065000,Call,2027-12-17,65.0,0.795857391294483,32.35,34.7,2,217,73.99,74.05,73.75,0.7236966107177734,2027-12-17,2.302532511978097,81.67292370593655,-0.22833526585344885,0.6225386671744291,0.6908776399245657,0.6565343234141849,0.06833897275013667,0.7664834283072319,0.854746069849311,0.6565343234141846,0.992477438158507,0.00874797275014316,,0.7681045243412816
W,W260220C00085000,Call,2026-02-20,85.0,1.1249358126251545,8.7,9.1,2,31,73.99,74.05,73.75,0.6301306518554688,2026-02-20,0.48186173853524983,75.55986665731947,0.11772597858435259,0.5923500765842599,0.611915606706382,0.6021356766330204,0.019565530122122143,0.47103655610732814,0.7839241373423826,0.6021356766330204,0.17470734472574326,0.0,,0.7681045243412816
W,W270115C00050000,Call,2027-01-15,50.0,0.6367415459104524,33.9,36.25,100,188,73.99,74.05,73.75,0.7590966473388674,2027-01-15,1.3826146475017111,78.52479600417296,-0.4513914421475731,0.6303104887733066,0.7380713441564325,0.6845191169238868,0.10776085538312585,0.832290586147993,0.8911796444773232,0.6958152484759239,0.6694051315697849,0.0,0.013149020594721119,0.7681045243412816
W,W250919C00082000,Call,2025-09-19,82.0,1.1049611505051258,1.37,1.47,2,249,73.99,74.05,73.75,0.5478560839843751,2025-09-19,0.06023271731690623,74.21075389167686,0.09981017643774888,0.5446052437626339,0.5618446116283925,0.5532609111968753,0.017239367865758637,0.2523291512122072,0.720293779901044,0.5532868276307357,0.0184388197121233,0.03902905633855207,0.01874622320110237,0.7681045243412816
W,W250905P00069000,Put,2025-09-05,69.0,0.9313084657720085,0.73,0.78,218,189,73.99,74.05,73.75,0.514653291015625,2025-09-05,0.02190280629705681,74.08930825384736,-0.07116472922202123,0.5900906203093441,0.6064825767736803,0.5983227553801989,0.01639195646433622,-0.1982335441138635,0.7789600717341356,0.5989117878910257,0.007856434325526625,,0.0,0.7681045243412816
W,W250919P00078000,Put,2025-09-19,78.0,1.0510606065780463,6.3,6.5,2,11,73.99,74.05,73.75,0.5046436254882812,2025-09-19,0.06023271731690623,74.21075389167686,0.049799755863087374,0.5573851219415535,0.586124440318903,0.5717766486696957,0.028739318377349443,-0.6120701926104418,0.744399532290277,0.5723769552324902,0.01973316450482342,0.01791545250721012,0.009283085001340546,0.7681045243412816
W,W251121P00055000,Put,2025-11-21,55.0,0.7356902151942851,2.03,2.18,5,305,73.99,74.05,73.75,0.672122419433594,2025-11-21,0.2327173169062286,74.75972748322512,-0.3069461521265395,0.6912326031078846,0.7100423524474404,0.700687736270977,0.018809749339555815,-0.14072070314215768,0.9122296693563672,0.6992657653595389,0.1137923939803648,0.0,0.0,0.7681045243412816
W,W261218C00100000,Call,2026-12-18,100.0,1.2776614470212375,13.15,13.6,2,14,73.99,74.05,73.75,0.6293982373046876,2026-12-18,1.3059548254620124,78.26799519789985,0.24503141242681936,0.5835854746447794,0.5969250102798213,0.5902559292620374,0.013339535635041866,0.48963172736023913,0.7684578212427986,0.5905204199267355,0.45540520944329566,0.0,,0.7681045243412816
W,W261218C00062500,Call,2026-12-18,62.5,0.7985384043882735,26.75,28.1,12,53,73.99,74.05,73.75,0.7052641778564455,2026-12-18,1.3059548254620124,78.26799519789985,-0.2249722168189161,0.6194951952834545,0.6696970335763325,0.6445754725609523,0.05020183829287794,0.7497555435479565,0.8391767684401201,0.6423468598113565,0.538849352289217,0.011766138765238908,,0.7681045243412816
W,W251219C00105000,Call,2025-12-19,105.0,1.3999063461606482,2.41,2.55,7,100,73.99,74.05,73.75,0.622074091796875,2025-12-19,0.30937713894592744,75.00501750561432,0.33640533878406553,0.6028528419786019,0.6148229707531317,0.6088660928507146,0.011970128774529853,0.20496777192130688,0.792686507572484,0.6114902964036386,0.11568241816105819,0.0,0.0,0.7681045243412816
W,W270115C00032500,Call,2027-01-15,32.5,0.41388200484179405,45.7,48.2,13,78,73.99,74.05,73.75,0.87695435546875,2027-01-15,1.3826146475017111,78.52479600417296,-0.8821743582400274,0.6666648217054119,0.8679520815376596,0.7723097988949854,0.2012872598322477,0.9229922841952275,1.005474872781553,0.747443350893915,0.7724274858637636,0.0,,0.7681045243412816
W,W260220C00075000,Call,2026-02-20,75.0,0.9925904229045481,12.15,12.7,5,37,73.99,74.05,73.75,0.6344030700683594,2026-02-20,0.48186173853524983,75.55986665731947,-0.007437164369653405,0.5854121694220016,0.612936678105231,0.5991676389497856,0.02752450868322942,0.589337508956234,0.7800600308449238,0.5991676389497856,0.172989260187215,0.0008332203212442327,,0.7681045243412816
W,W260220P00052500,Put,2026-02-20,52.5,0.6948132960331836,3.25,3.5,1,450,73.99,74.05,73.75,0.6276892700195313,2026-02-20,0.48186173853524983,75.55986665731947,-0.36411210830838586,0.6494845599093167,0.6700882990334694,0.659833050367338,0.020603739124152698,-0.1529257246305482,0.8590407027392579,0.659833050367338,0.20979279717137198,0.0,0.3100734376087323,0.7681045243412816
W,W261218P00050000,Put,2026-12-18,50.0,0.6388307235106188,7.3,7.65,1,47,73.99,74.05,73.75,0.6116982189941409,2026-12-18,1.3059548254620124,78.26799519789985,-0.4481157681331259,0.659277813821627,0.6758615418720435,0.6675799553267939,0.016583728050416524,-0.1663138120344343,0.8691264459082616,0.6675799553267934,0.5820157411409086,0.029588322881402743,0.019341025726768536,0.7681045243412816
W,W250919P00085000,Put,2025-09-19,85.0,1.1453865584504352,11.5,12.1,2,66,73.99,74.05,73.75,0.5361374511718751,2025-09-19,0.06023271731690623,74.21075389167686,0.13574218566381221,0.5187227995006493,0.6413525946812525,0.5829739794749057,0.12262979518060324,-0.8098129185004952,0.7589774060696467,0.583464839095979,0.020505097347429235,0.051832766179459346,0.019193550640161417,0.7681045243412816
W,W270115C00115000,Call,2027-01-15,115.0,1.4645055555940405,10.35,10.75,2,22,73.99,74.05,73.75,0.6122475299072268,2027-01-15,1.3826146475017111,78.52479600417296,0.3815176807875309,0.5705378285753785,0.5823505531532178,0.5764503029081193,0.011812724577839329,0.4113965934051486,0.7504841914614121,0.5767874914377271,0.4599735090784619,0.0725110613831908,,0.7681045243412816
W,W251121P00052500,Put,2025-11-21,52.5,0.7022497508672721,1.58,1.7,20,439,73.99,74.05,73.75,0.6813996704101564,2025-11-21,0.2327173169062286,74.75972748322512,-0.35346616776143236,0.6998941424260745,0.7173044442930931,0.7086549041818119,0.01741030186701864,-0.11412513316145412,0.9226021742152175,0.7093924131789446,0.11711210307856797,0.0,0.0,0.7681045243412816
W,W261218C00090000,Call,2026-12-18,90.0,1.1498953023191139,15.95,16.6,3,27,73.99,74.05,73.75,0.6447179083251953,2026-12-18,1.3059548254620124,78.26799519789985,0.13967089676899316,0.5918644021704557,0.6113173852939838,0.6015848492610502,0.019452983123528167,0.5558981592585113,0.7832070118021541,0.5997212631493545,0.46970701734931997,0.0,,0.7681045243412816
W,W260320C00110000,Call,2026-03-20,110.0,1.4510383649035847,4.15,4.4,1,143,73.99,74.05,73.75,0.6091347680664063,2026-03-20,0.5585215605749486,75.80778197226303,0.37227941387200497,0.5814356130080943,0.5952237578044272,0.5883566921383492,0.013788144796332835,0.26539303214555304,0.7659851927612557,0.5870582961441417,0.19248744253694514,0.30498199242345475,,0.7681045243412816
W,W271217P00060000,Put,2027-12-17,60.0,0.7346375919641381,16.1,17.0,100,104,73.99,74.05,73.75,0.5821574987792968,2027-12-17,2.302532511978097,81.67292370593655,-0.30837797352698526,0.6677484456616032,0.6957544958193335,0.6817257810080466,0.028006050157730278,-0.20744037230667567,0.8875429832843225,0.6817257810080465,1.0701020781737358,0.0049928582118144195,0.03349511349225485,0.7681045243412816
W,W251017P00060000,Put,2025-10-17,60.0,0.8058640826697554,1.41,1.49,1,113,73.99,74.05,73.75,0.5959513061523438,2025-10-17,0.13689253935660506,74.45424270706468,-0.2158401826188506,0.6194235297618716,0.6321045472754213,0.6257915258757105,0.012681017513549664,-0.14732481458745328,0.8147218328291749,0.6257915258757105,0.05360917643502396,,0.016377708512685985,0.7681045243412816
W,W261218P00032500,Put,2026-12-18,32.5,0.41523997028190224,2.57,2.76,8,455,73.99,74.05,73.75,0.6738313867187502,2026-12-18,1.3059548254620124,78.26799519789985,-0.87889868422558,0.7071174301236245,0.7240430592812916,0.7156296853801586,0.016925629157667155,-0.06895715228907973,0.9316826847151761,0.715629685380158,0.6688132206075674,0.036036688362528595,0.0,0.7681045243412816
W,W270115C00052500,Call,2027-01-15,52.5,0.6685786232059749,32.5,34.2,2,80,73.99,74.05,73.75,0.7381617980957031,2027-01-15,1.3826146475017111,78.52479600417296,-0.4026012779781412,0.6289945091176,0.7028126142918946,0.6660179591234789,0.07381810517429455,0.8174412258458892,0.8670928734531917,0.691948520959967,0.6619858770914069,0.0,,0.7681045243412816
W,W250905P00073000,Put,2025-09-05,73.0,0.9852973623385018,1.98,2.08,33,69,73.99,74.05,73.75,0.5029346582031251,2025-09-05,0.02190280629705681,74.08930825384736,-0.01481179267088943,0.5733146091240936,0.5967284138653376,0.5850247214272302,0.023413804741243993,-0.4151314277064361,0.7616472796185405,0.5847582309387673,0.007489493522806554,0.0,0.0,0.7681045243412816
W,W250926C00063000,Call,2025-09-26,63.0,0.8482386440266833,12.0,12.35,11,11,73.99,74.05,73.75,0.6430699755859376,2025-09-26,0.07939767282683094,74.27155134188651,-0.16459326293858342,0.5470218967597578,0.6225959113129776,0.5860190338954507,0.07557401455321988,0.8597811135772855,0.7629417811306534,0.5860190338954507,0.02726661446829559,0.011186902126605051,,0.7681045243412816
W,W270115C00055000,Call,2027-01-15,55.0,0.7004157005014976,34.6,36.0,1,30,73.99,74.05,73.75,0.8607802008056642,2027-01-15,1.3826146475017111,78.52479600417296,-0.35608126234324833,0.769502623503225,0.8273104898372863,0.7983666530084594,0.05780786633406132,0.801973062272404,1.0393984512630365,0.6839401794472334,0.6467514178684969,0.0574032429262287,0.014684192773358598,0.7681045243412816
W,W250912P00077000,Put,2025-09-12,77.0,1.0384355165489014,5.0,5.2,4,29,73.99,74.05,73.75,0.5127001855468749,2025-09-12,0.04106776180698152,74.15000620924349,0.03771526953079172,0.5560367323756243,0.5906675929546791,0.5733788523428945,0.034630860579054734,-0.6050668792295891,0.7464854510974509,0.5831512745377132,0.01396572521539874,0.0,0.02542649558638582,0.7681045243412816
W,W250912C00070000,Call,2025-09-12,70.0,0.9440322877717284,5.6,5.8,2,21,73.99,74.05,73.75,0.5678754150390625,2025-09-12,0.04106776180698152,74.15000620924349,-0.05759491027353329,0.5329945138255946,0.5723223953434088,0.5527499644986967,0.03932788151781419,0.7157207262342886,0.7196285752550791,0.5527499644986967,0.012547536889252997,0.010251839553340941,0.0,0.7681045243412816
W,W271217P00055000,Put,2027-12-17,55.0,0.6734177926337933,13.65,14.35,38,85,73.99,74.05,73.75,0.5902750933837893,2027-12-17,2.302532511978097,81.67292370593655,-0.395389350516615,0.6712064287365432,0.6946226387744473,0.6829022063977264,0.02341621003790406,-0.18414478199284456,0.8890745787279096,0.6829022063977264,1.0737985247527022,0.005691010290271766,0.018423770488966828,0.7681045243412816
W,W251219P00077500,Put,2025-12-19,77.5,1.0332642078804786,11.6,12.35,3,269,73.99,74.05,73.75,0.5927775097656252,2025-12-19,0.30937713894592744,75.00501750561432,0.032722924985843595,0.6212983382836987,0.6671377135320159,0.6442083433431081,0.04583937524831716,-0.4650033370473149,0.8386988006555154,0.6317492586699601,0.12347462072223134,0.0,0.0,0.7681045243412816
W,W261218P00065000,Put,2026-12-18,65.0,0.8304799405638045,13.65,14.15,2,24,73.99,74.05,73.75,0.5769695623779296,2026-12-18,1.3059548254620124,78.26799519789985,-0.18575150366563478,0.6399267574513559,0.6578974383602706,0.6489074494018244,0.017970680908914738,-0.26721177052753053,0.8448165957078831,0.6489074494018243,0.5499126043891566,0.011168749753105783,0.0,0.7681045243412816
W,W250919P00069000,Put,2025-09-19,69.0,0.929784382742118,1.96,2.11,37,751,73.99,74.05,73.75,0.5437057348632813,2025-09-19,0.06023271731690623,74.21075389167686,-0.07280256622924483,0.5781433872362602,0.6025615411539139,0.5903836884982002,0.024418153917653673,-0.2826791943101633,0.7686241517773992,0.5857278152873798,0.020664464392140158,0.009945953398459507,0.014500940644767943,0.7681045243412816
W,W260320C00100000,Call,2026-03-20,100.0,1.3191257862759862,5.85,6.05,2,20,73.99,74.05,73.75,0.6132851171875001,2026-03-20,0.5585215605749486,75.80778197226303,0.2769692340676802,0.5846311522517907,0.5944816876220497,0.5895635516113064,0.009850535370258928,0.34152437367888755,0.7675564105248694,0.5908404399104875,0.19497564623807842,0.08996660529072358,,0.7681045243412816
W,W250912C00077000,Call,2025-09-12,77.0,1.0384355165489014,2.05,2.22,1,1373,73.99,74.05,73.75,0.5434615966796876,2025-09-12,0.04106776180698152,74.15000620924349,0.03771526953079172,0.5377632058013578,0.5673149295108063,0.5525608770909386,0.029551723709448474,0.3894232736601614,0.7193824011970363,0.5525608770909384,0.012538953712176882,0.0,0.02542649558638582,0.7681045243412816
W,W260320P00055000,Put,2026-03-20,55.0,0.7255191824517924,4.55,4.8,4,129,73.99,74.05,73.75,0.6186561572265626,2026-03-20,0.5585215605749486,75.80778197226303,-0.3208677666879403,0.6465738870312349,0.6635619254231684,0.655088265821638,0.016988038391933524,-0.1840102098257761,0.8528634385840064,0.655088265821638,0.23968429773445316,0.03092257456406532,0.0,0.7681045243412816
W,W261218C00055000,Call,2026-12-18,55.0,0.7027137958616807,30.7,32.2,1,76,73.99,74.05,73.75,0.7306545489501952,2026-12-18,1.3059548254620124,78.26799519789985,-0.352805588328801,0.6304002524178582,0.6939185054924161,0.6622162691116129,0.06351825307455783,0.8008284895188218,0.8621434298665571,0.6608845508972655,0.570399786026564,0.02056421969072584,0.030292753116772438,0.7681045243412816
W,W270115C00110000,Call,2027-01-15,110.0,1.4008314010029952,11.35,11.9,2,74,73.99,74.05,73.75,0.6185340881347658,2027-01-15,1.3826146475017111,78.52479600417296,0.337065918216697,0.5733334837006488,0.5893561881351235,0.5813518114512386,0.01602270443447462,0.4398700448930147,0.7568654955519235,0.5803502744243896,0.46567351873334556,0.0548951447593977,,0.7681045243412816
W,W250905P00076000,Put,2025-09-05,76.0,1.0257890347633718,3.6,3.75,1,41,73.99,74.05,73.75,0.4985401708984375,2025-09-05,0.02190280629705681,74.08930825384736,0.025462106467050532,0.5721660588423967,0.6075622319223218,0.5898862454320534,0.03539617307992515,-0.5979363333420168,0.7679765275929518,0.5899288132467766,0.007622527139192339,0.0,0.0,0.7681045243412816
W,W250905P00081000,Put,2025-09-05,81.0,1.0932751554714883,7.4,7.7,19,39,73.99,74.05,73.75,0.514653291015625,2025-09-05,0.02190280629705681,74.08930825384736,0.0891779208531582,0.57334210366181,0.6780735309193966,0.6277376158360065,0.10473142725758655,-0.8194986208218439,0.8172554593065934,0.6277376158360065,0.008630899697970675,,0.0,0.7681045243412816
W,W251121C00095000,Call,2025-11-21,95.0,1.2707376444264924,3.0,3.2,31,420,73.99,74.05,73.75,0.6430699755859376,2025-11-21,0.2327173169062286,74.75972748322512,0.2395975542415304,0.622206468705802,0.6393854291850093,0.6308308538532005,0.017178960479207306,0.26265940857008857,0.8212825648881503,0.632363643400759,0.09305987977298287,0.0,,0.7681045243412816
W,W251121C00100000,Call,2025-11-21,100.0,1.3376185730805183,2.3,2.43,60,172,73.99,74.05,73.75,0.6435582519531251,2025-11-21,0.2327173169062286,74.75972748322512,0.29089084862908093,0.6267345044739087,0.6393011638835161,0.6330454042849525,0.012566659409607439,0.211901241740322,0.8241657017029623,0.6355521924953093,0.0940007121088995,0.0,,0.7681045243412816
W,W250905C00073000,Call,2025-09-05,73.0,0.9852973623385018,2.88,3.05,31,218,73.99,74.05,73.75,0.5312546875,2025-09-05,0.02190280629705681,74.08930825384736,-0.01481179267088943,0.5291510744019056,0.5690295378561439,0.5491017513212052,0.03987846345423829,0.5881925956422016,0.7148789441021833,0.5491017513212052,0.006603974993653983,0.0,0.0,0.7681045243412816
W,W261218P00080000,Put,2026-12-18,80.0,1.0221291576169902,21.8,22.65,13,36,73.99,74.05,73.75,0.5483443603515626,2026-12-18,1.3059548254620124,78.26799519789985,0.021887861112609795,0.6278661964343223,0.6545217555514367,0.6411755072048883,0.02665555911711437,-0.3682504585060391,0.8347503326513454,0.6411755072048881,0.5368859050124998,0.0022800908474744663,0.0,0.7681045243412816
W,W271217C00080000,Call,2027-12-17,80.0,0.9795167892855174,26.85,27.7,13,18,73.99,74.05,73.75,0.679263461303711,2027-12-17,2.302532511978097,81.67292370593655,-0.020695901075204404,0.6091970177102245,0.6306108222871629,0.6198835116502004,0.021413804576938422,0.6887502917749059,0.8070301528060989,0.6212211963726358,0.8885836184143676,0.0011369944485712616,,0.7681045243412816
W,W250926P00080000,Put,2025-09-26,80.0,1.0771284368592804,8.2,8.6,53,90,73.99,74.05,73.75,0.51758294921875,2025-09-26,0.07939767282683094,74.27155134188651,0.07429864534376555,0.5582281494663499,0.6097020691900619,0.5840770921659549,0.05147391972371196,-0.6439948841984203,0.7604135552604033,0.5840770921659549,0.027086202431753827,0.015620340786712272,0.014969986742100368,0.7681045243412816
W,W250919P00065000,Put,2025-09-19,65.0,0.8758838388150387,0.99,1.07,72,1587,73.99,74.05,73.75,0.5590864404296876,2025-09-19,0.06023271731690623,74.21075389167686,-0.13252180093086713,0.5926765772611021,0.6103728929917538,0.6015768232426252,0.01769631573065167,-0.16567090772996362,0.7831965626794494,0.6041671596499403,0.021986023407497553,0.012735929218449684,0.02033721144486105,0.7681045243412816
W,W271217C00050000,Call,2027-12-17,50.0,0.6121979933034484,39.05,40.55,2,35,73.99,74.05,73.75,0.7459742199707031,2027-12-17,2.302532511978097,81.67292370593655,-0.49069953032094,0.6382496621175471,0.6929556411078328,0.6655922152696286,0.05470597899028573,0.8391183059061169,0.8665385949138023,0.6655922152696286,1.0200518288847478,0.008073133074648778,0.022495476279219367,0.7681045243412816
W,W271217C00040000,Call,2027-12-17,40.0,0.4897583946427587,44.45,45.7,5,13,73.99,74.05,73.75,0.7785056329345703,2027-12-17,2.302532511978097,81.67292370593655,-0.7138430816351498,0.6564694506926918,0.7142513351157566,0.6854830651454614,0.057781884423064755,0.8861610680062826,0.8924346145901491,0.6854744527558944,1.081902983012772,0.02672341723511322,,0.7681045243412816
W,W271217P00030000,Put,2027-12-17,30.0,0.36731879598206907,4.4,4.65,30,207,73.99,74.05,73.75,0.6666293103027345,2027-12-17,2.302532511978097,81.67292370593655,-1.0015251540869305,0.7228321573245663,0.7389730517848446,0.7309252386730927,0.016140894460278332,-0.07248190197584103,0.9515960595335986,0.7309252386730917,1.230131919258466,0.16611006715583743,0.0539949728609669,0.7681045243412816
W,W250912P00075000,Put,2025-09-12,75.0,1.011463165469709,3.8,3.95,15,42,73.99,74.05,73.75,0.5017139672851563,2025-09-12,0.04106776180698152,74.15000620924349,0.011397961213418177,0.5583627281746605,0.5834493333081808,0.57090690765432,0.025086605133520345,-0.5162202629101471,0.743267211118075,0.57090690765432,0.013385408509544894,0.0,0.002880520527901213,0.7681045243412816
W,W271217P00025000,Put,2027-12-17,25.0,0.3060989966517242,3.15,3.4,60,1706,73.99,74.05,73.75,0.6931183032226562,2027-12-17,2.302532511978097,81.67292370593655,-1.1838467108808852,0.7425383422806007,0.7628523784745186,0.7527466409254029,0.020314036193917917,-0.0539667100225909,0.9800054772115169,0.7527466409254023,1.304678253420903,0.0,0.0,0.7681045243412816
W,W250912P00076000,Put,2025-09-12,76.0,1.0249493410093051,4.4,4.55,22,26,73.99,74.05,73.75,0.5007374145507812,2025-09-12,0.04106776180698152,74.15000620924349,0.024643187963438774,0.5610004101824537,0.5863648732647592,0.5736884695626248,0.025364463082305444,-0.5611314490089123,0.7468885436583178,0.573688469562625,0.01351615852604135,0.0,0.006816156259601181,0.7681045243412816
W,W250919P00100000,Put,2025-09-19,100.0,1.3475135981769826,25.65,26.35,18,14,73.99,74.05,73.75,0.584965087890625,2025-09-19,0.06023271731690623,74.21075389167686,0.29826111516158704,,0.8546436137846043,0.7159613742965765,,-0.9462540073627855,0.9321145125535844,0.682526384756285,0.028058945515528153,,0.1046968231651374,0.7681045243412816
W,W250926P00079000,Put,2025-09-26,79.0,1.0636643313985394,7.5,7.85,1,101,73.99,74.05,73.75,0.5163622583007812,2025-09-26,0.07939767282683094,74.27155134188651,0.06171986313690549,0.5573388155021929,0.6012965911430518,0.5793746062921548,0.0439577756408589,-0.6165506145292259,0.75429136000601,0.5793746062921548,0.026651808618944534,,0.01104969593277957,0.7681045243412816
W,W270115C00095000,Call,2027-01-15,95.0,1.2098089372298595,15.0,15.55,2,38,73.99,74.05,73.75,0.6337927246093751,2027-01-15,1.3826146475017111,78.52479600417296,0.19046244402482163,0.5836586896438675,0.5995422228444097,0.5915980043765602,0.015883533200542255,0.5295007912822131,0.7702050770810241,0.59232176250301,0.48508353324848597,0.018972306822417226,,0.7681045243412816
W,W270115P00055000,Put,2027-01-15,55.0,0.7004157005014976,9.5,9.9,2,67,73.99,74.05,73.75,0.5943644079589845,2027-01-15,1.3826146475017111,78.52479600417296,-0.35608126234324833,0.6491307745618139,0.6656237143694552,0.657380496345578,0.016492939807641327,-0.1984556116397833,0.8558477075881575,0.657380496345578,0.5974956990353376,0.0574032429262287,0.014684192773358598,0.7681045243412816
W,W270115C00030000,Call,2027-01-15,30.0,0.3820449275462714,47.6,49.7,1,82,73.99,74.05,73.75,0.8875743664550779,2027-01-15,1.3826146475017111,78.52479600417296,-0.9622170659135639,0.6724071406746334,0.8647864871426978,0.7742055735729038,0.19237934646806443,0.9347523977109486,1.0079429934836726,0.7794851667907399,0.8400726851461402,0.0,,0.7681045243412816
W,W251219C00100000,Call,2025-12-19,100.0,1.3332441392006174,3.05,3.25,15,686,73.99,74.05,73.75,0.6228065063476562,2025-12-19,0.30937713894592744,75.00501750561432,0.28761517461463354,0.6003914389453604,0.6157493253737814,0.6081040605676902,0.015357886428420953,0.24786753387655913,0.7916944130607665,0.6090915706876916,0.11477661105422672,0.0,,0.7681045243412816
W,W270115P00075000,Put,2027-01-15,75.0,0.9551123188656785,19.25,19.75,2500,13,73.99,74.05,73.75,0.5491988439941409,2027-01-15,1.3826146475017111,78.52479600417296,-0.045926334039408837,0.628983173378492,0.6448174329820004,0.6368935888033158,0.015834259603508483,-0.33150163989984605,0.8291756767733,0.6368935888033158,0.5608347404426486,0.0031794156058574025,0.0,0.7681045243412816
W,W260618C00047500,Call,2026-06-18,47.5,0.6200220772748716,35.45,36.8,3,46,73.99,74.05,73.75,0.9808961871337892,2026-06-18,0.8049281314168378,76.61017525177904,-0.4780001930691103,0.8766479556994086,0.9600360827044842,0.9185005209295273,0.08338812700507559,0.8394220715906153,1.1958014720942096,0.9185005209295273,0.6790721501510116,0.0,,0.7681045243412816
W,W270115C00065000,Call,2027-01-15,65.0,0.8277640096835881,28.95,29.95,1,33,73.99,74.05,73.75,0.7897359893798828,2027-01-15,1.3826146475017111,78.52479600417296,-0.18902717768008206,0.7156050199042719,0.751189038932737,0.7333672826972598,0.035584019028465086,0.7422732046511481,0.9547753716542523,0.6963286366516276,0.6703933003741622,0.0,0.017217942392348536,0.7681045243412816
W,W260116C00042500,Call,2026-01-16,42.5,0.5647757047161331,36.75,38.15,1,50,73.99,74.05,73.75,1.2746618298339842,2026-01-16,0.3860369609856263,75.25111233557983,-0.5713266094575338,1.1424939042679365,1.2878191865763462,1.216093787971608,0.1453252823084097,0.8715885021810439,1.5832399750730766,1.216093787971608,0.5709039240552551,0.0,0.045445786930189205,0.7681045243412816
W,W250905C00075000,Call,2025-09-05,75.0,1.0122918106217484,1.94,2.03,2,118,73.99,74.05,73.75,0.5217332983398437,2025-09-05,0.02190280629705681,74.08930825384736,0.012216879717029854,0.5384870618109393,0.5592052966799607,0.5488482302556151,0.020718234869021357,0.45628799706742484,0.7145488834690846,0.5488482302556151,0.00659787827197198,0.0,0.0,0.7681045243412816
W,W251219C00077500,Call,2025-12-19,77.5,1.0332642078804786,8.95,9.25,20,32,73.99,74.05,73.75,0.6456334265136718,2025-12-19,0.30937713894592744,75.00501750561432,0.032722924985843595,0.6098327613293034,0.6281521011502418,0.6189910352053833,0.018319339820938363,0.530729133421981,0.8058682322386053,0.6178714087324022,0.11810938749725625,0.0,0.0,0.7681045243412816
W,W271217C00057500,Call,2027-12-17,57.5,0.7040276922989657,38.9,40.2,2,32,73.99,74.05,73.75,0.8281267187499999,2027-12-17,2.302532511978097,81.67292370593655,-0.3509375879457812,0.7385933671512815,0.781361666165501,0.7599053864364941,0.04276829901421941,0.8108112811831056,0.9893254919806402,0.7599053864364941,1.3296116663049993,0.0,,0.7681045243412816
W,W270115C00027500,Call,2027-01-15,27.5,0.3502078502507488,52.75,54.15,1,16,73.99,74.05,73.75,1.141727924194336,2027-01-15,1.3826146475017111,78.52479600417296,-1.0492284429031937,0.9938305047326498,1.1121533712309164,1.0535510651269573,0.11832286649826662,0.9287261086394006,1.3716246054278507,0.8142708536411951,0.9167246999595567,0.0,,0.7681045243412816
W,W260220C00052500,Call,2026-02-20,52.5,0.6948132960331836,25.65,26.5,20,33,73.99,74.05,73.75,0.7385280053710936,2026-02-20,0.48186173853524983,75.55986665731947,-0.36411210830838586,0.6335672665765182,0.7031509870105203,0.6688689349079017,0.06958372043400207,0.8452716742545773,0.8708045763452789,0.6688689349079018,0.21557802810932306,0.0,0.3100734376087323,0.7681045243412816
W,W250905P00072000,Put,2025-09-05,72.0,0.9718001381968785,1.57,1.65,2,215,73.99,74.05,73.75,0.5041553491210937,2025-09-05,0.02190280629705681,74.08930825384736,-0.02860511480322529,0.5746110743395825,0.5942426919912278,0.5844357474422629,0.01963161765164534,-0.3542153771964406,0.7608804907684522,0.5854717873276688,0.007507782915956852,0.02030535266065286,0.0,0.7681045243412816
W,W270115P00062500,Put,2027-01-15,62.5,0.7959269323880654,12.8,13.2,2,27,73.99,74.05,73.75,0.5764812860107422,2027-01-15,1.3826146475017111,78.52479600417296,-0.22824789083336341,0.6405400320251295,0.6550615760516195,0.6477985558894711,0.014521544026489974,-0.2480917067183559,0.8433729204303494,0.6477985558894717,0.5802045156777683,0.0,0.01719575255122811,0.7681045243412816
W,W260116C00032500,Call,2026-01-16,32.5,0.4318873036064548,46.05,47.7,2,45,73.99,74.05,73.75,1.6418474938964844,2026-01-16,0.3860369609856263,75.25111233557983,-0.8395905960522131,1.4642168437964274,1.6874420612603764,1.5777968783617964,0.22322521746394908,0.9109466459310138,2.0541434510034926,1.5777968783617964,0.961017006162684,0.0,,0.7681045243412816
W,W260320C00105000,Call,2026-03-20,105.0,1.3850820755897855,4.9,5.15,10,226,73.99,74.05,73.75,0.6099892517089844,2026-03-20,0.5585215605749486,75.80778197226303,0.32575939823711214,0.5813983676793634,0.5943788646756942,0.587906583914464,0.01298049699633086,0.30092446264207773,0.7653991940988065,0.588836483227777,0.1936552892866022,0.14391179300390583,,0.7681045243412816
W,W250926P00076000,Put,2025-09-26,76.0,1.0232720150163164,5.65,5.85,44,44,73.99,74.05,73.75,0.5217332983398437,2025-09-26,0.07939767282683094,74.27155134188651,0.02300535095621502,0.5636003338995467,0.5876810816635354,0.5756424137106062,0.02408074776398872,-0.5242129790448724,0.7494323955509454,0.5756424137106062,0.026309545422079694,0.005510217507464311,0.004045658869484073,0.7681045243412816
W,W251017C00090000,Call,2025-10-17,90.0,1.208796124004633,1.65,1.77,1,2191,73.99,74.05,73.75,0.5744671459960937,2025-10-17,0.13689253935660506,74.45424270706468,0.1896249254893137,0.5611006365699459,0.576179834392707,0.5686802880551725,0.015079197822761126,0.21300713081245348,0.7403683613800696,0.5686802880551725,0.044270673514375615,0.01715524586361318,,0.7681045243412816
W,W250919C00079000,Call,2025-09-19,79.0,1.0645357425598163,2.12,2.2,1,57,73.99,74.05,73.75,0.5488326367187502,2025-09-19,0.06023271731690623,74.21075389167686,0.06253878164051727,0.54465905442939,0.5565944464561531,0.5506335294046321,0.01193539202676308,0.34634525872847416,0.71687317540129,0.552461578325994,0.018383856267164583,0.0251135602000009,0.011816554391614028,0.7681045243412816
W,W261218P00055000,Put,2026-12-18,55.0,0.7027137958616807,9.2,9.55,2,59,73.99,74.05,73.75,0.5985147570800782,2026-12-18,1.3059548254620124,78.26799519789985,-0.352805588328801,0.6518437539904868,0.6666653722819146,0.6592577882270928,0.014821618291427807,-0.1990593604342481,0.8582917654240683,0.6592577882270928,0.5675951719322748,0.02056421969072584,0.030292753116772438,0.7681045243412816
W,W270115C00090000,Call,2027-01-15,90.0,1.1461347826388142,16.45,17.0,1,36,73.99,74.05,73.75,0.6397130755615235,2027-01-15,1.3826146475017111,78.52479600417296,0.1363952227545458,0.5873893045916222,0.6034213352437999,0.5954007562916326,0.01603203065217773,0.5616789619396528,0.7751559031659683,0.5974953900143849,0.4935944537978458,0.011990703491394524,,0.7681045243412816
W,W250919C00076000,Call,2025-09-19,76.0,1.0241103346145068,3.15,3.25,6,30,73.99,74.05,73.75,0.55273884765625,2025-09-19,0.06023271731690623,74.21075389167686,0.023824269459826866,0.5428919429310174,0.5567725840324947,0.5498334296453011,0.013880641101477353,0.45656920382786537,0.7158315206082564,0.5506135735203629,0.018261072584769365,0.006617610263818588,0.004919320065437275,0.7681045243412816
W,W250919C00080000,Call,2025-09-19,80.0,1.078010878541586,1.85,1.98,5,1746,73.99,74.05,73.75,0.5529829858398438,2025-09-19,0.06023271731690623,74.21075389167686,0.0751175638473773,0.5461697377096465,0.566317854950909,0.5562709988492774,0.02014811724126253,0.3149164223547518,0.7242126315117459,0.5525481998385408,0.018389621599413725,0.030350368082384206,0.014111718244696581,0.7681045243412816
W,W250919C00077500,Call,2025-09-19,77.5,1.0443230385871616,2.6,2.71,15,97,73.99,74.05,73.75,0.5524947094726562,2025-09-19,0.06023271731690623,74.21075389167686,0.04336886553279709,0.5444619464355971,0.5601305897591403,0.5523017022028399,0.01566864332354323,0.40045153337432965,0.7190449798176727,0.5515655032149428,0.01832426857059156,0.014653268981260112,0.008140089475102143,0.7681045243412816
W,W260116C00105000,Call,2026-01-16,105.0,1.395328211651623,3.0,3.2,1,1264,73.99,74.05,73.75,0.6038857971191409,2026-01-16,0.3860369609856263,75.25111233557983,0.3331296647696184,0.580353286039407,0.5945846787160123,0.5875034446893322,0.014231392676605337,0.23266351401495883,0.7648743446644439,0.5891301521529043,0.13398352197337246,0.033344944482320504,,0.7681045243412816
W,W250829P00077000,Put,2025-08-29,77.0,1.0401376982350898,3.45,3.6,2,112,73.99,74.05,73.75,0.5214891601562499,2025-08-29,0.0027378507871321013,74.02865998478272,0.0393531065380152,0.9684387517362714,1.092811512318039,1.0316248794276743,0.12437276058176772,-0.7586766358609021,1.3430787695364572,1.0316248794276743,0.0029137574041181754,,0.0,0.7681045243412816
W,W260320P00072500,Put,2026-03-20,72.5,0.95636619505009,11.7,12.0,0,16,73.99,74.05,73.75,0.5732464550781251,2026-03-20,0.5585215605749486,75.80778197226303,-0.04461439005978207,0.6194818678662656,0.633833728639336,0.6266559182925187,0.01435186077307038,-0.37091655473050755,0.8158471906280362,0.6266559182925185,0.21933009868838355,0.0,0.0,0.7681045243412816
W,W250919P00090000,Put,2025-09-19,90.0,1.2127622383592844,16.05,16.65,2,62,73.99,74.05,73.75,0.5468795312500001,2025-09-19,0.06023271731690623,74.21075389167686,0.19290059950376087,0.5218878621647322,0.6965012328897372,0.6194267741577876,0.17461337072500505,-0.8835435720074453,0.8064355234582188,0.6183050933357429,0.02302703941352027,,0.033440430994162745,0.7681045243412816
W,W250919C00082500,Call,2025-09-19,82.5,1.1116987184960108,1.27,1.36,45,2276,73.99,74.05,73.75,0.5468795312500001,2025-09-19,0.06023271731690623,74.21075389167686,0.10588922251413113,0.5446934194407109,0.5607045351546596,0.5527340453880759,0.016011115713948643,0.23799824443995998,0.719607850067144,0.5537848281391016,0.01847202734919971,0.041648931590299344,0.019720625053462483,0.7681045243412816
W,W261218C00047500,Call,2026-12-18,47.5,0.6068891873350879,35.1,36.95,3,362,73.99,74.05,73.75,0.7664207928466797,2026-12-18,1.3059548254620124,78.26799519789985,-0.49940906252067635,0.6413523439637148,0.7344655823495049,0.6883036481028978,0.09311323838579011,0.8480724221657994,0.8961067488740283,0.6822608368172423,0.6078956555505185,0.048934332203619306,,0.7681045243412816
W,W260220C00072500,Call,2026-02-20,72.5,0.9595040754743965,13.6,14.0,14,27,73.99,74.05,73.75,0.6517368811035158,2026-02-20,0.48186173853524983,75.55986665731947,-0.04133871604533475,0.6040786345124924,0.6245539303754777,0.614313206182088,0.020475295862985243,0.6217793214344223,0.7997781378893928,0.614313206182088,0.18184532755917893,0.0,,0.7681045243412816
W,W250905C00074000,Call,2025-09-05,74.0,0.9987945864801251,2.39,2.5,82,178,73.99,74.05,73.75,0.5266160620117188,2025-09-05,0.02190280629705681,74.08930825384736,-0.0012061406151108744,0.5370710913237718,0.5622799189658712,0.5496752978397442,0.025208827642099307,0.5221305217053684,0.7156256478389318,0.5496752978397442,0.0066177781367329006,0.0,0.0,0.7681045243412816
W,W261218C00065000,Call,2026-12-18,65.0,0.8304799405638045,28.8,29.5,1,15,73.99,74.05,73.75,0.8018208294677733,2026-12-18,1.3059548254620124,78.26799519789985,-0.18575150366563478,0.7339334143148771,0.7594624883537099,0.7466832624611031,0.025529074038832755,0.7403210318772294,0.9721115275312964,0.641142231087666,0.536830179194802,0.011168749753105783,0.0,0.7681045243412816
W,W250919C00078000,Call,2025-09-19,78.0,1.0510606065780463,2.43,2.54,1,167,73.99,74.05,73.75,0.551762294921875,2025-09-19,0.06023271731690623,74.21075389167686,0.049799755863087374,0.5443206707166429,0.5601959617089584,0.5522657566880794,0.01587529099231544,0.3822218588947126,0.7189981821311321,0.5518825437735844,0.018345340251017247,0.01791545250721012,0.009283085001340546,0.7681045243412816
W,W261218P00040000,Put,2026-12-18,40.0,0.5110645788084951,4.25,4.5,4,752,73.99,74.05,73.75,0.6430699755859376,2026-12-18,1.3059548254620124,78.26799519789985,-0.6712593194473355,0.6822865210522558,0.6983744125279894,0.6903571077712716,0.01608789147573353,-0.10650828993633887,0.8987801606341462,0.6903571077712698,0.622408844877205,0.02847139145872902,0.0312768634547018,0.7681045243412816
W,W251017C00077500,Call,2025-10-17,77.5,1.040907773448434,4.8,5.0,48,113,73.99,74.05,73.75,0.5813030151367188,2025-10-17,0.13689253935660506,74.45424270706468,0.04009319151834997,0.5568501710711489,0.5752247141877326,0.5660393583522031,0.018374543116583708,0.46544457536462386,0.7369301187720936,0.5660393583522031,0.04386044561311072,0.003954410775523401,0.004133437897702728,0.7681045243412816
W,W261218P00035000,Put,2026-12-18,35.0,0.44718150645743315,3.1,3.25,5,255,73.99,74.05,73.75,0.6624789611816408,2026-12-18,1.3059548254620124,78.26799519789985,-0.8047907120718583,0.7000105697130875,0.7118701821322385,0.7059611089442231,0.011859612419151011,-0.08061625666837613,0.9190951056428784,0.7059611089442237,0.6508631859329735,,0.16981416625433357,0.7681045243412816
W,W250919C00065000,Call,2025-09-19,65.0,0.8758838388150387,9.95,10.55,16,1011,73.99,74.05,73.75,0.6518589501953126,2025-09-19,0.06023271731690623,74.21075389167686,-0.13252180093086713,0.5397575954344368,0.6721654502352914,0.6088236523334376,0.1324078548008546,0.8318797137584083,0.7926312540022575,0.5914450822896745,0.0210698433347627,0.012735929218449684,0.02033721144486105,0.7681045243412816
W,W260116C00100000,Call,2026-01-16,100.0,1.328884011096784,3.75,3.95,3,491,73.99,74.05,73.75,0.6055947644042969,2026-01-16,0.3860369609856263,75.25111233557983,0.2843395006001865,0.5811444519763572,0.5941657469954058,0.5876757712372481,0.013021295019048584,0.2755343255652061,0.765098697656068,0.5881876736997078,0.13355517664178132,0.027512849487663416,0.02822036335421022,0.7681045243412816
W,W270115C00060000,Call,2027-01-15,60.0,0.7640898550925428,28.45,30.25,1,1524,73.99,74.05,73.75,0.7159452233886718,2027-01-15,1.3826146475017111,78.52479600417296,-0.2690698853536186,0.6183021527198233,0.6861992202658932,0.6522298136665448,0.06789706754606994,0.7686185265396107,0.8491420021590033,0.7050161232302435,0.6872254775561232,0.0,,0.7681045243412816
W,W250919P00077000,Put,2025-09-19,77.0,1.0375854705962766,5.65,5.85,38,63,73.99,74.05,73.75,0.507817421875,2025-09-19,0.06023271731690623,74.21075389167686,0.03689635102717956,0.5571456035256078,0.5852620690197927,0.571214976962119,0.028116465494184895,-0.5765573704756295,0.7436682884428873,0.5719106715969364,0.019701026579882534,0.011668051370290252,0.0071634020917873,0.7681045243412816
W,W251219C00022500,Call,2025-12-19,22.5,0.2999799313201389,55.55,56.85,1,15,73.99,74.05,73.75,2.395023543701172,2025-12-19,0.30937713894592744,75.00501750561432,-1.2040397021630835,2.1880091695074544,2.463167641471524,2.327419311730014,0.2751584719640694,0.9426434865968443,3.03008150319904,0.8417479059433358,0.21920593483662965,0.0,,0.7681045243412816
W,W250919P00081000,Put,2025-09-19,81.0,1.091486014523356,8.45,8.7,5,32,73.99,74.05,73.75,0.5180712255859375,2025-09-19,0.06023271731690623,74.21075389167686,0.0875400838459346,0.5588616981843277,0.5988914682149769,0.5790063174724377,0.040029770030649114,-0.7071187715337802,0.7538118825286018,0.5804385138089995,0.020292936626643675,0.03563815133901131,0.016730363969185376,0.7681045243412816
W,W251219P00055000,Put,2025-12-19,55.0,0.7332842765603396,2.58,2.73,4,889,73.99,74.05,73.75,0.6409948010253907,2025-12-19,0.30937713894592744,75.00501750561432,-0.31022182614098687,0.6625009684736257,0.6778438679073374,0.6702013050290706,0.015342899433711699,-0.15420131254126535,0.872539197193023,0.6695093135204674,0.1386760505424864,0.0,0.0,0.7681045243412816
W,W260320P00050000,Put,2026-03-20,50.0,0.6595628931379931,3.3,3.4,20,37,73.99,74.05,73.75,0.6362341064453125,2026-03-20,0.5585215605749486,75.80778197226303,-0.41617794649226514,0.6650788994199031,0.6732178176236273,0.6691561552794738,0.008138918203724255,-0.13957027003988998,0.8711785103119072,0.6691561552794738,0.25008917692067095,0.029012984894072044,0.0,0.7681045243412816
W,W250905P00074000,Put,2025-09-05,74.0,0.9987945864801251,2.44,2.54,53,140,73.99,74.05,73.75,0.4946339599609375,2025-09-05,0.02190280629705681,74.08930825384736,-0.0012061406151108744,0.5689776634417252,0.5918966998531919,0.5804369952695365,0.022919036411466753,-0.47727578252333036,0.7556744907437086,0.5857669908893678,0.007515355895755449,0.0,0.0,0.7681045243412816
W,W270115P00085000,Put,2027-01-15,85.0,1.082460628047769,23.95,24.6,8,28,73.99,74.05,73.75,0.5021412091064454,2027-01-15,1.3826146475017111,78.52479600417296,0.07923680891459732,0.5857594342609043,0.6050120115846888,0.5953771850174121,0.019252577323784492,-0.4063857030638911,0.7751252155792225,0.5953771850174122,0.4901009341049287,0.006559139440383591,0.0026156687924884245,0.7681045243412816
W,W261218P00045000,Put,2026-12-18,45.0,0.5749476511595569,5.7,5.95,3,222,73.99,74.05,73.75,0.6273230627441408,2026-12-18,1.3059548254620124,78.26799519789985,-0.5534762837909522,0.6719286946009406,0.6855163268154408,0.6787347116683465,0.013587632214500212,-0.1353633217365815,0.8836488917317891,0.6787347116683465,0.6016283252808103,0.03827460166768145,0.022177928238901412,0.7681045243412816
W,W270115P00042500,Put,2027-01-15,42.5,0.5412303140238846,5.15,5.45,2,1266,73.99,74.05,73.75,0.6295203063964845,2027-01-15,1.3826146475017111,78.52479600417296,-0.613910371645348,0.672185350142579,0.6892603034313379,0.6807457487029488,0.017074953288758965,-0.12156875232290199,0.8862670732043262,0.6807457487029486,0.6407240549225317,0.0,0.016326449480961413,0.7681045243412816
W,W251121C00082500,Call,2025-11-21,82.5,1.1035353227914277,6.05,6.3,30,166,73.99,74.05,73.75,0.6569858520507813,2025-11-21,0.2327173169062286,74.75972748322512,0.09851895598162497,0.6295268773898484,0.6473198024687113,0.6384282141226066,0.017792925078862987,0.4341204804016806,0.8311736149062733,0.6369192956578559,0.09440554710584649,0.0,0.0,0.7681045243412816
W,W261218C00050000,Call,2026-12-18,50.0,0.6388307235106188,33.6,34.95,3,146,73.99,74.05,73.75,0.7459742199707031,2026-12-18,1.3059548254620124,78.26799519789985,-0.4481157681331259,0.6386008294941883,0.7025357286736443,0.6707174658286869,0.06393489917945605,0.8334478097249958,0.8732111901096886,0.6735725252786731,0.5925116348487548,0.029588322881402743,0.019341025726768536,0.7681045243412816
W,W260320C00072500,Call,2026-03-20,72.5,0.95636619505009,14.7,15.0,11,12,73.99,74.05,73.75,0.6551548156738283,2026-03-20,0.5585215605749486,75.80778197226303,-0.04461439005978207,0.608499559016836,0.6228400924558419,0.615668008476774,0.014340533439005987,0.628174042394163,0.8015419633216775,0.616931827731368,0.2125760315780017,0.0,0.0,0.7681045243412816
W,W260320C00070000,Call,2026-03-20,70.0,0.9233880503931904,15.9,16.35,1,34,73.99,74.05,73.75,0.6647982739257814,2026-03-20,0.5585215605749486,75.80778197226303,-0.07970570987105215,0.6118349507166153,0.63395951556291,0.6228947920219258,0.02212456484629466,0.6568856021769532,0.8109505572254164,0.6211898615553536,0.21552053715599867,0.0,0.0,0.7681045243412816
W,W251219P00050000,Put,2025-12-19,50.0,0.6666220696003087,1.64,1.73,2,926,73.99,74.05,73.75,0.6599155102539063,2025-12-19,0.30937713894592744,75.00501750561432,-0.4055320059453118,0.6803256004735692,0.6923418266037366,0.6863624311826797,0.012016226130167396,-0.10507827649097146,0.8935794666374305,0.686449145592514,0.14578235326973374,0.05881427115151605,0.13251940646208918,0.7681045243412816
W,W261218C00095000,Call,2026-12-18,95.0,1.2137783746701758,14.5,14.95,2,49,73.99,74.05,73.75,0.6357458300781251,2026-12-18,1.3059548254620124,78.26799519789985,0.19373811803926896,0.588031220033776,0.6013862033321721,0.5947074296573106,0.013354983298396128,0.5218286159690388,0.7742532569604709,0.5951447475587639,0.4625656346360475,0.0,,0.7681045243412816
W,W250919P00071000,Put,2025-09-19,71.0,0.9567346547056577,2.65,2.74,8,72,73.99,74.05,73.75,0.5295457202148439,2025-09-19,0.06023271731690623,74.21075389167686,-0.044229193785188844,0.5719541886568775,0.5853149894100473,0.5786381357244228,0.01336080075316981,-0.35106237622966374,0.7533325444485004,0.5795470038779258,0.020230647648146124,0.008100091507231165,0.009455063542565811,0.7681045243412816
W,W261218C00045000,Call,2026-12-18,45.0,0.5749476511595569,36.75,38.2,1,145,73.99,74.05,73.75,0.7717307983398438,2026-12-18,1.3059548254620124,78.26799519789985,-0.5534762837909522,0.6492850659605344,0.7277623403584577,0.6889051530687482,0.07847727439792329,0.8636066143814594,0.8968898518851273,0.6830898224677828,0.6093738084919234,0.03827460166768145,0.022177928238901412,0.7681045243412816
W,W260618C00067500,Call,2026-06-18,67.5,0.8810840045485018,19.9,20.3,11,12,73.99,74.05,73.75,0.6721834539794924,2026-06-18,0.8049281314168378,76.61017525177904,-0.12660230623122162,0.614161639699447,0.6313214526569965,0.6227399690860604,0.017159812957549425,0.6935549638671593,0.8107489922938752,0.6227399690860608,0.3121552096224738,0.008779463730772402,,0.7681045243412816
W,W250912C00073000,Call,2025-09-12,73.0,0.9844908143905169,3.8,3.95,2,150,73.99,74.05,73.75,0.5522505712890625,2025-09-12,0.04106776180698152,74.15000620924349,-0.01563071117450105,0.5380514803004137,0.563602741881968,0.5508295561076595,0.025551261581554296,0.5776323190375787,0.7171283837704837,0.5508295561076595,0.012460501021838242,0.007501068227246223,0.0,0.7681045243412816
W,W270115P00065000,Put,2027-01-15,65.0,0.8277640096835881,13.95,14.4,2,62,73.99,74.05,73.75,0.5698895550537109,2027-01-15,1.3826146475017111,78.52479600417296,-0.18902717768008206,0.6362662993331886,0.6520541113576821,0.6441562810195544,0.01578781202449353,-0.26491069503997033,0.8386310203965743,0.6441562810195536,0.5736984086525825,0.0,0.017217942392348536,0.7681045243412816
W,W270115C00040000,Call,2027-01-15,40.0,0.5093932367283619,40.35,42.15,1,317,73.99,74.05,73.75,0.799806689453125,2027-01-15,1.3826146475017111,78.52479600417296,-0.6745349934617829,0.6519446839284488,0.7622096471533805,0.7081254620275167,0.11026496322493162,0.8899820791331338,0.9219128902212855,0.6933784313504718,0.6647246893260252,0.04736089411049179,,0.7681045243412816
W,W260320C00060000,Call,2026-03-20,60.0,0.7914754717655917,21.4,22.2,3,129,73.99,74.05,73.75,0.7015410705566407,2026-03-20,0.5585215605749486,75.80778197226303,-0.2338563896983105,0.6232908295265198,0.6704604615083943,0.6469512465196436,0.047169631981874516,0.7659048759086491,0.8422698031553222,0.638933399440066,0.22800854576232152,0.03570301107444773,,0.7681045243412816
W,W251121C00060000,Call,2025-11-21,60.0,0.8025711438483111,17.6,18.4,4,374,73.99,74.05,73.75,0.7435328381347657,2025-11-21,0.2327173169062286,74.75972748322512,-0.21993477513690965,0.6543526023547716,0.7332910714948461,0.6942761733727102,0.07893846914007452,0.7950678075577922,0.9038824162220814,0.6703642114417426,0.10458041056389404,0.0,0.0,0.7681045243412816
W,W260116C00022500,Call,2026-01-16,22.5,0.29899890249677635,55.6,56.95,1,24,73.99,74.05,73.75,2.161381549682617,2026-01-16,0.3860369609856263,75.25111233557983,-1.2073153761775306,1.9593148839086139,2.2158611581829724,2.0893526113745633,0.2565462742743585,0.9428436445351611,2.7201410031614777,-0.018185031031934584,0.00012766062932832787,0.00018572640312488898,,0.7681045243412816
W,W260116C00067500,Call,2026-01-16,67.5,0.8969967074903291,14.65,15.25,1,218,73.99,74.05,73.75,0.6604037866210939,2026-01-16,0.3860369609856263,75.25111233557983,-0.10870308750942076,0.6014586476211272,0.638064764486783,0.6197732430992603,0.036606116865655736,0.682545137754193,0.8068865935020645,0.6136818376824474,0.14538360329660263,0.010083855628846868,0.012781701982144685,0.7681045243412816
W,W271217C00055000,Call,2027-12-17,55.0,0.6734177926337933,36.7,37.9,1,75,73.99,74.05,73.75,0.729494892578125,2027-12-17,2.302532511978097,81.67292370593655,-0.395389350516615,0.6337951128444111,0.6737569747384639,0.6537494719648145,0.03996186189405271,0.8144937886681018,0.8511204546353417,0.6537494719648145,0.9840756219884578,0.005691010290271766,0.018423770488966828,0.7681045243412816
W,W260618C00045000,Call,2026-06-18,45.0,0.5873893363656678,33.75,34.7,6,41,73.99,74.05,73.75,0.7747825256347658,2026-06-18,0.8049281314168378,76.61017525177904,-0.5320674143393861,0.6534587745792234,0.724596351896328,0.6896207452439623,0.07113757731710457,0.8788616947486121,0.8978214857351268,0.6896207452439623,0.3828051226492166,0.011204889823058199,,0.7681045243412816
W,W250919P00079000,Put,2025-09-19,79.0,1.0645357425598163,7.0,7.15,11,17,73.99,74.05,73.75,0.500005,2025-09-19,0.06023271731690623,74.21075389167686,0.06253878164051727,0.5600255956497027,0.5822404732330279,0.5711540114943866,0.022214877583325188,-0.6465644910562423,0.743588917125833,0.5748857904453949,0.019906531923976956,0.0251135602000009,0.011816554391614028,0.7681045243412816
W,W250919C00060000,Call,2025-09-19,60.0,0.8085081589061895,14.35,15.0,16,424,73.99,74.05,73.75,0.7504907763671875,2025-09-19,0.06023271731690623,74.21075389167686,-0.21256450860440362,0.5243758648090595,0.7719233150616431,0.6685451447260387,0.24754745025258362,0.9158300028904498,0.8703830319179229,0.6683793463755742,0.026907819067903283,0.012876646463590899,0.02108507770871548,0.7681045243412816
W,W250919P00083000,Put,2025-09-19,83.0,1.1184362864868955,10.05,10.3,2,28,73.99,74.05,73.75,0.51562984375,2025-09-19,0.06023271731690623,74.21075389167686,0.11193153697009361,0.5644314727577715,0.6086918177538583,0.5868120478059574,0.044260344996086776,-0.7596568519566034,0.7639742108135624,0.5839324381151568,0.020537976811029302,,0.0194262375959711,0.7681045243412816
W,W251219C00067500,Call,2025-12-19,67.5,0.8999397939604167,13.75,14.3,23,216,73.99,74.05,73.75,0.6751741467285157,2025-12-19,0.30937713894592744,75.00501750561432,-0.10542741349497374,0.6185711135476764,0.6560511624595715,0.637326873692199,0.03748004891189516,0.6824818539439594,0.8297397730325359,0.6333210801381268,0.12408980624735816,0.0,0.0,0.7681045243412816
W,W251219P00090000,Put,2025-12-19,90.0,1.1999197252805556,20.1,20.5,4,14,73.99,74.05,73.75,0.5593305786132813,2025-12-19,0.30937713894592744,75.00501750561432,0.1822546589568072,0.6234793503322713,0.6492648606770958,0.6364026518714712,0.025785510344824458,-0.6322758110409141,0.8285365229650787,0.6357485790939037,0.12504289365544333,0.0,0.0,0.7681045243412816
W,W250919C00062500,Call,2025-09-19,62.5,0.8421959988606141,12.05,12.55,10,268,73.99,74.05,73.75,0.6723665576171877,2025-09-19,0.06023271731690623,74.21075389167686,-0.17174251408414845,0.5244454948089646,0.6743378581688328,0.605720402879378,0.14989236335986822,0.8905792872104805,0.788591114469528,0.6335572255427859,0.024177096993359057,0.013765140262629238,0.02158192643456172,0.7681045243412816
W,W260220C00080000,Call,2026-02-20,80.0,1.0587631177648513,10.4,10.7,1,50,73.99,74.05,73.75,0.6331823791503908,2026-02-20,0.48186173853524983,75.55986665731947,0.057101356767917756,0.5945773468618388,0.6092509064910805,0.6019130103803085,0.014673559629241661,0.5287983593996903,0.7836342467797632,0.6019130103803085,0.1745781571073375,0.018458296411212015,,0.7681045243412816
W,W271217C00052500,Call,2027-12-17,52.5,0.6428078929686208,41.4,42.4,1,27,73.99,74.05,73.75,0.8489394989013672,2027-12-17,2.302532511978097,81.67292370593655,-0.44190936615150794,0.7599832282712766,0.7955202866665292,0.7777095611195335,0.03553705839525256,0.8326069759331798,1.0125048564015282,0.7777095611195335,1.3926457160441235,0.0,,0.7681045243412816
W,W260116P00055000,Put,2026-01-16,55.0,0.7308862061032311,3.1,3.25,205,778,73.99,74.05,73.75,0.6201209863281252,2026-01-16,0.3860369609856263,75.25111233557983,-0.31349750015543404,0.6442835219631763,0.6574654448363577,0.6508931747476843,0.013181922873181429,-0.16418577971494885,0.8474018237373142,0.6510945231876429,0.16365036280798664,0.050845884978778955,0.03623026275572863,0.7681045243412816
W,W250919P00082000,Put,2025-09-19,82.0,1.1049611505051258,9.25,9.5,6,42,73.99,74.05,73.75,0.5190477783203125,2025-09-19,0.06023271731690623,74.21075389167686,0.09981017643774888,0.5636855154543589,0.6056030131645821,0.5848242500165899,0.04191749771022324,-0.7335656293156181,0.7613862846571943,0.5829887551891998,0.020471648325517205,0.03902905633855207,0.01874622320110237,0.7681045243412816
W,W260116C00090000,Call,2026-01-16,90.0,1.1959956099871054,5.75,6.0,4,461,73.99,74.05,73.75,0.6088906298828126,2026-01-16,0.3860369609856263,75.25111233557983,0.1789789849423601,0.5798606086614343,0.5941503259521639,0.58701449402708,0.014289717290729587,0.37890264197917045,0.7642377767928101,0.5892389344141871,0.13403300637363147,0.017119364863824104,0.017897403141451006,0.7681045243412816
W,W251121P00057500,Put,2025-11-21,57.5,0.7691306795212981,2.56,2.67,2,477,73.99,74.05,73.75,0.6586948193359375,2025-11-21,0.2327173169062286,74.75972748322512,-0.2624943895557056,0.6823797523540964,0.6945796126595079,0.6884958173697194,0.012199860305411425,-0.169437509379589,0.8963569352233229,0.6897158324900932,0.11070547300462064,0.0,0.0,0.7681045243412816
W,W260116C00057500,Call,2026-01-16,57.5,0.7641083063806507,20.95,21.6,1,90,73.99,74.05,73.75,0.7014190014648438,2026-01-16,0.3860369609856263,75.25111233557983,-0.2690457375846001,0.6164053092313877,0.6683132170767303,0.6425769063459352,0.051907907845342605,0.8088070740288322,0.8365748228042302,0.6408512499590675,0.15854164480478572,0.0,0.03347386344449192,0.7681045243412816
W,W250919P00072000,Put,2025-09-19,72.0,0.9702097906874275,3.05,3.15,3,117,73.99,74.05,73.75,0.52539537109375,2025-09-19,0.06023271731690623,74.21075389167686,-0.03024295181044892,0.568841520026346,0.5832101726013819,0.5760276731422463,0.014368652575035834,-0.38797075241693246,0.7499339671722955,0.5767830566107304,0.020038141756744076,0.006740145525644845,0.006476252846345281,0.7681045243412816
W,W260320C00080000,Call,2026-03-20,80.0,1.055300629020789,11.5,12.05,2,1011,73.99,74.05,73.75,0.6440465283203125,2026-03-20,0.5585215605749486,75.80778197226303,0.05382568275347038,0.5980385924340135,0.6231125704607018,0.6105706731599917,0.025073978026688315,0.5438719089871523,0.7949057111512404,0.6099212499881584,0.20777221618664476,0.0,0.008951448226662474,0.7681045243412816
W,W251017C00075000,Call,2025-10-17,75.0,1.0073301033371942,5.9,6.1,16,141,73.99,74.05,73.75,0.5910685424804689,2025-10-17,0.13689253935660506,74.45424270706468,0.007303368695359102,0.5634538638435667,0.5818061499432895,0.57262926922346,0.018352286099722837,0.5284849900747579,0.7455095642283072,0.57262926922346,0.04488764955118328,0.0010522514669027816,0.001028584225237604,0.7681045243412816
W,W250912P00072000,Put,2025-09-12,72.0,0.9710046388509207,2.38,2.5,51,1531,73.99,74.05,73.75,0.516606396484375,2025-09-12,0.04106776180698152,74.15000620924349,-0.02942403330683694,0.5673908886840283,0.5884294910875031,0.5779159067040729,0.02103860240347477,-0.3783577251703908,0.7523922700490373,0.5779159067040729,0.0137160901528374,0.008107935371340533,0.009453874154907086,0.7681045243412816
W,W260116C00052500,Call,2026-01-16,52.5,0.6976641058258115,24.2,25.05,39,174,73.99,74.05,73.75,0.7000762414550781,2026-01-16,0.3860369609856263,75.25111233557983,-0.36001751579032687,0.5778622923340583,0.6652662184721139,0.6228438194671558,0.08740392613805559,0.8694526024201465,0.8108841957431512,0.6474661104461991,0.1618314670742299,0.03277759383479679,0.038416192743031666,0.7681045243412816
W,W251219C00060000,Call,2025-12-19,60.0,0.7999464835203705,18.1,18.85,8,479,73.99,74.05,73.75,0.6844513977050781,2025-12-19,0.30937713894592744,75.00501750561432,-0.2232104491513571,0.5992191727686554,0.6627163580910245,0.6312668370099274,0.06349718532236903,0.7913941840290185,0.8218501740388721,0.6503738810455949,0.13086225577421762,0.0,0.13728884843167757,0.7681045243412816
W,W251219P00060000,Put,2025-12-19,60.0,0.7999464835203705,3.85,4.0,1,372,73.99,74.05,73.75,0.6206092626953126,2025-12-19,0.30937713894592744,75.00501750561432,-0.2232104491513571,0.646678331401518,0.6592169151796653,0.652958000331097,0.012538583778147316,-0.21296294087818368,0.8500900328520612,0.6541950068688599,0.1324044766389396,0.0,0.13728884843167757,0.7681045243412816
W,W251017P00065000,Put,2025-10-17,65.0,0.873019422892235,2.53,2.63,3,416,73.99,74.05,73.75,0.5725140405273439,2025-10-17,0.13689253935660506,74.45424270706468,-0.1357974749453142,0.5997340373264292,0.6115785506985402,0.6056665645784912,0.01184451337211101,-0.23636659067054577,0.7885210220547841,0.6056665645784912,0.05021656227902966,,0.012107164888024753,0.7681045243412816
W,W251121C00090000,Call,2025-11-21,90.0,1.2038567157724664,4.0,4.15,60,307,73.99,74.05,73.75,0.6447789428710937,2025-11-21,0.2327173169062286,74.75972748322512,0.1855303329712546,0.6247352447976371,0.6364284712571434,0.6305913138189777,0.011693226459506323,0.3235515104218576,0.8209707062456978,0.6327301269238979,0.09316777590405532,0.0,0.0,0.7681045243412816
W,W261218C00105000,Call,2026-12-18,105.0,1.3415445193722995,12.0,12.3,2,48,73.99,74.05,73.75,0.6237220245361328,2026-12-18,1.3059548254620124,78.26799519789985,0.2938215765962514,0.5817792496577567,0.5907170606019685,0.58624952021169,0.008937810944211755,0.45874738578598223,0.763241852682031,0.5860587149024139,0.44854953554643084,0.0,,0.7681045243412816
W,W251121C00055000,Call,2025-11-21,55.0,0.7356902151942851,21.35,22.15,3,329,73.99,74.05,73.75,0.7756370092773439,2025-11-21,0.2327173169062286,74.75972748322512,-0.3069461521265395,0.6596624209062335,0.7591503357110062,0.7107604950240966,0.0994879148047727,0.8569344711333313,0.9253434558709797,0.6832196456081395,0.10862990322331964,0.0,0.0,0.7681045243412816
W,W250919C00069000,Call,2025-09-19,69.0,0.929784382742118,6.95,7.1,5,28,73.99,74.05,73.75,0.5803264624023439,2025-09-19,0.06023271731690623,74.21075389167686,-0.07280256622924483,0.5439340143865842,0.5687368491436161,0.556374100090424,0.024802834757031933,0.7262268556575588,0.7243468596511192,0.5591707943335528,0.01883308281775102,0.009945953398459507,0.014500940644767943,0.7681045243412816
W,W250919P00073000,Put,2025-09-19,73.0,0.9836849266691973,3.5,3.6,4,84,73.99,74.05,73.75,0.5217332983398437,2025-09-19,0.06023271731690623,74.21075389167686,-0.01644962967811318,0.5674273939908275,0.5814695022747187,0.5744488191329243,0.014042108283891186,-0.4257638608145864,0.7478784474359992,0.5751453724871324,0.01992451304272134,,0.0035839800496555185,0.7681045243412816
W,W250919C00072000,Call,2025-09-19,72.0,0.9702097906874275,5.1,5.25,3,100,73.99,74.05,73.75,0.5695843823242188,2025-09-19,0.06023271731690623,74.21075389167686,-0.03024295181044892,0.5465291043485175,0.5681124476822993,0.5573253971464291,0.021583343333781757,0.6138989529925889,0.7255853591337528,0.5567814090811709,0.018672475906817556,0.006740145525644845,0.006476252846345281,0.7681045243412816
W,W250912C00074000,Call,2025-09-12,74.0,0.997976989930113,3.3,3.4,7,117,73.99,74.05,73.75,0.5463912548828126,2025-09-12,0.04106776180698152,74.15000620924349,-0.002025059118722468,0.539658312606251,0.5564143736735314,0.5480361669646766,0.016756061067280448,0.5294009523095748,0.7134916532807389,0.5480361669646766,0.012334441080136954,0.005930404573662096,,0.7681045243412816
W,W261218C00080000,Call,2026-12-18,80.0,1.0221291576169902,19.3,19.85,38,90,73.99,74.05,73.75,0.6576572320556642,2026-12-18,1.3059548254620124,78.26799519789985,0.021887861112609795,0.6009811777402696,0.6181185436451128,0.6095426142849235,0.01713736590484316,0.6243272136331268,0.7935672749846915,0.6100278815218857,0.4859902142194554,0.0022800908474744663,0.0,0.7681045243412816
W,W261218C00052500,Call,2026-12-18,52.5,0.6707722596861497,32.05,32.65,3,19,73.99,74.05,73.75,0.717776259765625,2026-12-18,1.3059548254620124,78.26799519789985,-0.3993256039636939,0.6311269242205648,0.6580387548206084,0.6446050778231839,0.02691183060004354,0.8186967257336344,0.8392153117129344,0.666585425049234,0.5802829116484831,0.02385324134052842,0.021684758244060555,0.7681045243412816
W,W251219P00085000,Put,2025-12-19,85.0,1.1332575183205247,16.4,16.8,3,49,73.99,74.05,73.75,0.5650678259277344,2025-12-19,0.30937713894592744,75.00501750561432,0.12509624511685855,0.6177929883484806,0.6425519420044038,0.6301842239706239,0.024758953655923177,-0.5720630712797038,0.8204407134706871,0.6322808467568204,0.12368250463198895,0.0,0.0,0.7681045243412816
W,W260116P00087500,Put,2026-01-16,87.5,1.1627735097096858,18.85,19.2,5,19,73.99,74.05,73.75,0.5396774548339844,2026-01-16,0.3860369609856263,75.25111233557983,0.1508081079756638,0.6026640313189714,0.6221502050774399,0.6124164905506488,0.019486173758468506,-0.5816369395729932,0.7973087921541027,0.6132216228874896,0.14516563172491193,,0.01518168313200311,0.7681045243412816
W,W251017C00082500,Call,2025-10-17,82.5,1.1080631136709136,3.25,3.35,34,143,73.99,74.05,73.75,0.5795940478515625,2025-10-17,0.13689253935660506,74.45424270706468,0.10261354849968395,0.5641311910583154,0.5739771559799941,0.5690589960286528,0.009845964921678663,0.351195253787373,0.7408614036177847,0.5690589960286528,0.044329656531298875,0.010991010369756369,0.009508050653636827,0.7681045243412816
W,W260320C00075000,Call,2026-03-20,75.0,0.9893443397069897,13.55,13.9,1,65,73.99,74.05,73.75,0.6497227410888673,2026-03-20,0.5585215605749486,75.80778197226303,-0.01071283838410075,0.6042408920888634,0.6206130896275979,0.6124241556219011,0.016372197538734423,0.5995767506761465,0.7973187713574655,0.6143102711105308,0.21077325195111934,0.0,0.0,0.7681045243412816
W,W271217C00030000,Call,2027-12-17,30.0,0.36731879598206907,50.45,51.75,1,65,73.99,74.05,73.75,0.8262956823730467,2027-12-17,2.302532511978097,81.67292370593655,-1.0015251540869305,0.6710076311630453,0.7561487649588831,0.7142942920421714,0.08514113379583776,0.9286703375405065,0.9299441279228796,0.7138947876738149,1.1734759501077465,0.16611006715583743,0.0539949728609669,0.7681045243412816
W,W251219P00052500,Put,2025-12-19,52.5,0.6999531730803241,2.08,2.17,5,1153,73.99,74.05,73.75,0.6496617065429688,2025-12-19,0.30937713894592744,75.00501750561432,-0.35674184177587975,0.6721172706125972,0.6825552976971142,0.6773535991774017,0.010438027084517021,-0.12813387740662274,0.8818508128933272,0.6778131508759819,0.14213734545529969,0.0,0.0,0.7681045243412816
W,W251017C00080000,Call,2025-10-17,80.0,1.0744854435596738,3.95,4.1,57,526,73.99,74.05,73.75,0.5793499096679688,2025-10-17,0.13689253935660506,74.45424270706468,0.07184188983293026,0.5596504135579429,0.5737733401527689,0.5667165587765796,0.014122926594826057,0.40602292330692935,0.7378117701657724,0.5667165587765796,0.04396545626167945,0.007351682851040037,0.006891950223507145,0.7681045243412816
W,W251121P00060000,Put,2025-11-21,60.0,0.8025711438483111,3.2,3.3,3,177,73.99,74.05,73.75,0.649417568359375,2025-11-21,0.2327173169062286,74.75972748322512,-0.21993477513690965,0.6758065441522285,0.6857453066077511,0.6807835709365361,0.00993876245552261,-0.20217077285263407,0.8863163142026391,0.6812460073270237,0.10800320441455427,0.0,0.0,0.7681045243412816
W,W261218C00022500,Call,2026-12-18,22.5,0.28747382557977846,57.15,58.35,1,33,73.99,74.05,73.75,1.3253207562255858,2026-12-18,1.3059548254620124,78.26799519789985,-1.2466234643508975,1.173447047447332,1.2992224758817705,1.2367841496111478,0.12577542843443856,0.9439366268725021,1.6101768840273412,0.694569666117191,0.6300278961259403,0.05492721498590377,,0.7681045243412816
W,W250919C00025000,Call,2025-09-19,25.0,0.33687839954424564,48.75,49.55,3,15,73.99,74.05,73.75,2.394535263671875,2025-09-19,0.06023271731690623,74.21075389167686,-1.0880332459583035,,2.5883327413909907,1.902579931848375,,0.9948205718777849,2.4769805040271144,1.252655752585003,0.09451395361712418,0.0,,0.7681045243412816
W,W251219C00030000,Call,2025-12-19,30.0,0.3999732417601852,43.85,45.05,2,99,73.99,74.05,73.75,1.036137631835938,2025-12-19,0.30937713894592744,75.00501750561432,-0.9163576297113024,,1.040863375139438,0.6635889406027903,,0.9961760959166353,0.8639305193155543,0.7744462442426363,0.18555419392205977,0.0349686295449109,,0.7681045243412816
W,W251017C00087500,Call,2025-10-17,87.5,1.1752184538933932,2.12,2.22,23,2616,73.99,74.05,73.75,0.579105771484375,2025-10-17,0.13689253935660506,74.45424270706468,0.16145404852261738,0.566162959995124,0.5775230558270339,0.5718591201782028,0.011360095831909889,0.25549761281616656,0.7445069024539638,0.5718591201782028,0.04476698882012159,0.01675647658260497,,0.7681045243412816
W,W250919P00072500,Put,2025-09-19,72.5,0.9769473586783124,3.25,3.4,47,2258,73.99,74.05,73.75,0.5241746801757812,2025-09-19,0.06023271731690623,74.21075389167686,-0.02332250896587518,0.5652730156918006,0.5865533911622629,0.5759153896003553,0.021280375470462354,-0.4068413355002575,0.7497877845391605,0.5757424383672816,0.019965902306410037,0.005456272014501537,0.0050102970048816935,0.7681045243412816
W,W251017P00070000,Put,2025-10-17,70.0,0.9401747631147146,4.25,4.4,42,389,73.99,74.05,73.75,0.5568891967773439,2025-10-17,0.13689253935660506,74.45424270706468,-0.061689502791592334,0.5876976310305198,0.6025131883271898,0.5951084705597826,0.014815557296670057,-0.34817052208547605,0.774775374575669,0.5951084705597826,0.048481052940726015,,0.006430384815611328,0.7681045243412816
W,W251121C00070000,Call,2025-11-21,70.0,0.9363330011563629,11.35,11.75,11,407,73.99,74.05,73.75,0.6860382958984376,2025-11-21,0.2327173169062286,74.75972748322512,-0.0657840953096514,0.6403494145846865,0.6703759298950578,0.6553658244336916,0.03002651531037126,0.6428746096843954,0.853224793846549,0.6527967171129359,0.09917098447430867,0.0,0.0,0.7681045243412816
W,W250919C00071000,Call,2025-09-19,71.0,0.9567346547056577,5.65,5.8,99,94,73.99,74.05,73.75,0.5688519677734375,2025-09-19,0.06023271731690623,74.21075389167686,-0.044229193785188844,0.5417804899066083,0.5641467751751141,0.5529751277918971,0.022366285268505814,0.6531203959796814,0.719921716730054,0.5566560947523325,0.018664071655436525,0.008100091507231165,0.009455063542565811,0.7681045243412816
W,W260116C00055000,Call,2026-01-16,55.0,0.7308862061032311,22.75,23.6,2,586,73.99,74.05,73.75,0.7226590234375,2026-01-16,0.3860369609856263,75.25111233557983,-0.31349750015543404,0.6201691918248767,0.6945167732652062,0.6579195142552712,0.07434758144032949,0.8343013466592806,0.8565494583168821,0.6437693075342873,0.15998874170175986,0.050845884978778955,0.03623026275572863,0.7681045243412816
W,W260618C00060000,Call,2026-06-18,60.0,0.7831857818208905,23.9,24.5,1,74,73.99,74.05,73.75,0.6969024450683594,2026-06-18,0.8049281314168378,76.61017525177904,-0.24438534188760502,0.6242475170266829,0.6534497548190191,0.6388652815424202,0.029202237792336216,0.7620642990622195,0.83174263566577,0.6388652815424202,0.3285304895285998,0.009533712081312672,,0.7681045243412816
W,W251219C00057500,Call,2025-12-19,57.5,0.766615380040355,20.2,20.85,1,248,73.99,74.05,73.75,0.7196072961425781,2025-12-19,0.30937713894592744,75.00501750561432,-0.26577006357015304,0.6314321352560728,0.6911407750614882,0.661615919827716,0.05970863980541541,0.8175845981313099,0.8613618314448945,0.6562954775056995,0.1332560826249721,0.0,0.0,0.7681045243412816
W,W250919C00075000,Call,2025-09-19,75.0,1.0106351986327369,3.55,3.7,32,1363,73.99,74.05,73.75,0.5551802294921876,2025-09-19,0.06023271731690623,74.21075389167686,0.010579042709806086,0.5399504303503908,0.560649070340377,0.5502999038913854,0.020698639989986223,0.4956906342846237,0.7164388262955707,0.550636323055394,0.018262581590404416,0.002675937774321977,0.0022729074811681195,0.7681045243412816
W,W260220C00057500,Call,2026-02-20,57.5,0.7609859908934868,22.15,22.6,3,33,73.99,74.05,73.75,0.7006865869140625,2026-02-20,0.48186173853524983,75.55986665731947,-0.27314033010265915,0.6259441833346803,0.6570835038913712,0.6415755891796953,0.031139320556690886,0.7984181262012255,0.8352712018327242,0.6415755891796953,0.19834356097769765,0.0,0.0,0.7681045243412816
W,W251219C00095000,Call,2025-12-19,95.0,1.2665819322405865,3.9,4.05,1,760,73.99,74.05,73.75,0.6226844372558593,2025-12-19,0.30937713894592744,75.00501750561432,0.23632188022708298,0.6009126945091988,0.6114354328472581,0.6061846327490092,0.010522738338059279,0.2972545841143799,0.7891954981893471,0.6080360063562356,0.11437913677726853,0.0,0.0,0.7681045243412816
W,W260320P00075000,Put,2026-03-20,75.0,0.9893443397069897,13.1,13.35,12,27,73.99,74.05,73.75,0.5692181750488281,2026-03-20,0.5585215605749486,75.80778197226303,-0.01071283838410075,0.6200856421985332,0.6317935933450477,0.6259381345713533,0.011707951146514461,-0.39866806167171753,0.8149127035908964,0.625938134571353,0.2188279366334722,0.0,0.0,0.7681045243412816
W,W251017C00072500,Call,2025-10-17,72.5,0.9737524332259544,7.1,7.3,1,134,73.99,74.05,73.75,0.596683720703125,2025-10-17,0.13689253935660506,74.45424270706468,-0.026598182980322238,0.5648753060598524,0.583677626883188,0.5742768041376787,0.01880232082333566,0.591505736302027,0.747654500056711,0.5742768041376787,0.04514631728550113,0.00260339603000858,0.0028365524616755723,0.7681045243412816
W,W251219P00072500,Put,2025-12-19,72.5,0.9666020009204476,8.9,9.1,10,51,73.99,74.05,73.75,0.5897257824707032,2025-12-19,0.30937713894592744,75.00501750561432,-0.033968449512828756,0.6278482101076596,0.6404860117818044,0.6341664236917912,0.012637801674144855,-0.39255441967404303,0.8256251637570364,0.6333724652854993,0.12410994336850624,0.0,0.0,0.7681045243412816
W,W261218C00027500,Call,2026-12-18,27.5,0.35135689793084035,53.0,54.05,2,32,73.99,74.05,73.75,1.1806681591796877,2026-12-18,1.3059548254620124,78.26799519789985,-1.0459527688887462,1.0492456919762796,1.1398529342933517,1.0948389767627933,0.09060724231707207,0.928069870938489,1.4253775912877427,0.6887915535054734,0.6195891159318018,0.042213668490751304,,0.7681045243412816
W,W251219P00057500,Put,2025-12-19,57.5,0.766615380040355,3.2,3.3,2,252,73.99,74.05,73.75,0.63086306640625,2025-12-19,0.30937713894592744,75.00501750561432,-0.26577006357015304,0.6570302830241714,0.6662098150635456,0.6616278135477431,0.00917953203937416,-0.18241796183246828,0.8613773159520811,0.6615679909919999,0.13540577510660254,0.0,0.0,0.7681045243412816
W,W251017P00085000,Put,2025-10-17,85.0,1.1416407837821534,13.3,13.5,7,14,73.99,74.05,73.75,0.5224657128906249,2025-10-17,0.13689253935660506,74.45424270706468,0.1324665116493651,0.5843054499811228,0.6049680489854482,0.5946682059178637,0.020662599004325433,-0.6886586229502851,0.7742021913330676,0.5946682059178637,0.048409346355861846,0.013926823572200365,0.01333817566697829,0.7681045243412816
W,W260320C00030000,Call,2026-03-20,30.0,0.39573773588279587,44.7,45.75,114,67,73.99,74.05,73.75,0.9301764794921876,2026-03-20,0.5585215605749486,75.80778197226303,-0.9270035702582557,,0.8726117987793908,0.7438237017568249,,0.9741452264858127,0.9683886478792978,0.7374562311759872,0.30374731102439256,0.015098664481194943,,0.7681045243412816
W,W271217C00060000,Call,2027-12-17,60.0,0.7346375919641381,34.45,35.6,1,402,73.99,74.05,73.75,0.7171048797607422,2027-12-17,2.302532511978097,81.67292370593655,-0.30837797352698526,0.6278672580066137,0.6633440304997127,0.6455713456580745,0.035476772493098996,0.7894745062055585,0.8404733017445897,0.6455713456580745,0.9596088890446202,0.0049928582118144195,0.03349511349225485,0.7681045243412816
W,W260220C00055000,Call,2026-02-20,55.0,0.7278996434633352,27.25,27.7,1,19,73.99,74.05,73.75,0.9388433850097656,2026-02-20,0.48186173853524983,75.55986665731947,-0.317592092673493,0.8723317224712378,0.9031470717159764,0.8877622268259551,0.03081534924473861,0.7948844374787131,1.1557830981236448,0.6549120034831538,0.20667518928381123,0.0,,0.7681045243412816
W,W261218C00085000,Call,2026-12-18,85.0,1.086012229968052,17.55,18.0,1,104,73.99,74.05,73.75,0.6486241192626954,2026-12-18,1.3059548254620124,78.26799519789985,0.08251248292904448,0.5962799046214047,0.609956375873263,0.6031140920109251,0.013676471251858335,0.5889704664792041,0.7851979423349309,0.6044227637606358,0.4771003983488723,0.0,,0.7681045243412816
W,W261218C00025000,Call,2026-12-18,25.0,0.3194153617553094,51.15,52.1,2,30,73.99,74.05,73.75,0.8786633227539062,2026-12-18,1.3059548254620124,78.26799519789985,-1.1412629486930712,0.6456499582293521,0.7890950296897199,0.7236608117159511,0.14344507146036778,0.9635549131445318,0.9421384574404831,0.6915359151108594,0.6245362265316303,0.046919878349591944,,0.7681045243412816
W,W260320C00042500,Call,2026-03-20,42.5,0.5606284591672941,34.1,34.95,1,101,73.99,74.05,73.75,0.8083515258789062,2026-03-20,0.5585215605749486,75.80778197226303,-0.5786968759900402,0.6588230883395023,0.7559808853208059,0.7092834538662346,0.09715779698130356,0.912571130985181,0.923420486911607,0.6904766986505292,0.2662796620434882,0.022537154283464818,0.0,0.7681045243412816
W,W251219C00085000,Call,2025-12-19,85.0,1.1332575183205247,6.3,6.5,2,356,73.99,74.05,73.75,0.6306189282226562,2025-12-19,0.30937713894592744,75.00501750561432,0.12509624511685855,0.6031208210561693,0.6155426269648566,0.6093351278183968,0.012421805908687356,0.4208815801843556,0.7932971470789815,0.6113022535286265,0.11561128077787002,0.0,0.0,0.7681045243412816
W,W251121P00070000,Put,2025-11-21,70.0,0.9363330011563629,6.8,7.0,10,235,73.99,74.05,73.75,0.6201209863281252,2025-11-21,0.2327173169062286,74.75972748322512,-0.0657840953096514,0.6525606183439991,0.6675718093560179,0.6600669537470554,0.015011191012018754,-0.357255240620324,0.8593452229865745,0.6599260129715128,0.10134893667542934,0.0,0.0,0.7681045243412816
W,W251219C00090000,Call,2025-12-19,90.0,1.1999197252805556,4.95,5.15,8,1769,73.99,74.05,73.75,0.6257361645507813,2025-12-19,0.30937713894592744,75.00501750561432,0.1822546589568072,0.600573549173573,0.613617369490356,0.607104666738322,0.013043820316782972,0.3553626627548979,0.7903932960933521,0.6088754895175482,0.11469518925689648,0.0,0.0,0.7681045243412816
W,W260320P00070000,Put,2026-03-20,70.0,0.9233880503931904,10.45,10.7,1,86,73.99,74.05,73.75,0.5784954260253907,2026-03-20,0.5585215605749486,75.80778197226303,-0.07970570987105215,0.6226891101979364,0.634983463869441,0.628835492413593,0.012294353671504665,-0.3428929593744132,0.8186847915690586,0.6288354924135932,0.2208584575219313,0.0,0.0,0.7681045243412816
W,W251219P00070000,Put,2025-12-19,70.0,0.9332708974404321,7.65,7.85,1,130,73.99,74.05,73.75,0.5936319934082033,2025-12-19,0.30937713894592744,75.00501750561432,-0.06905976932409887,0.6285353257432045,0.6415849390243792,0.635060368176802,0.01304961328117471,-0.35490015693555643,0.8267889955750789,0.6361790676424712,0.12521229319651792,0.0,0.0,0.7681045243412816
W,W260320C00090000,Call,2026-03-20,90.0,1.1872132076483877,8.2,8.55,2,2686,73.99,74.05,73.75,0.6243323699951173,2026-03-20,0.5585215605749486,75.80778197226303,0.17160871840985395,0.5885092751942161,0.6045785067075634,0.5965492207049321,0.01606923151334727,0.4356494317184517,0.7766510960425945,0.5980879359147347,0.1997882889355142,0.0,,0.7681045243412816
W,W260320P00080000,Put,2026-03-20,80.0,1.055300629020789,15.9,16.25,2,61,73.99,74.05,73.75,0.5559126440429689,2026-03-20,0.5585215605749486,75.80778197226303,0.05382568275347038,0.6120135052459761,0.6279791795705064,0.6199942776701032,0.015965674324530332,-0.4540214669687561,0.8071743597680325,0.6199942776701031,0.2146917248079651,0.0,0.008951448226662474,0.7681045243412816
W,W260320P00065000,Put,2026-03-20,65.0,0.857431761079391,8.1,8.4,1,1003,73.99,74.05,73.75,0.5888712988281251,2026-03-20,0.5585215605749486,75.80778197226303,-0.1538136820247741,0.6257425228055247,0.6416582992173527,0.633702880699009,0.015915776411828064,-0.28720221763962406,0.8250216742864078,0.6337028806990087,0.2242907202334546,0.07561782604572113,0.0719835854942772,0.7681045243412816
W,W270115C00047500,Call,2027-01-15,47.5,0.6049044686149297,39.1,39.9,1,47,73.99,74.05,73.75,0.9008188629150392,2027-01-15,1.3826146475017111,78.52479600417296,-0.5026847365351237,0.8128767090737672,0.8509802918570784,0.8319339489930673,0.03810358278331116,0.8420663879476452,1.083099920165846,0.6949958297492708,0.6678294256024178,0.0,,0.7681045243412816
W,W251219P00082500,Put,2025-12-19,82.5,1.0999264148405092,14.75,15.05,5,46,73.99,74.05,73.75,0.5699505895996093,2025-12-19,0.30937713894592744,75.00501750561432,0.09524328196717739,0.6208178066397064,0.6391683121399065,0.6299959454241745,0.01835050550020012,-0.5384758802072297,0.8201955924741524,0.6309317403321134,0.1231552615696415,,0.0,0.7681045243412816
W,W251219C00065000,Call,2025-12-19,65.0,0.8666086904804013,15.2,15.75,2,942,73.99,74.05,73.75,0.6826203613281252,2025-12-19,0.30937713894592744,75.00501750561432,-0.14316774147782066,0.6208640441393727,0.6604850722356597,0.6407143137767777,0.03962102809628698,0.7190157939615244,0.8341499020934,0.63852676420883,0.12613814218492228,0.0,0.0,0.7681045243412816
W,W250919P00067500,Put,2025-09-19,67.5,0.9095716787694633,1.55,1.6,249,460,73.99,74.05,73.75,0.5454147021484376,2025-09-19,0.06023271731690623,74.21075389167686,-0.09478147294802007,0.5856935701807855,0.5946781984550952,0.5901931157143319,0.00898462827430968,-0.2336809404049034,0.7683760438990712,0.5910167233100342,0.02103933437127132,0.010683248207222662,0.01703905365618465,0.7681045243412816
W,W251121C00062500,Call,2025-11-21,62.5,0.836011608175324,15.9,16.25,1,68,73.99,74.05,73.75,0.7133817724609376,2025-11-21,0.2327173169062286,74.75972748322512,-0.1791127806166545,0.6532823830117878,0.6850389386513742,0.6692137759300216,0.03175655563958646,0.7630756097637301,0.8712535269909162,0.6672744805780645,0.10361860302973769,0.0,0.0,0.7681045243412816
W,W251219P00062500,Put,2025-12-19,62.5,0.8332775870003859,4.65,4.8,10,514,73.99,74.05,73.75,0.6131630480957033,2025-12-19,0.30937713894592744,75.00501750561432,-0.18238845463110195,0.6416412404938997,0.6532008010865425,0.64742680301624,0.011559560592642848,-0.24618785745279115,0.8428889330803857,0.6479545523911308,0.12989047644620436,0.0,0.08959690755812377,0.7681045243412816
W,W251121P00062500,Put,2025-11-21,62.5,0.836011608175324,3.95,4.05,2,136,73.99,74.05,73.75,0.6418492846679689,2025-11-21,0.2327173169062286,74.75972748322512,-0.1791127806166545,0.6704310441583559,0.6794818633974365,0.6749606425844608,0.009050819239080687,-0.23795592886577466,0.8787354080010138,0.674864906183788,0.10598938955747708,0.0,0.0,0.7681045243412816
W,W260618P00080000,Put,2026-06-18,80.0,1.0442477090945206,18.15,18.55,18,75,73.99,74.05,73.75,0.5498091894531252,2026-06-18,0.8049281314168378,76.61017525177904,0.04329673056417582,0.6156936337511255,0.6311037035332132,0.6233952302822631,0.015410069782087699,-0.41986636963601986,0.8116020808715848,0.6233952302822631,0.31281246889191155,0.0,0.003934702823430411,0.7681045243412816
W,W251121C00085000,Call,2025-11-21,85.0,1.1369757871184407,5.3,5.45,1,261,73.99,74.05,73.75,0.6512486047363282,2025-11-21,0.2327173169062286,74.75972748322512,0.12837191913130613,0.628921563111759,0.639831911171735,0.6343803154567125,0.010910348059976038,0.3949425235282665,0.8259036307600849,0.6347383181358526,0.09376011571072995,0.0,0.0,0.7681045243412816
W,W251219P00067500,Put,2025-12-19,67.5,0.8999397939604167,6.55,6.75,5,408,73.99,74.05,73.75,0.600712000732422,2025-12-19,0.30937713894592744,75.00501750561432,-0.10542741349497374,0.6326551516934112,0.646281151086153,0.6394701925262355,0.013625999392741783,-0.31766099931928227,0.8325301729925864,0.6392460583073121,0.12642248899641945,0.0,0.0,0.7681045243412816
W,W250919P00070000,Put,2025-09-19,70.0,0.9432595187238878,2.29,2.38,4,2480,73.99,74.05,73.75,0.5349167602539062,2025-09-19,0.06023271731690623,74.21075389167686,-0.05841382877714531,0.5755150528456786,0.5894505514493473,0.582489548423196,0.013935498603668717,-0.31558151959857117,0.7583467223067497,0.5830469488754749,0.020475735471720782,0.009167236087608943,0.012456445993896609,0.7681045243412816
W,W260618C00040000,Call,2026-06-18,40.0,0.5221238545472603,41.25,42.05,4,51,73.99,74.05,73.75,1.0750778668212893,2026-06-18,0.8049281314168378,76.61017525177904,-0.6498504499957695,0.9747372413517575,1.034735611267072,1.0048783543909485,0.05999836991531449,0.8793187997432246,1.308257304242182,1.0048783543909485,0.8128007367400341,0.0,0.0,0.7681045243412816
W,W251121C00072500,Call,2025-11-21,72.5,0.9697734654833758,10.1,10.35,5,155,73.99,74.05,73.75,0.6761506994628907,2025-11-21,0.2327173169062286,74.75972748322512,-0.03069277549838129,0.639550789506082,0.6576782281484305,0.6486135682748948,0.018127438642348448,0.6004610396882544,0.8444339900629266,0.6493725583272385,0.09813333650436505,0.0,0.0,0.7681045243412816
W,W251017P00072500,Put,2025-10-17,72.5,0.9737524332259544,5.35,5.5,42,311,73.99,74.05,73.75,0.5485884985351563,2025-10-17,0.13689253935660506,74.45424270706468,-0.026598182980322238,0.583005007251736,0.5971053330384257,0.5900552935699748,0.014100325786689738,-0.40866070366334284,0.7681966124024592,0.5900552935699748,0.04766122511566723,0.00260339603000858,0.0028365524616755723,0.7681045243412816
W,W250919P00077500,Put,2025-09-19,77.5,1.0443230385871616,6.0,6.15,4,169,73.99,74.05,73.75,0.506840869140625,2025-09-19,0.06023271731690623,74.21075389167686,0.04336886553279709,0.561440359216118,0.5827361571685121,0.5720972272517328,0.021295797952394113,-0.594322555605661,0.7448168955160854,0.5716949605304594,0.019686167867790056,0.014653268981260112,0.008140089475102143,0.7681045243412816
W,W261218C00075000,Call,2026-12-18,75.0,0.9582460852659282,21.2,21.7,5,129,73.99,74.05,73.75,0.6649203430175783,2026-12-18,1.3059548254620124,78.26799519789985,-0.042650660024961436,0.605638971103882,0.6217645172690034,0.61369542738953,0.016125546165121407,0.6596379860680177,0.7989738478833056,0.6208621253022252,0.5034061174778856,0.003854587971707796,,0.7681045243412816
W,W260116C00077500,Call,2026-01-16,77.5,1.0298851086000076,9.9,10.1,2,66,73.99,74.05,73.75,0.6279334082031252,2026-01-16,0.3860369609856263,75.25111233557983,0.029447250971396496,0.5925055454826871,0.6034683145829248,0.597986220873338,0.010962769100237746,0.5424122275810157,0.778521935391755,0.5990301004932829,0.1385243686321039,0.0030001003349513374,0.003245846049576113,0.7681045243412816
W,W250919P00074000,Put,2025-09-19,74.0,0.9971600626509671,4.0,4.1,23,187,73.99,74.05,73.75,0.5195360546875,2025-09-19,0.06023271731690623,74.21075389167686,-0.002843977622334524,0.5675796104941724,0.5814347159766998,0.5745069726449036,0.013855105482527441,-0.46387773202513316,0.74795415785058,0.5740405097560467,0.019848036004111166,0.002621783281566827,0.0021916475067064816,0.7681045243412816
W,W260618C00070000,Call,2026-06-18,70.0,0.9137167454577055,18.65,19.1,150,156,73.99,74.05,73.75,0.6656527575683595,2026-06-18,0.8049281314168378,76.61017525177904,-0.09023466206034678,0.6092474555756834,0.6279600157677885,0.618600157891687,0.0187125601921051,0.670061796840548,0.8053593466620861,0.6186001578916874,0.30801875337720597,0.0074035796940132665,,0.7681045243412816
W,W271217C00045000,Call,2027-12-17,45.0,0.5509781939731035,41.7,42.8,160,269,73.99,74.05,73.75,0.7572045764160158,2027-12-17,2.302532511978097,81.67292370593655,-0.5960600459787663,0.6483424647436328,0.6930397371074576,0.6707225433417529,0.044697272363824814,0.8631406023490188,0.873217800555149,0.6707225433417532,1.035837377285377,0.012361515045664219,,0.7681045243412816
W,W250919P00075000,Put,2025-09-19,75.0,1.0106351986327369,4.5,4.65,99,1169,73.99,74.05,73.75,0.5153857055664062,2025-09-19,0.06023271731690623,74.21075389167686,0.010579042709806086,0.5624129020236684,0.5831105871189014,0.5727618124266612,0.020697685095232954,-0.5019843203684542,0.7456821230389911,0.573134772441199,0.019785451834050515,0.002675937774321977,0.0022729074811681195,0.7681045243412816
W,W250912C00072000,Call,2025-09-12,72.0,0.9710046388509207,4.35,4.5,10,1532,73.99,74.05,73.75,0.5549360913085939,2025-09-12,0.04106776180698152,74.15000620924349,-0.02942403330683694,0.5364027045726553,0.5627847623009917,0.549604297110905,0.02638205772833646,0.6254666160896732,0.7155332115537789,0.549604297110905,0.012405128681838682,0.008107935371340533,0.009453874154907086,0.7681045243412816
W,W251219C00040000,Call,2025-12-19,40.0,0.5332976556802469,34.9,35.7,26,135,73.99,74.05,73.75,0.9133309448242188,2025-12-19,0.30937713894592744,75.00501750561432,-0.6286755572595216,0.6626172655258473,0.8671058600470218,0.7791263061190099,0.20448859452117452,0.9522797223026176,1.014349325421798,0.7117816013382795,0.15674068288683493,0.03237053857572602,,0.7681045243412816
W,W260116P00057500,Put,2026-01-16,57.5,0.7641083063806507,3.8,3.9,1,298,73.99,74.05,73.75,0.6129189099121095,2026-01-16,0.3860369609856263,75.25111233557983,-0.2690457375846001,0.6414353070586739,0.649402898461239,0.645424142907472,0.007967591402565088,-0.19176231124622944,0.8402816575790657,0.6452164333018684,0.16070882589512006,0.0,0.03347386344449192,0.7681045243412816
W,W251121C00052500,Call,2025-11-21,52.5,0.7022497508672721,23.35,23.8,10,65,73.99,74.05,73.75,0.7722190747070312,2025-11-21,0.2327173169062286,74.75972748322512,-0.35346616776143236,0.6589568565098417,0.7259240739146092,0.693324311719193,0.06696721740476752,0.8895319820144,0.9026431816864776,0.6911248456501073,0.11115825309614018,0.0,0.0,0.7681045243412816
W,W260320C00065000,Call,2026-03-20,65.0,0.857431761079391,18.5,18.95,2,195,73.99,74.05,73.75,0.6772493212890626,2026-03-20,0.5585215605749486,75.80778197226303,-0.1538136820247741,0.6176226231144213,0.6415044829500152,0.6295693926694893,0.023881859835593877,0.7129980396814305,0.8196402608217955,0.6297298623547729,0.2214871422489738,0.07561782604572113,0.0719835854942772,0.7681045243412816
W,W261218C00060000,Call,2026-12-18,60.0,0.7665968682127425,28.0,28.7,1,235,73.99,74.05,73.75,0.6996489996337891,2026-12-18,1.3059548254620124,78.26799519789985,-0.2657942113391713,0.6223938640335447,0.6494537827483722,0.6359240820183408,0.02705991871482749,0.7670312801521034,0.8279134699326275,0.6482579736876196,0.5488123669115647,0.014181075495068621,,0.7681045243412816
W,W251121C00047500,Call,2025-11-21,47.5,0.6353688222132462,27.65,28.25,1,115,73.99,74.05,73.75,0.8344743115234373,2025-11-21,0.2327173169062286,74.75972748322512,-0.45354962631841494,0.6632759828655881,0.7878611096866082,0.7299538475811491,0.12458512682102008,0.9284119528885729,0.9503313995021053,0.7127069930865224,0.11820905387960778,0.07874124956478437,0.0,0.7681045243412816
W,W251121C00077500,Call,2025-11-21,77.5,1.0366543941374018,7.9,8.1,203,271,73.99,74.05,73.75,0.6656527575683595,2025-11-21,0.2327173169062286,74.75972748322512,0.03599859900029096,0.6362711293728438,0.6503215762021212,0.643295945457296,0.014050446829277363,0.5156205204225514,0.8375109442415793,0.6420726748365865,0.09593941733224848,0.0,0.0,0.7681045243412816
W,W250919P00080000,Put,2025-09-19,80.0,1.078010878541586,7.75,7.95,1,302,73.99,74.05,73.75,0.5048877636718749,2025-09-19,0.06023271731690623,74.21075389167686,0.0751175638473773,0.5656447674063744,0.596261442244328,0.5810080928467454,0.030616674837953606,-0.6756252932270779,0.7564180061886914,0.5771925580082439,0.020066605006001915,0.030350368082384206,0.014111718244696581,0.7681045243412816
W,W260116C00085000,Call,2026-01-16,85.0,1.1295514094322663,7.2,7.4,26,468,73.99,74.05,73.75,0.615360291748047,2026-01-16,0.3860369609856263,75.25111233557983,0.12182057110241154,0.5852357888377037,0.5962572542119889,0.5907484874487752,0.011021465374285278,0.4410231635647534,0.7690990857727272,0.5917823771166753,0.13519260737326944,0.011884561704691633,0.01227657506450387,0.7681045243412816
W,W251219P00105000,Put,2025-12-19,105.0,1.3999063461606482,32.4,32.8,14,15,73.99,74.05,73.75,0.5148974291992188,2025-12-19,0.30937713894592744,75.00501750561432,0.33640533878406553,0.6355885479848087,0.6677812579599456,0.6518496186201043,0.0321927099751369,-0.7723328123899507,0.8486470238918637,0.6518382232245399,0.13145220212453754,0.0,0.0,0.7681045243412816
W,W250919C00067500,Call,2025-09-19,67.5,0.9095716787694633,8.05,8.2,3,65,73.99,74.05,73.75,0.59570716796875,2025-09-19,0.06023271731690623,74.21075389167686,-0.09478147294802007,0.5503250151446015,0.5778277843463725,0.5641541966039516,0.02750276920177097,0.7745108414873869,0.7344758151083205,0.5632017962593633,0.019105592861916532,0.010683248207222662,0.01703905365618465,0.7681045243412816
W,W260618P00085000,Put,2026-06-18,85.0,1.109513190912928,21.25,21.7,0,123,73.99,74.05,73.75,0.5390671093750001,2026-06-18,0.8049281314168378,76.61017525177904,0.10392135238061065,0.6125220908954591,0.62957972212619,0.6210483986483316,0.017057631230730896,-0.46331485112618953,0.8085467263468291,0.6210483986483316,0.31046167654569523,0.0045805332772856575,0.010100870961520873,0.7681045243412816
W,W251219P00080000,Put,2025-12-19,80.0,1.0665953113604938,13.15,13.5,12,437,73.99,74.05,73.75,0.5772747351074219,2025-12-19,0.30937713894592744,75.00501750561432,0.06447162330042369,0.6220769257630956,0.6433866986189036,0.6327320457812661,0.02130977285580804,-0.5028815847070619,0.8237577383415238,0.6312646618353427,0.12328526565606056,0.0,0.0,0.7681045243412816
W,W251121C00080000,Call,2025-11-21,80.0,1.0700948584644148,6.9,7.05,3,147,73.99,74.05,73.75,0.6564975756835938,2025-11-21,0.2327173169062286,74.75972748322512,0.06774729731487128,0.6309591912196513,0.641512803725838,0.6362365483346333,0.010553612506186694,0.47318494911982945,0.8283202717498156,0.6394277760058811,0.09515063617211585,0.0,0.0,0.7681045243412816
W,W260116P00070000,Put,2026-01-16,70.0,0.9302188077677487,8.4,8.65,1,954,73.99,74.05,73.75,0.5767864587402343,2026-01-16,0.3860369609856263,75.25111233557983,-0.07233544333854595,0.6131035604702783,0.6277518992270653,0.6204276463084344,0.01464833875678706,-0.3518278352291595,0.8077385650611896,0.6206052283296613,0.14868246343503258,0.0069931035548969735,0.008244834265847661,0.7681045243412816
W,W251121C00057500,Call,2025-11-21,57.5,0.7691306795212981,19.35,19.75,2,120,73.99,74.05,73.75,0.7303493762207032,2025-11-21,0.2327173169062286,74.75972748322512,-0.2624943895557056,0.6485123338976921,0.6935920799707369,0.6712913122439875,0.04507974607304477,0.8345980201515446,0.8739582842838739,0.6782905489282467,0.10706813373047909,0.0,0.0,0.7681045243412816
W,W270115C00085000,Call,2027-01-15,85.0,1.082460628047769,18.05,18.65,6,2188,73.99,74.05,73.75,0.6472813592529296,2027-01-15,1.3826146475017111,78.52479600417296,0.07923680891459732,0.5917866285245568,0.6095756842128938,0.600673772410594,0.017789055688336997,0.5952085968139655,0.7820208752522654,0.6048130724931797,0.5057588517251563,0.006559139440383591,0.0026156687924884245,0.7681045243412816
W,W251121C00075000,Call,2025-11-21,75.0,1.0032139298103888,8.9,9.2,17,2490,73.99,74.05,73.75,0.6699251757812501,2025-11-21,0.2327173169062286,74.75972748322512,0.0032087761773000735,0.6345330624573784,0.6558160809520336,0.645172455728362,0.021283018494655193,0.5577662873867636,0.8399539844940441,0.6456039636497243,0.09699761976678968,0.0,0.0,0.7681045243412816
W,W251219P00065000,Put,2025-12-19,65.0,0.8666086904804013,5.55,5.7,2,577,73.99,74.05,73.75,0.6060830407714846,2025-12-19,0.30937713894592744,75.00501750561432,-0.14316774147782066,0.6370122576989692,0.647813415659807,0.6424157565852814,0.010801157960837804,-0.2811834570048577,0.8363650209406205,0.6431155031172101,0.12795762680223507,0.0,0.0,0.7681045243412816
W,W251219C00080000,Call,2025-12-19,80.0,1.0665953113604938,7.95,8.2,3,1642,73.99,74.05,73.75,0.6378210046386719,2025-12-19,0.30937713894592744,75.00501750561432,0.06447162330042369,0.6055982715833852,0.6208216998684611,0.6132102999669499,0.015223428285075946,0.49262627613536636,0.7983422575108936,0.6152032560342492,0.11709152696665583,0.0,0.0,0.7681045243412816
W,W251121P00067500,Put,2025-11-21,67.5,0.9028925368293499,5.75,5.9,4,482,73.99,74.05,73.75,0.6274451318359376,2025-11-21,0.2327173169062286,74.75972748322512,-0.10215173948052628,0.6588878632301978,0.6706969546740654,0.6647943953393857,0.011809091443867659,-0.3160132772452824,0.8654999082442671,0.6645992244976345,0.1027894072066882,0.0,0.0,0.7681045243412816
W,W251017P00080000,Put,2025-10-17,80.0,1.0744854435596738,9.6,9.8,10,144,73.99,74.05,73.75,0.5256395092773438,2025-10-17,0.13689253935660506,74.45424270706468,0.07184188983293026,0.5725120182803587,0.591291428980981,0.5819092830612198,0.01877941070062228,-0.5894115617591247,0.7575912712664453,0.5819092830612198,0.04635433452605378,0.007351682851040037,0.006891950223507145,0.7681045243412816
W,W270115C00037500,Call,2027-01-15,37.5,0.47755615943283924,42.1,42.75,19,41,73.99,74.05,73.75,0.7830832238769532,2027-01-15,1.3826146475017111,78.52479600417296,-0.7390735145993541,0.6582886021412401,0.7032523337932686,0.6810275843301271,0.044963731652028494,0.9071370945588941,0.8866339967391407,0.7003761588798276,0.6782094887974458,0.052336907757102834,0.027957117297516983,0.7681045243412816
W,W251219C00072500,Call,2025-12-19,72.5,0.9666020009204476,11.15,11.45,17,694,73.99,74.05,73.75,0.6547886083984377,2025-12-19,0.30937713894592744,75.00501750561432,-0.033968449512828756,0.6138189263781538,0.632768724604403,0.6232923531003869,0.018949798226249204,0.6069288366213618,0.8114681444363524,0.6251240863075909,0.12089843649789113,0.0,0.0,0.7681045243412816
W,W260116C00037500,Call,2026-01-16,37.5,0.49833150416129396,37.15,37.85,1,101,73.99,74.05,73.75,0.8369156933593749,2026-01-16,0.3860369609856263,75.25111233557983,-0.6964897524115398,0.42168328416515305,0.7519740431349272,0.6529978879200264,0.33029075896977417,0.9725417704827934,0.8501419627491852,0.6529978879200264,0.16460856966338172,0.01966343177151694,,0.7681045243412816
W,W260116P00082500,Put,2026-01-16,82.5,1.0963293091548467,15.45,15.7,1,53,73.99,74.05,73.75,0.5483443603515626,2026-01-16,0.3860369609856263,75.25111233557983,0.09196760795273042,0.6038028176310519,0.6174477585658099,0.6106261564654355,0.013644940934757988,-0.5210185953842321,0.7949779452075251,0.6116495178616221,0.1444222688863793,0.009069017303517848,0.00924076625693221,0.7681045243412816
W,W260116C00095000,Call,2026-01-16,95.0,1.2624398105419448,4.7,4.85,2,2815,73.99,74.05,73.75,0.6079140771484376,2026-01-16,0.3860369609856263,75.25111233557983,0.233046206212636,0.5836087879871252,0.5926761990892914,0.5881490174458806,0.009067411102166134,0.32454708377541985,0.7657148198030352,0.5881019430195683,0.13351624708845505,0.022245462098346228,,0.7681045243412816
W,W250919P00082500,Put,2025-09-19,82.5,1.1116987184960108,9.65,9.85,26,183,73.99,74.05,73.75,0.5090381127929688,2025-09-19,0.06023271731690623,74.21075389167686,0.10588922251413113,0.564587640709063,0.5991377407317084,0.5820024503075812,0.03455010002264547,-0.7485424126531245,0.7577125662769666,0.5844012102826451,0.020570965203986442,0.041648931590299344,0.019720625053462483,0.7681045243412816
W,W260320C00050000,Call,2026-03-20,50.0,0.6595628931379931,28.15,28.95,7,1248,73.99,74.05,73.75,0.7452418054199219,2026-03-20,0.5585215605749486,75.80778197226303,-0.41617794649226514,0.6361323198132579,0.7013141171783208,0.6692249541579915,0.06518179736506291,0.8604164370288793,0.8712680799945969,0.6691304409888276,0.2500699564676582,0.029012984894072044,0.0,0.7681045243412816
W,W271217C00025000,Call,2027-12-17,25.0,0.3060989966517242,53.95,54.8,2,55,73.99,74.05,73.75,0.857301231689453,2027-12-17,2.302532511978097,81.67292370593655,-1.1838467108808852,0.6950586194808855,0.7658611577441804,0.7311755399945826,0.07080253826329486,0.9475728910443503,0.951921928362069,0.7313546069077738,1.231577579299202,0.0,0.0,0.7681045243412816
W,W260320C00057500,Call,2026-03-20,57.5,0.7584973271086921,23.0,23.5,141,282,73.99,74.05,73.75,0.7034941760253908,2026-03-20,0.5585215605749486,75.80778197226303,-0.2764160041171064,0.6282760215241767,0.6598583809181559,0.6441198581085401,0.03158235939397913,0.7924371888104216,0.8385836011849176,0.6437938899439497,0.23149075109308453,0.030449416335270055,,0.7681045243412816
W,W251121P00072500,Put,2025-11-21,72.5,0.9697734654833758,8.0,8.15,3,131,73.99,74.05,73.75,0.6121864953613283,2025-11-21,0.2327173169062286,74.75972748322512,-0.03069277549838129,0.6495103827315571,0.6603884392517806,0.6549490605074915,0.010878056520223445,-0.3993152474677607,0.8526822063301461,0.6565064529928761,0.10030133179961516,0.0,0.0,0.7681045243412816
W,W251017P00075000,Put,2025-10-17,75.0,1.0073301033371942,6.6,6.75,50,370,73.99,74.05,73.75,0.5393112475585939,2025-10-17,0.13689253935660506,74.45424270706468,0.007303368695359102,0.5778989792825407,0.5916661667523523,0.5847821450371672,0.013767187469811537,-0.4703354472479607,0.7613314679257621,0.5847821450371672,0.04681316319702538,0.0010522514669027816,0.001028584225237604,0.7681045243412816
W,W251219C00075000,Call,2025-12-19,75.0,0.999933104400463,10.05,10.3,15,653,73.99,74.05,73.75,0.6513706738281251,2025-12-19,0.30937713894592744,75.00501750561432,-6.6897837147397e-05,0.6147262544425648,0.630177333301413,0.6224503571903902,0.015451078858848222,0.5687929351537878,0.8103719447873284,0.621263757267672,0.11940987854527302,0.0,0.0,0.7681045243412816
W,W251219C00045000,Call,2025-12-19,45.0,0.5999598626402778,30.35,31.1,10,657,73.99,74.05,73.75,0.8325212060546874,2025-12-19,0.30937713894592744,75.00501750561432,-0.5108925216031381,0.6519727472225865,0.7881455628525962,0.7251396473438562,0.1361728156300097,0.9289938247314515,0.9440637626314313,0.6930573766186189,0.14860266552569332,0.029325542173407257,0.0,0.7681045243412816
W,W270115C00035000,Call,2027-01-15,35.0,0.44571908213731665,43.9,44.6,1,71,73.99,74.05,73.75,0.8006611730957032,2027-01-15,1.3826146475017111,78.52479600417296,-0.8080663860863055,0.6647218611900952,0.7184905968729063,0.6920359607446552,0.05376873568281104,0.919229325879807,0.9009658696362165,0.7213171431588128,0.7193722179670624,0.0,,0.7681045243412816
W,W260116C00045000,Call,2026-01-16,45.0,0.5979978049935527,30.75,31.45,6,443,73.99,74.05,73.75,0.7919942675781251,2026-01-16,0.3860369609856263,75.25111233557983,-0.5141681956175852,0.6326894137560413,0.7376021088215209,0.6879775754134113,0.10491269506547962,0.9216986638523889,0.8956822328359719,0.6879775754134113,0.18271636780920456,0.020014481549759655,0.04421728548856124,0.7681045243412816
W,W251121P00065000,Put,2025-11-21,65.0,0.8694520725023369,4.8,4.9,4,282,73.99,74.05,73.75,0.633914793701172,2025-11-21,0.2327173169062286,74.75972748322512,-0.13989206746337332,0.6648346800560494,0.6732130005656591,0.6690259629510689,0.008378320509609738,-0.27598241747587804,0.871009012119566,0.6694705881397052,0.10430177635222569,0.0,0.0,0.7681045243412816
W,W261218C00040000,Call,2026-12-18,40.0,0.5110645788084951,40.1,40.65,2,41,73.99,74.05,73.75,0.7739280419921876,2026-12-18,1.3059548254620124,78.26799519789985,-0.6712593194473355,0.6599710352351887,0.6957504195434077,0.67800262918965,0.03577938430821892,0.895035045105885,0.8826957890543582,0.6793682438304276,0.6027519712962058,0.02847139145872902,0.0312768634547018,0.7681045243412816
W,W251121C00065000,Call,2025-11-21,65.0,0.8694520725023369,14.25,14.6,20,862,73.99,74.05,73.75,0.7006865869140625,2025-11-21,0.2327173169062286,74.75972748322512,-0.13989206746337332,0.6469164100799499,0.6762955556769383,0.66163317237567,0.0293791455969884,0.7250394687224827,0.8613842926430874,0.6622465089516585,0.10206293574972217,0.0,0.0,0.7681045243412816
W,W251121P00085000,Put,2025-11-21,85.0,1.1369757871184407,15.6,15.85,2,84,73.99,74.05,73.75,0.5854533642578125,2025-11-21,0.2327173169062286,74.75972748322512,0.12837191913130613,0.6406346849934752,0.6587547461443373,0.6497037637767399,0.018120061150862066,-0.5998158096925965,0.8458533222856863,0.6512049735866939,0.09868794797547972,0.0,0.0,0.7681045243412816
W,W260116P00075000,Put,2026-01-16,75.0,0.9966630083225879,10.95,11.15,1,168,73.99,74.05,73.75,0.5637250659179689,2026-01-16,0.3860369609856263,75.25111233557983,-0.0033425718515944516,0.6081309666200121,0.6192506334440878,0.6136898865658866,0.011119666824075725,-0.4209691303547346,0.7989666342509577,0.6157116527598522,0.14634693592756168,0.0009993719401433694,0.0011324619640324118,0.7681045243412816
W,W250919C00072500,Call,2025-09-19,72.5,0.9769473586783124,4.85,4.95,2,329,73.99,74.05,73.75,0.5681195532226562,2025-09-19,0.06023271731690623,74.21075389167686,-0.02332250896587518,0.5501730586815358,0.5643708261545185,0.5572730460071538,0.014197767472982736,0.5944123609096023,0.7255172028638489,0.5557614656587969,0.01860412798808134,0.005456272014501537,0.0050102970048816935,0.7681045243412816
W,W251219C00050000,Call,2025-12-19,50.0,0.6666220696003087,26.1,26.8,1,1856,73.99,74.05,73.75,0.7807639111328125,2025-12-19,0.30937713894592744,75.00501750561432,-0.4055320059453118,0.650364930913862,0.7425128252365673,0.698052119485581,0.0921478943227052,0.8922526920161538,0.908798343668426,0.6772087222770591,0.14188396125579286,0.05881427115151605,0.13251940646208918,0.7681045243412816
W,W251219C00070000,Call,2025-12-19,70.0,0.9332708974404321,12.4,12.65,1,314,73.99,74.05,73.75,0.6589389575195312,2025-12-19,0.30937713894592744,75.00501750561432,-0.06905976932409887,0.6161825350993065,0.6324968601457562,0.6243401988195576,0.016314325046449696,0.6452396492925386,0.8128323412168222,0.6293052392492559,0.12252110748408389,0.0,0.0,0.7681045243412816
W,W250919C00037500,Call,2025-09-19,37.5,0.5053175993163684,36.3,36.95,1,167,73.99,74.05,73.75,1.5498069384765625,2025-09-19,0.06023271731690623,74.21075389167686,-0.6825681378501393,,1.5950879924401629,0.982028285821935,,0.9984243897797984,1.2785086595657176,0.9820536327139999,0.05809019965938071,0.03988666592309749,,0.7681045243412816
W,W260320C00047500,Call,2026-03-20,47.5,0.6265847484810935,33.75,34.2,1,45,73.99,74.05,73.75,1.0235644525146486,2026-03-20,0.5585215605749486,75.80778197226303,-0.4674712408798156,0.9465461208621494,0.9804804664295766,0.9635569059025298,0.03393434556742725,0.8435660150714017,1.2544606565478391,0.6758838073713471,0.2551432166943869,0.025818593185797444,0.0,0.7681045243412816
W,W251121C00067500,Call,2025-11-21,67.5,0.9028925368293499,12.75,13.0,1,277,73.99,74.05,73.75,0.688601746826172,2025-11-21,0.2327173169062286,74.75972748322512,-0.10215173948052628,0.6440719432560528,0.6637791981838038,0.6539315100732642,0.01970725492775105,0.6849362759959537,0.8513574511672992,0.6572625940355227,0.10053251194813378,0.0,0.0,0.7681045243412816
W,W251219P00075000,Put,2025-12-19,75.0,0.999933104400463,10.2,10.4,21,278,73.99,74.05,73.75,0.5827678442382812,2025-12-19,0.30937713894592744,75.00501750561432,-6.6897837147397e-05,0.624301577146414,0.6366672488172115,0.63048348091472,0.012365671670797496,-0.4303302179972689,0.8208303179250453,0.6324390892531816,0.12374442103364681,0.0,0.0,0.7681045243412816
W,W251121C00032500,Call,2025-11-21,32.5,0.43472603625116846,41.6,42.15,3,45,73.99,74.05,73.75,1.0703171484375005,2025-11-21,0.2327173169062286,74.75972748322512,-0.8330392480233186,,0.955183212514658,0.6936528185713627,,0.9960556135965417,0.9030708667758885,0.7878683632144012,0.1444561462261516,0.042166359882651945,,0.7681045243412816
W,W251121P00090000,Put,2025-11-21,90.0,1.2038567157724664,19.3,19.6,19,98,73.99,74.05,73.75,0.5751995605468749,2025-11-21,0.2327173169062286,74.75972748322512,0.1855303329712546,0.6411258015956441,0.6642443209435049,0.6527180728096834,0.0231185193478608,-0.667048757497049,0.849777669737654,0.6523090736240192,0.0990228770437761,0.0,0.0,0.7681045243412816
W,W260116P00090000,Put,2026-01-16,90.0,1.1959956099871054,20.7,21.05,8,150,73.99,74.05,73.75,0.536259520263672,2026-01-16,0.3860369609856263,75.25111233557983,0.1789789849423601,0.6051007815565416,0.6249255250343778,0.6150277657901808,0.01982474347783625,-0.6092289469601717,0.8007084274339122,0.614765169797754,0.14589734749760722,0.017119364863824104,0.017897403141451006,0.7681045243412816
W,W251219C00035000,Call,2025-12-19,35.0,0.46663544872021606,39.55,40.45,2,925,73.99,74.05,73.75,1.0127002490234376,2025-12-19,0.30937713894592744,75.00501750561432,-0.7622069498840441,0.6075092695149491,0.9756108465858493,0.8471348125139573,0.3681015770709002,0.968074183437181,1.1028900177882055,0.7399091867072216,0.1693733424143268,0.031457579037638635,,0.7681045243412816
W,W251017P00082500,Put,2025-10-17,82.5,1.1080631136709136,11.35,11.55,4,220,73.99,74.05,73.75,0.5202684692382812,2025-10-17,0.13689253935660506,74.45424270706468,0.10261354849968395,0.5740919633808746,0.5936731135981486,0.5839001050453768,0.019581150217273913,-0.6431764869750578,0.7601831346405926,0.5839001050453768,0.046672051016016715,0.010991010369756369,0.009508050653636827,0.7681045243412816
W,W260116C00072500,Call,2026-01-16,72.5,0.9634409080451684,12.1,12.35,9,572,73.99,74.05,73.75,0.6389196264648438,2026-01-16,0.3860369609856263,75.25111233557983,-0.03724412352727577,0.5971076812941771,0.6113061798608147,0.6042058717152872,0.014198498566637574,0.6129104857264065,0.7866193370406818,0.6060206735695293,0.1417763422529963,0.003724268082992488,0.004190059530286039,0.7681045243412816
W,W251017P00077500,Put,2025-10-17,77.5,1.040907773448434,8.05,8.2,40,327,73.99,74.05,73.75,0.5338181384277343,2025-10-17,0.13689253935660506,74.45424270706468,0.04009319151834997,0.5772456140604743,0.5910159944352124,0.5841317270727068,0.0137703803747381,-0.5308670950312092,0.7604846847812178,0.5841317270727068,0.046709086183838906,0.003954410775523401,0.004133437897702728,0.7681045243412816
W,W260116P00072500,Put,2026-01-16,72.5,0.9634409080451684,9.65,9.85,8,639,73.99,74.05,73.75,0.5706830041503907,2026-01-16,0.3860369609856263,75.25111233557983,-0.03724412352727577,0.6116529566989731,0.6230181887939572,0.6173348574066474,0.011365232094984079,-0.38633599684031494,0.8037120441857406,0.6177203357029063,0.14730337098663515,0.003724268082992488,0.004190059530286039,0.7681045243412816
W,W260220C00050000,Call,2026-02-20,50.0,0.661726948603032,27.55,27.9,1,56,73.99,74.05,73.75,0.7359645544433593,2026-02-20,0.48186173853524983,75.55986665731947,-0.41290227247781786,0.6404513323614643,0.6729251330680844,0.6568425282243436,0.03247380070662009,0.8715090605457106,0.8551473235854781,0.6568425282243432,0.2078954437005062,0.026193570366722287,,0.7681045243412816
W,W251121P00082500,Put,2025-11-21,82.5,1.1035353227914277,13.9,14.15,1,301,73.99,74.05,73.75,0.5928995788574221,2025-11-21,0.2327173169062286,74.75972748322512,0.09851895598162497,0.642790926555535,0.6605560638741299,0.6516779457671927,0.01776513731859486,-0.5620597725831358,0.8484235219497827,0.6508352521629578,0.0985759196822225,0.0,0.0,0.7681045243412816
W,W250919C00070000,Call,2025-09-19,70.0,0.9432595187238878,6.3,6.45,4,1975,73.99,74.05,73.75,0.577152666015625,2025-09-19,0.06023271731690623,74.21075389167686,-0.05841382877714531,0.5459155899259436,0.5693145256997081,0.5576368529595577,0.023398935773764507,0.6897887937404449,0.7259908453706625,0.5575053350506316,0.018721063297517247,0.009167236087608943,0.012456445993896609,0.7681045243412816
W,W260116C00060000,Call,2026-01-16,60.0,0.7973304066580703,19.25,19.7,4,1788,73.99,74.05,73.75,0.6837189831542969,2026-01-16,0.3860369609856263,75.25111233557983,-0.22648612316580424,0.613502265135546,0.6466056961161911,0.6301184635695388,0.033103430980645165,0.7806097921574888,0.8203550996004376,0.631687402490059,0.15403993264753985,0.03181189768981386,0.029346462123808634,0.7681045243412816
W,W260116P00060000,Put,2026-01-16,60.0,0.7973304066580703,4.55,4.65,2,1165,73.99,74.05,73.75,0.6051064880371095,2026-01-16,0.3860369609856263,75.25111233557983,-0.22648612316580424,0.6357454811073281,0.6430695566175059,0.6394105134663388,0.007324075510177774,-0.22102560082902722,0.832452476457798,0.6395659219466308,0.1579063221373787,0.03181189768981386,0.029346462123808634,0.7681045243412816
W,W260320C00045000,Call,2026-03-20,45.0,0.5936066038241938,31.95,32.45,1,158,73.99,74.05,73.75,0.7612328564453126,2026-03-20,0.5585215605749486,75.80778197226303,-0.5215384621500914,0.6396137786283359,0.6921716707273334,0.6664301701964706,0.05255789209899753,0.9025437378762011,0.8676295335820265,0.6830023939016666,0.26054599067866696,0.02363312515183088,0.0,0.7681045243412816
W,W251219C00027500,Call,2025-12-19,27.5,0.3666421382801698,46.7,47.3,4,65,73.99,74.05,73.75,1.1435589697265625,2025-12-19,0.30937713894592744,75.00501750561432,-1.0033690067009322,,1.038450962762341,0.8428153377970694,,0.9912193613532442,1.0972664671124792,0.7948020843141431,0.19543674172485148,0.047673180464014024,,0.7681045243412816
W,W251121C00050000,Call,2025-11-21,50.0,0.6688092865402592,25.45,25.85,1,170,73.99,74.05,73.75,0.7897970239257812,2025-11-21,0.2327173169062286,74.75972748322512,-0.40225633193086435,0.6591233795551088,0.7307271778473273,0.696225827125689,0.07160379829221852,0.913968638826298,0.906420682423092,0.701745095114245,0.11460075338517882,0.0,0.0,0.7681045243412816
W,W251121P00077500,Put,2025-11-21,77.5,1.0366543941374018,10.75,10.9,1,96,73.99,74.05,73.75,0.6013223461914063,2025-11-21,0.2327173169062286,74.75972748322512,0.03599859900029096,0.64588421283896,0.6564234590493504,0.6511535900084565,0.010539246210390374,-0.4830660175901682,0.8477408599654832,0.6522484371010314,0.0990044682123552,0.0,0.0,0.7681045243412816
W,W251121C00037500,Call,2025-11-21,37.5,0.5016069649051944,40.85,41.3,1,37,73.99,74.05,73.75,1.6953140234375002,2025-11-21,0.2327173169062286,74.75972748322512,-0.6899384043826452,1.605047290305918,1.6755972073271728,1.640551278270831,0.07054991702125468,0.897509199756741,2.1358437898510627,0.7584644214101955,0.13387489028428123,0.055810143927788804,,0.7681045243412816
W,W251121P00075000,Put,2025-11-21,75.0,1.0032139298103888,9.35,9.5,6,203,73.99,74.05,73.75,0.6088906298828126,2025-11-21,0.2327173169062286,74.75972748322512,0.0032087761773000735,0.6495787477472407,0.6602241469292065,0.6549009098372617,0.010645399181965831,-0.44124713290073125,0.8526195186767033,0.6538385210983364,0.09948777273682428,0.0,0.0,0.7681045243412816
W,W251219C00042500,Call,2025-12-19,42.5,0.5666287591602623,32.6,32.95,1,35,73.99,74.05,73.75,0.8359391406249999,2025-12-19,0.30937713894592744,75.00501750561432,-0.5680509354430867,0.6574907837368514,0.7413659769575938,0.7020490047801753,0.08387519322074233,0.9505237706308414,0.9140019131930581,0.7012131521463668,0.15212070356184515,0.029974200594919665,0.0,0.7681045243412816
W,W251017C00085000,Call,2025-10-17,85.0,1.1416407837821534,2.65,2.7,36,538,73.99,74.05,73.75,0.5783733569335938,2025-10-17,0.13689253935660506,74.45424270706468,0.1324665116493651,0.5669786839711417,0.5722262777082859,0.5696048012956512,0.005247593737144229,0.30042451789529945,0.7415719908486912,0.5696048012956512,0.04441473369733857,0.013926823572200365,0.01333817566697829,0.7681045243412816
W,W260116P00062500,Put,2026-01-16,62.5,0.8305525069354899,5.4,5.5,1,500,73.99,74.05,73.75,0.5982706188964844,2026-01-16,0.3860369609856263,75.25111233557983,-0.18566412864554915,0.6311496269530613,0.6379626164651447,0.6345577941291165,0.006812989512083423,-0.25205206361421095,0.8261346913342381,0.6339930496993591,0.155166470572102,0.019501925399975056,0.02363273977080534,0.7681045243412816
W,W260116C00062500,Call,2026-01-16,62.5,0.8305525069354899,17.65,17.95,6,345,73.99,74.05,73.75,0.6702913830566408,2026-01-16,0.3860369609856263,75.25111233557983,-0.18566412864554915,0.6111404476229753,0.63166083392076,0.6214170767863675,0.020520386297784743,0.7498195524554341,0.809026710680149,0.62440153104583,0.15050703722958272,0.019501925399975056,0.02363273977080534,0.7681045243412816
W,W251121C00045000,Call,2025-11-21,45.0,0.6019283578862332,29.9,30.35,5,179,73.99,74.05,73.75,0.8547377807617188,2025-11-21,0.2327173169062286,74.75972748322512,-0.5076168475886907,0.6626185152254425,0.7822949688012409,0.7275924543823727,0.11967645357579848,0.9475678333613513,0.9472570871866018,0.7240072621706738,0.12198727948651433,0.06189831944157198,0.0,0.7681045243412816
W,W251219P00095000,Put,2025-12-19,95.0,1.2665819322405865,24.0,24.25,1,36,73.99,74.05,73.75,0.5424850439453126,2025-12-19,0.30937713894592744,75.00501750561432,0.23632188022708298,0.6265572357666584,0.6437394627984186,0.6351725388817663,0.0171822270317602,-0.6887335762482154,0.8269350313051256,0.6418309552375521,0.12744697655422255,0.0,0.0,0.7681045243412816
W,W251219C00052500,Call,2025-12-19,52.5,0.6999531730803241,24.05,24.5,1,645,73.99,74.05,73.75,0.7454859436035157,2025-12-19,0.30937713894592744,75.00501750561432,-0.35674184177587975,0.6436109795207098,0.6963271233520888,0.6704263764926685,0.052716143831379014,0.8735043533926741,0.8728322191144742,0.6694933859112328,0.13866945242166792,0.0,0.0,0.7681045243412816
W,W260116P00080000,Put,2026-01-16,80.0,1.0631072088774272,13.9,14.1,2,157,73.99,74.05,73.75,0.5544478149414063,2026-01-16,0.3860369609856263,75.25111233557983,0.06119594928597676,0.6067644141798274,0.6176698647427876,0.612216889641992,0.010905450562960217,-0.4883084413067872,0.7970489305046377,0.6124656645789551,0.14480794204141795,0.006197023699643222,0.006426274481495921,0.7681045243412816
W,W260320C00035000,Call,2026-03-20,35.0,0.4616940251965952,40.45,41.0,114,128,73.99,74.05,73.75,0.8625502026367188,2026-03-20,0.5585215605749486,75.80778197226303,-0.7728528904309975,0.6588611576241529,0.7677947634703111,0.7175202696562013,0.10893360584615819,0.9563095286687434,0.9341440480012003,0.7180519378199569,0.2879729265517509,0.016752791838004932,,0.7681045243412816
W,W251219C00055000,Call,2025-12-19,55.0,0.7332842765603396,22.1,22.5,2,737,73.99,74.05,73.75,0.726565234375,2025-12-19,0.30937713894592744,75.00501750561432,-0.31022182614098687,0.6393065116365062,0.6806527124581456,0.6602000278072144,0.04134620082163942,0.8481202828141584,0.8595184729231937,0.663089693881732,0.13602939756587298,0.0,0.0,0.7681045243412816
W,W251219C00062500,Call,2025-12-19,62.5,0.8332775870003859,16.8,17.1,2,688,73.99,74.05,73.75,0.6853058813476562,2025-12-19,0.30937713894592744,75.00501750561432,-0.18238845463110195,0.6268682269682155,0.6500616937604126,0.6384894275540953,0.023193466792197026,0.7552609442980726,0.8312533090488656,0.6446879950101794,0.128584134244648,0.0,0.08959690755812377,0.7681045243412816
W,W260320C00027500,Call,2026-03-20,27.5,0.3627595912258962,47.2,47.8,114,114,73.99,74.05,73.75,0.9655765161132812,2026-03-20,0.5585215605749486,75.80778197226303,-1.0140149472478857,0.5351332655184096,0.8476253504519822,0.747224741009796,0.3124920849335726,0.9819161945063241,0.9728164817810545,0.7484042129014202,0.3128328778679623,0.06847279687243642,,0.7681045243412816
W,W260116P00077500,Put,2026-01-16,77.5,1.0298851086000076,12.45,12.6,2,95,73.99,74.05,73.75,0.5614057531738281,2026-01-16,0.3860369609856263,75.25111233557983,0.029447250971396496,0.6110307285034569,0.6192596433572933,0.615144765109143,0.008228914853836478,-0.454597505519719,0.800860749566193,0.6139265685524379,0.14549958179880776,0.0030001003349513374,0.003245846049576113,0.7681045243412816
W,W260116P00085000,Put,2026-01-16,85.0,1.1295514094322663,17.1,17.35,11,264,73.99,74.05,73.75,0.5419357330322268,2026-01-16,0.3860369609856263,75.25111233557983,0.12182057110241154,0.6023458414588834,0.6160921528830523,0.6092216247227055,0.013746311424168933,-0.552734386337412,0.7931493767012602,0.6121510644119591,0.14465921565546316,0.011884561704691633,0.01227657506450387,0.7681045243412816
W,W260116C00065000,Call,2026-01-16,65.0,0.8637746072129096,16.1,16.4,4,1297,73.99,74.05,73.75,0.6601596484375001,2026-01-16,0.3860369609856263,75.25111233557983,-0.14644341549226775,0.605955895115333,0.6252369188122372,0.6156047146839206,0.01928102369690421,0.7170550916580745,0.8014595607438412,0.6184887747663618,0.1476700873270126,0.013843452408227677,0.018118350130678182,0.7681045243412816
W,W260116C00035000,Call,2026-01-16,35.0,0.46510940388387434,39.75,40.35,2,342,73.99,74.05,73.75,0.9179695703125,2026-01-16,0.3860369609856263,75.25111233557983,-0.7654826238984913,0.6134019379578896,0.8263956620255258,0.7414028946944561,0.21299372406763628,0.9707596590135316,0.9652369842897038,0.7414028946944561,0.21219612202284993,0.022224915588596194,,0.7681045243412816
W,W260320C00055000,Call,2026-03-20,55.0,0.7255191824517924,24.7,25.0,1,119,73.99,74.05,73.75,0.7100859069824219,2026-03-20,0.5585215605749486,75.80778197226303,-0.3208677666879403,0.6351261196859732,0.6556270122861414,0.6454078649326378,0.020500892600168186,0.8176380688453375,0.8402604651836061,0.6515429617083611,0.23709699962805583,0.03092257456406532,0.0,0.7681045243412816
W,W260116C00047500,Call,2026-01-16,47.5,0.6312199052709724,28.7,29.2,2,1073,73.99,74.05,73.75,0.764650791015625,2026-01-16,0.3860369609856263,75.25111233557983,-0.4601009743473093,0.6386143719336168,0.7031353681405774,0.6717860016673528,0.06452099620696061,0.9050739551095155,0.8746023234838637,0.6717860016673528,0.17421710312691419,0.023306945314494277,0.04183674889943793,0.7681045243412816
W,W260116C00082500,Call,2026-01-16,82.5,1.0963293091548467,8.05,8.2,8,2043,73.99,74.05,73.75,0.619388571777344,2026-01-16,0.3860369609856263,75.25111233557983,0.09196760795273042,0.5890737329226319,0.5972667416500028,0.5931706378367083,0.008193008727370943,0.47398096717580895,0.7722524982461276,0.5936137329189145,0.13603064808021875,0.009069017303517848,0.00924076625693221,0.7681045243412816
W,W260116C00027500,Call,2026-01-16,27.5,0.36544310305161554,46.85,47.6,269,838,73.99,74.05,73.75,1.0893600219726562,2026-01-16,0.3860369609856263,75.25111233557983,-1.0066446807153793,,1.0123368903580372,0.8527565454207264,,0.9848001391910793,1.1102089864033042,0.8527565454207264,0.28072365593939136,0.0,,0.7681045243412816
W,W260320C00040000,Call,2026-03-20,40.0,0.5276503145103945,36.2,36.65,20,195,73.99,74.05,73.75,0.8127460131835937,2026-03-20,0.5585215605749486,75.80778197226303,-0.639321497806475,0.6665911312624132,0.7282605807834291,0.6984042611614383,0.06166944952101594,0.9313406921694218,0.9092567990800242,0.6984042611614389,0.2724292305262831,0.021872252386091223,0.0,0.7681045243412816
W,W260116P00100000,Put,2026-01-16,100.0,1.328884011096784,28.6,28.9,1,86,73.99,74.05,73.75,0.5123339782714844,2026-01-16,0.3860369609856263,75.25111233557983,0.2843395006001865,0.6137882340486025,0.6327136589230712,0.6232869895812425,0.018925424874468688,-0.7056098568609905,0.8114611616378212,0.6232579425696574,0.14995623622077725,0.027512849487663416,0.02822036335421022,0.7681045243412816
W,W260116C00050000,Call,2026-01-16,50.0,0.664442005548392,26.55,27.05,3,3017,73.99,74.05,73.75,0.7346217944335938,2026-01-16,0.3860369609856263,75.25111233557983,-0.4088076799597588,0.6213796425545524,0.6783832777460949,0.6504967554895961,0.0570036351915425,0.8875436251162117,0.8468857230693378,0.6504967554895961,0.16335000705065372,0.023697025156717063,0.04009328254967989,0.7681045243412816
W,W251121C00040000,Call,2025-11-21,40.0,0.5350474292322074,34.55,34.95,1,146,73.99,74.05,73.75,0.930664755859375,2025-11-21,0.2327173169062286,74.75972748322512,-0.625399883245074,0.6422345604247843,0.8271303080694807,0.7518395674763552,0.1848957476446964,0.9716533690590846,0.9788245527145214,0.7462161905872056,0.12958598566195992,0.06592244014662434,,0.7681045243412816
W,W260116C00070000,Call,2026-01-16,70.0,0.9302188077677487,13.4,13.6,3,701,73.99,74.05,73.75,0.6467320483398438,2026-01-16,0.3860369609856263,75.25111233557983,-0.07233544333854595,0.6034238266857509,0.6151423521159012,0.609283108801135,0.011718525430150284,0.6481610950620237,0.793229423200768,0.6098431210813433,0.14357047818908417,0.0069931035548969735,0.008244834265847661,0.7681045243412816
W,W251121C00042500,Call,2025-11-21,42.5,0.5684878935592204,32.2,32.6,1,303,73.99,74.05,73.75,0.8867198828124999,2025-11-21,0.2327173169062286,74.75972748322512,-0.5647752614286392,0.6559705311342966,0.7952162164657225,0.7340294401409763,0.1392456853314259,0.9618030183429007,0.9556374384989754,0.7362635166729056,0.12615232610157995,0.06489489266218586,,0.7681045243412816
W,W260116P00067500,Put,2026-01-16,67.5,0.8969967074903291,7.35,7.45,1,575,73.99,74.05,73.75,0.5833781896972656,2026-01-16,0.3860369609856263,75.25111233557983,-0.10870308750942076,0.6212558817423097,0.6273548032616877,0.6243056472685609,0.0060989215193779645,-0.3176834860822265,0.8127873583402713,0.6243563211118298,0.15048524302651353,0.010083855628846868,0.012781701982144685,0.7681045243412816
W,W260116C00075000,Call,2026-01-16,75.0,0.9966630083225879,11.0,11.2,49,5057,73.99,74.05,73.75,0.634891346435547,2026-01-16,0.3860369609856263,75.25111233557983,-0.0033425718515944516,0.5971849406954404,0.6082974785948321,0.6027403137689841,0.011112537899391706,0.5777624220375283,0.7847113181449984,0.6021031916014822,0.13994930518952348,0.0009993719401433694,0.0011324619640324118,0.7681045243412816
W,W260116P00065000,Put,2026-01-16,65.0,0.8637746072129096,6.3,6.4,2,2052,73.99,74.05,73.75,0.5888712988281251,2026-01-16,0.3860369609856263,75.25111233557983,-0.14644341549226775,0.6241719657429718,0.6305858913769399,0.6273797740863003,0.006413925633968032,-0.28413971534027316,0.8167895829338261,0.6289649906860236,0.15271504802388075,0.013843452408227677,0.018118350130678182,0.7681045243412816
W,W251121P00080000,Put,2025-11-21,80.0,1.0700948584644148,12.3,12.45,10,386,73.99,74.05,73.75,0.5971719970703125,2025-11-21,0.2327173169062286,74.75972748322512,0.06774729731487128,0.6458440804247267,0.6563919566129494,0.6511184853656983,0.010547876188222616,-0.523377192618607,0.8476951570153693,0.6512838592971587,0.09871185915779632,0.0,0.0,0.7681045243412816
W,W260116C00040000,Call,2026-01-16,40.0,0.5315536044387136,35.2,35.6,1,426,73.99,74.05,73.75,0.8344743115234373,2026-01-16,0.3860369609856263,75.25111233557983,-0.6319512312739686,0.6457138689969902,0.7362553583365146,0.6941112372733523,0.09054148933952433,0.9536163758331787,0.9036676849008471,0.6941112372733523,0.18598890559613773,0.021445447680747787,,0.7681045243412816
W,W251121C00025000,Call,2025-11-21,25.0,0.3344046432701296,53.0,53.5,1,155,73.99,74.05,73.75,2.4306679858398432,2025-11-21,0.2327173169062286,74.75972748322512,-1.0954035124908097,2.3120376688491238,2.4252036676146442,2.3690213519271266,0.11316599876552047,0.9369810319188345,3.0842434549630786,0.8417782030702484,0.1649012899902943,0.0,,0.7681045243412816
W,W270115P00100000,Put,2027-01-15,100.0,1.2734830918209048,35.55,36.05,0,2000,73.99,74.05,73.75,0.5007374145507812,2027-01-15,1.3826146475017111,78.52479600417296,0.24175573841237222,0.6271449750508473,0.6415622265694275,0.6343522069907571,0.014417251518580199,-0.4805242469182317,0.8258670361755399,0.6343522069907571,0.5563678983424843,,0.0,0.7681045243412816
W,W251219C00037500,Call,2025-12-19,37.5,0.4999665522002315,37.2,37.5,7,106,73.99,74.05,73.75,0.9023447265625,2025-12-19,0.30937713894592744,75.00501750561432,-0.6932140783970927,0.6444874458559992,0.7691212562182251,0.7150560557545333,0.12463381036222598,0.9739197087321739,0.9309358727808015,0.7255504871103426,0.16286339919535736,0.03300814104657591,,0.7681045243412816
W,W260116C00080000,Call,2026-01-16,80.0,1.0631072088774272,9.0,9.1,2,637,73.99,74.05,73.75,0.6249427154541016,2026-01-16,0.3860369609856263,75.25111233557983,0.06119594928597676,0.5942905193882646,0.5997420414151284,0.5970162357195872,0.005451522026863831,0.5081746257687919,0.7772591057598339,0.5961874414933445,0.13721277103520216,0.006197023699643222,0.006426274481495921,0.7681045243412816
W,W251219P00130000,Put,2025-12-19,130.0,1.7332173809608027,56.05,56.5,121,120,73.99,74.05,73.75,0.5117236328125,2025-12-19,0.30937713894592744,75.00501750561432,0.5499794390821247,0.7527282639291218,0.80064851235844,0.7772697871065315,0.04792024842931819,-0.8545072107535285,1.0119323119117283,0.6731933331255994,0.14020639782455094,,0.0,0.7681045243412816
W,W251219C00032500,Call,2025-12-19,32.5,0.4333043452402007,41.95,42.3,2,600,73.99,74.05,73.75,1.0043995092773437,2025-12-19,0.30937713894592744,75.00501750561432,-0.8363149220377659,0.4815131889983369,0.8523412692308838,0.7573924923434998,0.37082808023254693,0.9859482792025233,0.9860539397200292,0.7561833967897533,0.1769059719167565,0.03278480832721174,,0.7681045243412816
