Ticker,Contract Name,Type,Expiry,Strike,Moneyness,Bid,Ask,Volume,Open Interest,Bid Stock,Ask Stock,Last Stock Price,Implied Volatility
V,V271217C00545000,Call,2027-12-17,545.0,0.64,6.05,7.15,1,44,349.68,350.09,349.8599853515625,0.2282792016601562
V,V251121P00250000,Put,2025-11-21,250.0,1.4,0.5,0.58,1,29,349.68,350.09,349.8599853515625,0.3647524462890625
V,V271217C00490000,Call,2027-12-17,490.0,0.71,12.2,13.95,2,21,349.68,350.09,349.8599853515625,0.2374038662719726
V,V271217P00240000,Put,2027-12-17,240.0,1.46,9.25,10.4,1,14,349.68,350.09,349.8599853515625,0.2613446669006348
V,V270617C00495000,Call,2027-06-17,495.0,0.71,6.75,7.9,6,37,349.68,350.09,349.8599853515625,0.2258988543701172
V,V271217C00430000,Call,2027-12-17,430.0,0.81,25.0,28.95,1,29,349.68,350.09,349.8599853515625,0.2598188032531738
V,V261218P00240000,Put,2026-12-18,240.0,1.46,4.75,5.65,2,55,349.68,350.09,349.8599853515625,0.2835459829711914
V,V270115P00220000,Put,2027-01-15,220.0,1.59,3.7,4.35,18,42,349.68,350.09,349.8599853515625,0.3011849667358398
V,V251017P00265000,Put,2025-10-17,265.0,1.32,0.24,0.29,20,86,349.68,350.09,349.8599853515625,0.3598696826171874
V,V260618P00185000,Put,2026-06-18,185.0,1.89,0.76,0.89,6,41,349.68,350.09,349.8599853515625,0.370123486328125
V,V271217P00230000,Put,2027-12-17,230.0,1.52,7.9,9.05,3,24,349.68,350.09,349.8599853515625,0.2690655369567871
V,V250905C00330000,Call,2025-09-05,330.0,1.06,19.95,22.15,21,11,349.68,350.09,349.8599853515625,0.4187069848632812
V,V250926P00305000,Put,2025-09-26,305.0,1.15,0.4,0.48,32,75,349.68,350.09,349.8599853515625,0.2812571874999999
V,V251219P00230000,Put,2025-12-19,230.0,1.52,0.42,0.5,1,63,349.68,350.09,349.8599853515625,0.37500625
V,V250905P00332500,Put,2025-09-05,332.5,1.05,0.28,0.33,1,50,349.68,350.09,349.8599853515625,0.2148516015625
V,V270617P00280000,Put,2027-06-17,280.0,1.25,13.4,14.75,1,9,349.68,350.09,349.8599853515625,0.2417068017578125
V,V260618C00480000,Call,2026-06-18,480.0,0.73,1.34,1.49,5,12,349.68,350.09,349.8599853515625,0.2097246997070312
V,V251017C00415000,Call,2025-10-17,415.0,0.84,0.19,0.24,1,280,349.68,350.09,349.8599853515625,0.2233964379882812
V,V270617C00485000,Call,2027-06-17,485.0,0.72,8.05,8.85,1,9,349.68,350.09,349.8599853515625,0.2251969570922851
V,V270115P00170000,Put,2027-01-15,170.0,2.06,1.79,2.02,2,18,349.68,350.09,349.8599853515625,0.3665224481201171
V,V260515P00200000,Put,2026-05-15,200.0,1.75,0.92,1.03,20,15,349.68,350.09,349.8599853515625,0.3596255444335937
V,V250919C00385000,Call,2025-09-19,385.0,0.91,0.15,0.2,5,1154,349.68,350.09,349.8599853515625,0.1999591723632812
V,V271217C00480000,Call,2027-12-17,480.0,0.73,13.9,15.75,1,21,349.68,350.09,349.8599853515625,0.2398757653808593
V,V250905C00320000,Call,2025-09-05,320.0,1.09,29.7,32.45,1,8,349.68,350.09,349.8599853515625,0.5762981823730469
V,V251219C00435000,Call,2025-12-19,435.0,0.8,0.58,0.65,1,16,349.68,350.09,349.8599853515625,0.2150957397460937
V,V270617P00355000,Put,2027-06-17,355.0,0.99,34.7,38.65,16,14,349.68,350.09,349.8599853515625,0.1913990773010254
V,V261218P00255000,Put,2026-12-18,255.0,1.37,6.45,7.35,1,26,349.68,350.09,349.8599853515625,0.2707897628784179
V,V270115C00455000,Call,2027-01-15,455.0,0.77,7.4,8.75,5,68,349.68,350.09,349.8599853515625,0.2236558348083495
V,V270115C00480000,Call,2027-01-15,480.0,0.73,4.75,5.7,3,99,349.68,350.09,349.8599853515625,0.2202531588745117
V,V251003C00375000,Call,2025-10-03,375.0,0.93,1.11,1.24,2,16,349.68,350.09,349.8599853515625,0.1844563977050781
V,V250926C00340000,Call,2025-09-26,340.0,1.03,12.95,15.15,1,56,349.68,350.09,349.8599853515625,0.2385330053710937
V,V270617C00525000,Call,2027-06-17,525.0,0.67,4.25,4.75,1,17,349.68,350.09,349.8599853515625,0.2183305706787109
V,V251219P00245000,Put,2025-12-19,245.0,1.43,0.68,0.75,1,12,349.68,350.09,349.8599853515625,0.3482731188964844
V,V260320C00460000,Call,2026-03-20,460.0,0.76,0.97,1.08,1,16,349.68,350.09,349.8599853515625,0.2111895288085937
V,V250905C00365000,Call,2025-09-05,365.0,0.96,0.18,0.22,40,200,349.68,350.09,349.8599853515625,0.1687094848632813
V,V250919P00375000,Put,2025-09-19,375.0,0.93,23.9,26.85,1,21,349.68,350.09,349.8599853515625,0.2584913018798829
V,V250926P00310000,Put,2025-09-26,310.0,1.13,0.51,0.59,1,47,349.68,350.09,349.8599853515625,0.2648999291992187
V,V251121P00245000,Put,2025-11-21,245.0,1.43,0.43,0.5,2,57,349.68,350.09,349.8599853515625,0.3742738354492187
V,V270617C00470000,Call,2027-06-17,470.0,0.74,10.0,11.4,1,34,349.68,350.09,349.8599853515625,0.2308121353149414
V,V251017P00280000,Put,2025-10-17,280.0,1.25,0.43,0.49,1,34,349.68,350.09,349.8599853515625,0.3239813696289061
V,V271217C00520000,Call,2027-12-17,520.0,0.67,8.25,9.75,2,95,349.68,350.09,349.8599853515625,0.2321396366882324
V,V261218P00230000,Put,2026-12-18,230.0,1.52,4.15,4.95,1,127,349.68,350.09,349.8599853515625,0.2963632376098633
V,V260618P00215000,Put,2026-06-18,215.0,1.63,3.25,3.6,1,16,349.68,350.09,349.8599853515625,0.3906921282958984
V,V270617C00540000,Call,2027-06-17,540.0,0.65,3.25,4.05,5,437,349.68,350.09,349.8599853515625,0.2203752279663085
V,V251121C00430000,Call,2025-11-21,430.0,0.81,0.4,0.48,1,156,349.68,350.09,349.8599853515625,0.2248612670898437
V,V250829C00355000,Call,2025-08-29,355.0,0.99,0.14,0.18,436,1058,349.68,350.09,349.8599853515625,0.151375673828125
V,V261218P00265000,Put,2026-12-18,265.0,1.32,7.65,8.75,13,41,349.68,350.09,349.8599853515625,0.2629773410034179
V,V260618C00470000,Call,2026-06-18,470.0,0.74,1.72,1.88,1,11,349.68,350.09,349.8599853515625,0.2087481469726562
V,V270115P00230000,Put,2027-01-15,230.0,1.52,4.45,5.1,1,44,349.68,350.09,349.8599853515625,0.2905039212036132
V,V250829P00345000,Put,2025-08-29,345.0,1.01,0.23,0.28,73,252,349.68,350.09,349.8599853515625,0.1674887939453125
V,V251017C00410000,Call,2025-10-17,410.0,0.85,0.24,0.29,1,227,349.68,350.09,349.8599853515625,0.2165605688476562
V,V260618C00500000,Call,2026-06-18,500.0,0.7000000000000001,0.83,0.97,2,88,349.68,350.09,349.8599853515625,0.2130815997314453
V,V260918P00260000,Put,2026-09-18,260.0,1.35,5.5,6.2,2,31,349.68,350.09,349.8599853515625,0.2716137292480468
V,V271217C00425000,Call,2027-12-17,425.0,0.8200000000000001,27.3,29.45,1,8,349.68,350.09,349.8599853515625,0.2563550927734375
V,V260116P00210000,Put,2026-01-16,210.0,1.67,0.36,0.43,2,171,349.68,350.09,349.8599853515625,0.39063109375
V,V250829P00342500,Put,2025-08-29,342.5,1.02,0.14,0.17,141,281,349.68,350.09,349.8599853515625,0.1992267578125
V,V250905P00325000,Put,2025-09-05,325.0,1.08,0.14,0.17,10,317,349.68,350.09,349.8599853515625,0.2539137109375
V,V250912P00315000,Put,2025-09-12,315.0,1.11,0.22,0.26,13,148,349.68,350.09,349.8599853515625,0.2753978710937499
V,V251219C00450000,Call,2025-12-19,450.0,0.78,0.35,0.43,8,479,349.68,350.09,349.8599853515625,0.2257157507324218
V,V261218C00420000,Call,2026-12-18,420.0,0.8300000000000001,13.85,15.15,1,14,349.68,350.09,349.8599853515625,0.2347641221618652
V,V260618P00190000,Put,2026-06-18,190.0,1.84,0.87,1.0,1,66,349.68,350.09,349.8599853515625,0.3635317553710938
V,V260220C00450000,Call,2026-02-20,450.0,0.78,0.91,1.01,5,23,349.68,350.09,349.8599853515625,0.2101519415283202
V,V250829C00340000,Call,2025-08-29,340.0,1.03,9.0,10.5,15,109,349.68,350.09,349.8599853515625,0.3554751953124999
V,V261218C00480000,Call,2026-12-18,480.0,0.73,6.2,7.0,6,40,349.68,350.09,349.8599853515625,0.2407149903869628
V,V250829C00335000,Call,2025-08-29,335.0,1.04,13.55,15.55,5,67,349.68,350.09,349.8599853515625,0.4877980908203125
V,V270617C00425000,Call,2027-06-17,425.0,0.8200000000000001,20.1,21.95,1,14,349.68,350.09,349.8599853515625,0.2471159883880615
V,V260220P00230000,Put,2026-02-20,230.0,1.52,1.07,1.16,1,11,349.68,350.09,349.8599853515625,0.3480289807128905
V,V270115P00240000,Put,2027-01-15,240.0,1.46,5.35,6.0,1,33,349.68,350.09,349.8599853515625,0.2806468420410155
V,V260618C00490000,Call,2026-06-18,490.0,0.71,1.94,2.31,3,215,349.68,350.09,349.8599853515625,0.2410354217529297
V,V260320C00445000,Call,2026-03-20,445.0,0.79,1.51,1.64,12,12,349.68,350.09,349.8599853515625,0.2082598706054687
V,V250829P00352500,Put,2025-08-29,352.5,0.99,2.76,3.1,26,36,349.68,350.09,349.8599853515625,0.1352625537109375
V,V250829P00355000,Put,2025-08-29,355.0,0.99,4.9,5.7,27,111,349.68,350.09,349.8599853515625,0.2170488452148437
V,V270115C00470000,Call,2027-01-15,470.0,0.74,5.75,6.7,1,118,349.68,350.09,349.8599853515625,0.2207109179687499
V,V270617C00500000,Call,2027-06-17,500.0,0.7000000000000001,6.35,7.4,8,119,349.68,350.09,349.8599853515625,0.225669974822998
V,V260618P00400000,Put,2026-06-18,400.0,0.87,51.0,55.05,5,10,349.68,350.09,349.8599853515625,0.1581810256958007
V,V250919P00270000,Put,2025-09-19,270.0,1.3,0.08,0.1,2,1116,349.68,350.09,349.8599853515625,0.43555251953125
V,V261218P00235000,Put,2026-12-18,235.0,1.49,4.55,5.45,300,307,349.68,350.09,349.8599853515625,0.2924570266723632
V,V250829C00327500,Call,2025-08-29,327.5,1.07,21.9,23.6,0,10,349.68,350.09,349.8599853515625,0.5800823242187501
V,V250912C00370000,Call,2025-09-12,370.0,0.95,0.32,0.37,17,105,349.68,350.09,349.8599853515625,0.1757894921875
V,V250905P00330000,Put,2025-09-05,330.0,1.06,0.22,0.26,44,213,349.68,350.09,349.8599853515625,0.2275467871093749
V,V251003C00370000,Call,2025-10-03,370.0,0.95,1.76,1.91,10,13,349.68,350.09,349.8599853515625,0.1839681213378906
V,V260116C00460000,Call,2026-01-16,460.0,0.76,0.4,0.48,1,364,349.68,350.09,349.8599853515625,0.2204667797851562
V,V260618P00210000,Put,2026-06-18,210.0,1.67,1.83,2.06,20,46,349.68,350.09,349.8599853515625,0.35742830078125
V,V251017C00405000,Call,2025-10-17,405.0,0.86,0.31,0.36,10,130,349.68,350.09,349.8599853515625,0.2102129760742187
V,V271217P00290000,Put,2027-12-17,290.0,1.21,18.4,20.1,1,17,349.68,350.09,349.8599853515625,0.2271271746063232
V,V250912P00320000,Put,2025-09-12,320.0,1.09,0.3,0.35,10,156,349.68,350.09,349.8599853515625,0.254890263671875
V,V271217C00500000,Call,2027-12-17,500.0,0.7000000000000001,10.75,12.35,1,96,349.68,350.09,349.8599853515625,0.2352218812561035
V,V250926C00375000,Call,2025-09-26,375.0,0.93,0.7,0.8,4,82,349.68,350.09,349.8599853515625,0.1815267395019531
V,V271217C00435000,Call,2027-12-17,435.0,0.8,24.2,26.4,16,17,349.68,350.09,349.8599853515625,0.2527998304748535
V,V251017P00270000,Put,2025-10-17,270.0,1.3,0.3,0.35,7,167,349.68,350.09,349.8599853515625,0.348639326171875
V,V250926C00335000,Call,2025-09-26,335.0,1.04,16.85,18.9,6,45,349.68,350.09,349.8599853515625,0.2481154290771484
V,V251219P00240000,Put,2025-12-19,240.0,1.46,0.58,0.66,1,75,349.68,350.09,349.8599853515625,0.35742830078125
V,V251017P00380000,Put,2025-10-17,380.0,0.92,29.25,32.15,23,23,349.68,350.09,349.8599853515625,0.205513316040039
V,V270617P00290000,Put,2027-06-17,290.0,1.21,15.35,16.85,7,22,349.68,350.09,349.8599853515625,0.2339935610198974
V,V270115P00260000,Put,2027-01-15,260.0,1.35,7.45,8.4,6,58,349.68,350.09,349.8599853515625,0.2636487210083008
V,V261218P00370000,Put,2026-12-18,370.0,0.95,37.6,40.1,1,8,349.68,350.09,349.8599853515625,0.1765524240112305
V,V250919P00300000,Put,2025-09-19,300.0,1.17,0.21,0.26,19,1429,349.68,350.09,349.8599853515625,0.3166572241210937
V,V250919P00295000,Put,2025-09-19,295.0,1.19,0.17,0.21,2,1356,349.68,350.09,349.8599853515625,0.3344793115234374
V,V270617P00330000,Put,2027-06-17,330.0,1.06,26.25,28.15,2,10,349.68,350.09,349.8599853515625,0.205238660583496
V,V251017P00275000,Put,2025-10-17,275.0,1.27,0.36,0.41,1,86,349.68,350.09,349.8599853515625,0.335944140625
V,V270617C00390000,Call,2027-06-17,390.0,0.9,31.35,35.8,2,95,349.68,350.09,349.8599853515625,0.2713848497009277
V,V260220C00460000,Call,2026-02-20,460.0,0.76,0.68,0.77,2,72,349.68,350.09,349.8599853515625,0.2136309106445312
V,V251121P00260000,Put,2025-11-21,260.0,1.35,0.7,0.77,5,26,349.68,350.09,349.8599853515625,0.3449772534179687
V,V271217P00280000,Put,2027-12-17,280.0,1.25,16.25,17.5,1,12,349.68,350.09,349.8599853515625,0.2321396366882324
V,V250912P00325000,Put,2025-09-12,325.0,1.08,0.43,0.48,20,44,349.68,350.09,349.8599853515625,0.2341385180664062
V,V260918P00270000,Put,2026-09-18,270.0,1.3,6.6,7.45,16,66,349.68,350.09,349.8599853515625,0.2626721682739258
V,V250829P00347500,Put,2025-08-29,347.5,1.01,0.51,0.61,88,525,349.68,350.09,349.8599853515625,0.1462487719726562
V,V261218P00285000,Put,2026-12-18,285.0,1.23,10.3,12.0,4,211,349.68,350.09,349.8599853515625,0.2457808576965331
V,V261218P00270000,Put,2026-12-18,270.0,1.3,8.35,9.4,15,63,349.68,350.09,349.8599853515625,0.2577588873291015
V,V260320C00435000,Call,2026-03-20,435.0,0.8,2.07,2.21,3,9,349.68,350.09,349.8599853515625,0.2073138351440429
V,V251121P00265000,Put,2025-11-21,265.0,1.32,0.82,0.89,1,17,349.68,350.09,349.8599853515625,0.3354558642578125
V,V251121P00220000,Put,2025-11-21,220.0,1.59,0.75,0.84,4,56,349.68,350.09,349.8599853515625,0.5086719055175781
V,V260918P00250000,Put,2026-09-18,250.0,1.4,4.55,5.2,1,120,349.68,350.09,349.8599853515625,0.2817759811401367
V,V260320C00450000,Call,2026-03-20,450.0,0.78,1.29,1.42,1,31,349.68,350.09,349.8599853515625,0.2090533197021484
V,V251003P00340000,Put,2025-10-03,340.0,1.03,4.05,4.3,16,8,349.68,350.09,349.8599853515625,0.189888472290039
V,V271217C00440000,Call,2027-12-17,440.0,0.8,22.85,24.95,10,25,349.68,350.09,349.8599853515625,0.2509916820526122
V,V251121C00425000,Call,2025-11-21,425.0,0.8200000000000001,0.49,0.56,45,141,349.68,350.09,349.8599853515625,0.2202226416015624
V,V270617P00240000,Put,2027-06-17,240.0,1.46,7.35,8.15,1,46,349.68,350.09,349.8599853515625,0.2712780392456054
V,V270617C00435000,Call,2027-06-17,435.0,0.8,20.95,22.15,0,7,349.68,350.09,349.8599853515625,0.2611310459899902
V,V250829P00375000,Put,2025-08-29,375.0,0.93,24.2,25.8,52,10,349.68,350.09,349.8599853515625,0.6699251757812501
V,V250919C00380000,Call,2025-09-19,380.0,0.92,0.24,0.29,7,1210,349.68,350.09,349.8599853515625,0.18946123046875
V,V261218C00460000,Call,2026-12-18,460.0,0.76,6.35,7.15,22,88,349.68,350.09,349.8599853515625,0.2207109179687499
V,V260918C00430000,Call,2026-09-18,430.0,0.81,7.9,8.55,2,19,349.68,350.09,349.8599853515625,0.2192460888671875
V,V260320P00220000,Put,2026-03-20,220.0,1.59,1.01,1.11,5,35,349.68,350.09,349.8599853515625,0.3496158789062499
V,V270617C00430000,Call,2027-06-17,430.0,0.81,18.7,20.5,2,32,349.68,350.09,349.8599853515625,0.2450713311004639
V,V260320P00210000,Put,2026-03-20,210.0,1.67,0.78,0.87,60,63,349.68,350.09,349.8599853515625,0.3637758935546875
V,V251003P00325000,Put,2025-10-03,325.0,1.08,1.64,1.78,12,22,349.68,350.09,349.8599853515625,0.2201005725097655
V,V261218P00280000,Put,2026-12-18,280.0,1.25,9.9,10.95,8,48,349.68,350.09,349.8599853515625,0.2485579295349121
V,V260618P00380000,Put,2026-06-18,380.0,0.92,37.25,39.8,2,12,349.68,350.09,349.8599853515625,0.1642844802856445
V,V260515P00250000,Put,2026-05-15,250.0,1.4,2.93,3.1,3,8,349.68,350.09,349.8599853515625,0.2970651348876952
V,V261218C00520000,Call,2026-12-18,520.0,0.67,1.86,2.35,8,8746,349.68,350.09,349.8599853515625,0.2146684979248047
V,V270115C00430000,Call,2027-01-15,430.0,0.81,12.3,13.65,1,57,349.68,350.09,349.8599853515625,0.231529291229248
V,V271217P00335000,Put,2027-12-17,335.0,1.04,31.6,33.8,10,13,349.68,350.09,349.8599853515625,0.1975940837097168
V,V261218C00390000,Call,2026-12-18,390.0,0.9,22.7,25.1,4,51,349.68,350.09,349.8599853515625,0.2506636213684082
V,V250919P00305000,Put,2025-09-19,305.0,1.15,0.27,0.32,4,819,349.68,350.09,349.8599853515625,0.2981027221679687
V,V270617P00300000,Put,2027-06-17,300.0,1.17,17.65,19.3,1,34,349.68,350.09,349.8599853515625,0.2270890280151367
V,V270617P00320000,Put,2027-06-17,320.0,1.09,23.1,24.9,3,19,349.68,350.09,349.8599853515625,0.2125322888183593
V,V261218P00310000,Put,2026-12-18,310.0,1.13,15.65,17.4,1,68,349.68,350.09,349.8599853515625,0.2243272148132323
V,V261218P00250000,Put,2026-12-18,250.0,1.4,5.9,6.7,2,160,349.68,350.09,349.8599853515625,0.2744518356323242
V,V271217C00460000,Call,2027-12-17,460.0,0.76,17.85,19.85,1,69,349.68,350.09,349.8599853515625,0.2447432704162598
V,V251219C00430000,Call,2025-12-19,430.0,0.81,0.69,0.77,1,88,349.68,350.09,349.8599853515625,0.2125322888183593
V,V260918C00405000,Call,2026-09-18,405.0,0.86,13.85,14.95,3,22,349.68,350.09,349.8599853515625,0.2330856721496582
V,V250926P00315000,Put,2025-09-26,315.0,1.11,0.66,0.75,17,197,349.68,350.09,349.8599853515625,0.2495192236328124
V,V260618C00460000,Call,2026-06-18,460.0,0.76,2.23,2.41,1,24,349.68,350.09,349.8599853515625,0.2085650433349609
V,V250912P00330000,Put,2025-09-12,330.0,1.06,0.63,0.7,17,78,349.68,350.09,349.8599853515625,0.2150957397460937
V,V261218P00315000,Put,2026-12-18,315.0,1.11,17.25,18.6,5,22,349.68,350.09,349.8599853515625,0.2193528993225098
V,V270115P00280000,Put,2027-01-15,280.0,1.25,10.35,11.45,5,70,349.68,350.09,349.8599853515625,0.2462386167907714
V,V250905P00335000,Put,2025-09-05,335.0,1.04,0.37,0.42,91,223,349.68,350.09,349.8599853515625,0.2011798632812499
V,V270115P00270000,Put,2027-01-15,270.0,1.3,8.75,9.75,7,103,349.68,350.09,349.8599853515625,0.2541273318481446
V,V251003P00330000,Put,2025-10-03,330.0,1.06,2.2,2.36,14,20,349.68,350.09,349.8599853515625,0.2089312506103515
V,V260618C00445000,Call,2026-06-18,445.0,0.79,3.3,3.55,1,23,349.68,350.09,349.8599853515625,0.2096026306152343
V,V260618P00200000,Put,2026-06-18,200.0,1.75,1.12,1.25,1,120,349.68,350.09,349.8599853515625,0.3502262243652343
V,V270115C00365000,Call,2027-01-15,365.0,0.96,35.25,37.75,1,19,349.68,350.09,349.8599853515625,0.2685620019531249
V,V261218P00325000,Put,2026-12-18,325.0,1.08,20.1,21.5,2,18,349.68,350.09,349.8599853515625,0.2112200460815429
V,V250926C00370000,Call,2025-09-26,370.0,0.95,1.18,1.31,20,99,349.68,350.09,349.8599853515625,0.1798177722167968
V,V271217P00420000,Put,2027-12-17,420.0,0.8300000000000001,75.55,79.4,3,8,349.68,350.09,349.8599853515625,0.1434488121795654
V,V250829C00332500,Call,2025-08-29,332.5,1.05,17.05,18.5,2,36,349.68,350.09,349.8599853515625,0.6352575537109376
V,V270617C00490000,Call,2027-06-17,490.0,0.71,7.5,8.55,2,327,349.68,350.09,349.8599853515625,0.2271348039245605
V,V250919P00327500,Put,2025-09-19,327.5,1.07,0.96,1.04,1,34,349.68,350.09,349.8599853515625,0.2190019506835937
V,V260220C00430000,Call,2026-02-20,430.0,0.81,1.76,1.89,2,23,349.68,350.09,349.8599853515625,0.2064288342285155
V,V270115C00440000,Call,2027-01-15,440.0,0.8,10.35,11.5,3,110,349.68,350.09,349.8599853515625,0.2284012707519531
V,V270115C00460000,Call,2027-01-15,460.0,0.76,7.1,7.95,22,157,349.68,350.09,349.8599853515625,0.2220536779785155
V,V261218P00305000,Put,2026-12-18,305.0,1.15,14.85,15.9,1,21,349.68,350.09,349.8599853515625,0.2264329066467285
V,V250829C00352500,Call,2025-08-29,352.5,0.99,0.45,0.52,346,713,349.68,350.09,349.8599853515625,0.1428308374023437
V,V260220P00240000,Put,2026-02-20,240.0,1.46,1.39,1.49,7,23,349.68,350.09,349.8599853515625,0.3342351733398437
V,V250829P00360000,Put,2025-08-29,360.0,0.97,9.85,10.75,2,54,349.68,350.09,349.8599853515625,0.3469303588867187
V,V260220C00420000,Call,2026-02-20,420.0,0.8300000000000001,2.53,2.66,2,9,349.68,350.09,349.8599853515625,0.2063372824096679
V,V251219C00440000,Call,2025-12-19,440.0,0.8,0.49,0.56,1,468,349.68,350.09,349.8599853515625,0.2183916052246093
V,V270617C00520000,Call,2027-06-17,520.0,0.67,4.6,5.15,1,189,349.68,350.09,349.8599853515625,0.2191392784118652
V,V261218P00335000,Put,2026-12-18,335.0,1.04,23.35,24.75,3,14,349.68,350.09,349.8599853515625,0.2029193478393554
V,V260116P00220000,Put,2026-01-16,220.0,1.59,0.5,0.57,1,443,349.68,350.09,349.8599853515625,0.3747621118164062
V,V261218P00345000,Put,2026-12-18,345.0,1.01,26.8,28.4,1,14,349.68,350.09,349.8599853515625,0.1945423564147949
V,V250926P00320000,Put,2025-09-26,320.0,1.09,0.87,0.96,6,102,349.68,350.09,349.8599853515625,0.2341385180664062
V,V260220P00250000,Put,2026-02-20,250.0,1.4,1.78,1.89,5,16,349.68,350.09,349.8599853515625,0.3201361932373046
V,V261218C00345000,Call,2026-12-18,345.0,1.01,44.5,47.45,1,20,349.68,350.09,349.8599853515625,0.2846980100250244
V,V261218P00295000,Put,2026-12-18,295.0,1.19,12.6,13.7,2,53,349.68,350.09,349.8599853515625,0.2350082603454589
V,V270617C00355000,Call,2027-06-17,355.0,0.99,49.2,51.5,1,8,349.68,350.09,349.8599853515625,0.2876505561828612
V,V270617P00340000,Put,2027-06-17,340.0,1.03,29.8,31.55,1,15,349.68,350.09,349.8599853515625,0.196899815750122
V,V260320P00255000,Put,2026-03-20,255.0,1.37,2.4,2.53,2,12,349.68,350.09,349.8599853515625,0.3034737622070312
V,V251121C00420000,Call,2025-11-21,420.0,0.8300000000000001,0.6,0.67,3,214,349.68,350.09,349.8599853515625,0.2165605688476562
V,V261218C00430000,Call,2026-12-18,430.0,0.81,11.45,12.2,5,21,349.68,350.09,349.8599853515625,0.227073769378662
V,V271217P00250000,Put,2027-12-17,250.0,1.4,10.8,11.6,1,32,349.68,350.09,349.8599853515625,0.2512587081909179
V,V260515C00345000,Call,2026-05-15,345.0,1.01,32.8,34.75,5,16,349.68,350.09,349.8599853515625,0.2757793370056152
V,V250829P00350000,Put,2025-08-29,350.0,1.0,1.28,1.43,225,234,349.68,350.09,349.8599853515625,0.1316004809570312
V,V271217C00395000,Call,2027-12-17,395.0,0.89,38.1,40.25,8,14,349.68,350.09,349.8599853515625,0.2685620019531249
V,V260320P00275000,Put,2026-03-20,275.0,1.27,3.75,3.95,11,12,349.68,350.09,349.8599853515625,0.2779613220214844
V,V260116C00450000,Call,2026-01-16,450.0,0.78,0.54,0.62,10,948,349.68,350.09,349.8599853515625,0.2147295324707031
V,V250905C00357500,Call,2025-09-05,357.5,0.98,0.84,0.93,180,156,349.68,350.09,349.8599853515625,0.1579674047851562
V,V251121P00275000,Put,2025-11-21,275.0,1.27,1.11,1.19,1,31,349.68,350.09,349.8599853515625,0.316291016845703
V,V250829C00350000,Call,2025-08-29,350.0,1.0,1.32,1.52,623,1128,349.68,350.09,349.8599853515625,0.1538170556640625
V,V251219P00265000,Put,2025-12-19,265.0,1.32,1.21,1.3,3,35,349.68,350.09,349.8599853515625,0.3145820495605468
V,V251017C00400000,Call,2025-10-17,400.0,0.87,0.4,0.45,16,362,349.68,350.09,349.8599853515625,0.2036212451171875
V,V270115P00250000,Put,2027-01-15,250.0,1.4,6.4,7.2,81,378,349.68,350.09,349.8599853515625,0.2731243342590332
V,V250829C00330000,Call,2025-08-29,330.0,1.06,19.45,21.1,21,60,349.68,350.09,349.8599853515625,0.534184345703125
V,V260320C00425000,Call,2026-03-20,425.0,0.8200000000000001,2.86,3.05,4,25,349.68,350.09,349.8599853515625,0.2080157324218749
V,V260618P00235000,Put,2026-06-18,235.0,1.49,2.49,2.66,1,28,349.68,350.09,349.8599853515625,0.3079903186035155
V,V260220P00260000,Put,2026-02-20,260.0,1.35,2.26,2.38,3,13,349.68,350.09,349.8599853515625,0.3059151440429687
V,V250905C00360000,Call,2025-09-05,360.0,0.97,0.49,0.56,128,924,349.68,350.09,349.8599853515625,0.1593101647949218
V,V260515P00260000,Put,2026-05-15,260.0,1.35,3.6,3.8,1,15,349.68,350.09,349.8599853515625,0.285041329345703
V,V271217C00420000,Call,2027-12-17,420.0,0.8300000000000001,28.85,31.05,2,43,349.68,350.09,349.8599853515625,0.2581022066497802
V,V250919C00375000,Call,2025-09-19,375.0,0.93,0.4,0.46,13,1331,349.68,350.09,349.8599853515625,0.18164880859375
V,V270617P00315000,Put,2027-06-17,315.0,1.11,21.65,23.35,45,49,349.68,350.09,349.8599853515625,0.2159197061157226
V,V260320P00240000,Put,2026-03-20,240.0,1.46,1.68,1.8,2,36,349.68,350.09,349.8599853515625,0.3233099896240233
V,V270617C00480000,Call,2027-06-17,480.0,0.73,8.7,9.55,1,134,349.68,350.09,349.8599853515625,0.2262803202819824
V,V270617C00420000,Call,2027-06-17,420.0,0.8300000000000001,21.9,23.45,4,36,349.68,350.09,349.8599853515625,0.2490767231750488
V,V261218C00425000,Call,2026-12-18,425.0,0.8200000000000001,12.45,13.5,3,74,349.68,350.09,349.8599853515625,0.2299576516723632
V,V261218P00275000,Put,2026-12-18,275.0,1.27,9.1,10.15,1,348,349.68,350.09,349.8599853515625,0.2531507791137696
V,V260918P00305000,Put,2026-09-18,305.0,1.15,12.4,13.4,5,64,349.68,350.09,349.8599853515625,0.2297287721252441
V,V260320C00415000,Call,2026-03-20,415.0,0.84,4.0,4.2,1,13,349.68,350.09,349.8599853515625,0.2094805615234374
V,V251003C00365000,Call,2025-10-03,365.0,0.96,2.77,2.93,4,20,349.68,350.09,349.8599853515625,0.1855550195312499
V,V270617P00310000,Put,2027-06-17,310.0,1.13,20.2,21.9,1,80,349.68,350.09,349.8599853515625,0.2194444511413574
V,V270617C00370000,Call,2027-06-17,370.0,0.95,41.35,43.9,13,25,349.68,350.09,349.8599853515625,0.2781444256591796
V,V271217P00260000,Put,2027-12-17,260.0,1.35,12.5,13.35,8,35,349.68,350.09,349.8599853515625,0.2446822358703613
V,V251219C00425000,Call,2025-12-19,425.0,0.8200000000000001,0.85,0.92,3,76,349.68,350.09,349.8599853515625,0.2102129760742187
V,V270115P00340000,Put,2027-01-15,340.0,1.03,25.6,27.1,3,22,349.68,350.09,349.8599853515625,0.1967853759765624
V,V260116C00425000,Call,2026-01-16,425.0,0.8200000000000001,1.25,1.35,3,69,349.68,350.09,349.8599853515625,0.2041705560302734
V,V270617P00445000,Put,2027-06-17,445.0,0.79,93.65,97.45,11,8,349.68,350.09,349.8599853515625,0.1266566827392578
V,V261218C00450000,Call,2026-12-18,450.0,0.78,7.7,8.55,12,329,349.68,350.09,349.8599853515625,0.2223588507080077
V,V270115C00375000,Call,2027-01-15,375.0,0.93,31.0,32.75,5,20,349.68,350.09,349.8599853515625,0.2605664764404296
V,V270115C00415000,Call,2027-01-15,415.0,0.84,16.25,17.45,1,51,349.68,350.09,349.8599853515625,0.2365798999023437
V,V260320C00440000,Call,2026-03-20,440.0,0.8,1.77,1.9,1,50,349.68,350.09,349.8599853515625,0.2076495251464843
V,V270617P00335000,Put,2027-06-17,335.0,1.04,28.0,29.65,1,23,349.68,350.09,349.8599853515625,0.2001880519104004
V,V251219P00255000,Put,2025-12-19,255.0,1.37,0.91,0.99,2,107,349.68,350.09,349.8599853515625,0.3314275842285156
V,V250919P00310000,Put,2025-09-19,310.0,1.13,0.35,0.4,15,1690,349.68,350.09,349.8599853515625,0.2797923583984374
V,V270115P00325000,Put,2027-01-15,325.0,1.08,20.9,22.25,3,32,349.68,350.09,349.8599853515625,0.2102892692565918
V,V270617P00345000,Put,2027-06-17,345.0,1.01,31.7,33.7,10,30,349.68,350.09,349.8599853515625,0.1944508045959472
V,V260220C00330000,Call,2026-02-20,330.0,1.06,36.55,38.4,2,15,349.68,350.09,349.8599853515625,0.2898630584716796
V,V250926P00345000,Put,2025-09-26,345.0,1.01,4.65,4.9,15,18,349.68,350.09,349.8599853515625,0.1778646667480468
V,V260918C00390000,Call,2026-09-18,390.0,0.9,18.55,19.75,3,33,349.68,350.09,349.8599853515625,0.2399520585632323
V,V260320P00230000,Put,2026-03-20,230.0,1.52,1.31,1.42,1,93,349.68,350.09,349.8599853515625,0.3364324169921875
V,V250912C00365000,Call,2025-09-12,365.0,0.96,0.66,0.73,83,301,349.68,350.09,349.8599853515625,0.1701743139648437
V,V260220C00410000,Call,2026-02-20,410.0,0.85,3.65,3.8,1,9,349.68,350.09,349.8599853515625,0.2080462496948241
V,V261218C00285000,Call,2026-12-18,285.0,1.23,85.55,89.95,1,17,349.68,350.09,349.8599853515625,0.3561465753173828
V,V251003P00345000,Put,2025-10-03,345.0,1.01,5.5,5.75,5,12,349.68,350.09,349.8599853515625,0.1800924276733398
V,V250926C00365000,Call,2025-09-26,365.0,0.96,2.0,2.15,26,64,349.68,350.09,349.8599853515625,0.1804891522216797
V,V260918C00425000,Call,2026-09-18,425.0,0.8200000000000001,9.0,9.5,1,22,349.68,350.09,349.8599853515625,0.2206804006958007
V,V250926P00340000,Put,2025-09-26,340.0,1.03,3.25,3.45,9,31,349.68,350.09,349.8599853515625,0.1864095031738281
V,V251017P00285000,Put,2025-10-17,285.0,1.23,0.52,0.58,9,570,349.68,350.09,349.8599853515625,0.3117744604492187
V,V271217C00410000,Call,2027-12-17,410.0,0.85,32.4,34.5,1,39,349.68,350.09,349.8599853515625,0.2620007882690429
V,V260618C00450000,Call,2026-06-18,450.0,0.78,2.9,3.1,10,51,349.68,350.09,349.8599853515625,0.2088091815185546
V,V260918P00320000,Put,2026-09-18,320.0,1.09,16.15,17.1,2,29,349.68,350.09,349.8599853515625,0.2163469479370117
V,V270115C00355000,Call,2027-01-15,355.0,0.99,40.5,42.75,3,24,349.68,350.09,349.8599853515625,0.2745586460876465
V,V251121C00415000,Call,2025-11-21,415.0,0.84,0.74,0.82,35,453,349.68,350.09,349.8599853515625,0.2135088415527344
V,V260918C00445000,Call,2026-09-18,445.0,0.79,5.8,6.15,1,32,349.68,350.09,349.8599853515625,0.2151567742919922
V,V250919P00352500,Put,2025-09-19,352.5,0.99,6.85,7.15,1,12,349.68,350.09,349.8599853515625,0.163094306640625
V,V270115C00450000,Call,2027-01-15,450.0,0.78,8.7,9.5,110,193,349.68,350.09,349.8599853515625,0.2243424734497069
V,V271217P00370000,Put,2027-12-17,370.0,0.95,46.9,48.55,1,7,349.68,350.09,349.8599853515625,0.1733175930786132
V,V250829C00325000,Call,2025-08-29,325.0,1.08,24.6,26.0,22,27,349.68,350.09,349.8599853515625,0.649417568359375
V,V260618P00220000,Put,2026-06-18,220.0,1.59,1.79,1.93,2,93,349.68,350.09,349.8599853515625,0.3252630950927734
V,V250919P00370000,Put,2025-09-19,370.0,0.95,19.35,20.6,2,44,349.68,350.09,349.8599853515625,0.15430533203125
V,V271217C00445000,Call,2027-12-17,445.0,0.79,22.1,23.05,12,12,349.68,350.09,349.8599853515625,0.2465590481567383
V,V251219P00385000,Put,2025-12-19,385.0,0.91,36.1,37.65,3,12,349.68,350.09,349.8599853515625,0.1629112030029297
V,V250829C00320000,Call,2025-08-29,320.0,1.09,29.4,31.05,2,27,349.68,350.09,349.8599853515625,0.7270535107421875
V,V251017P00295000,Put,2025-10-17,295.0,1.19,0.75,0.81,10,109,349.68,350.09,349.8599853515625,0.2862620202636718
V,V271217P00360000,Put,2027-12-17,360.0,0.97,41.75,44.1,2,28,349.68,350.09,349.8599853515625,0.1813207479095458
V,V250912P00350000,Put,2025-09-12,350.0,1.0,4.55,4.8,26,26,349.68,350.09,349.8599853515625,0.1618736157226562
V,V250905P00337500,Put,2025-09-05,337.5,1.04,0.5,0.56,103,1083,349.68,350.09,349.8599853515625,0.1892170922851562
V,V260918C00410000,Call,2026-09-18,410.0,0.85,12.45,13.55,11,188,349.68,350.09,349.8599853515625,0.2308731698608398
V,V270617C00450000,Call,2027-06-17,450.0,0.78,14.05,15.45,2,361,349.68,350.09,349.8599853515625,0.2376785217285155
V,V260116P00230000,Put,2026-01-16,230.0,1.52,0.67,0.75,1,1107,349.68,350.09,349.8599853515625,0.3591372680664062
V,V251017C00395000,Call,2025-10-17,395.0,0.89,0.54,0.59,3,246,349.68,350.09,349.8599853515625,0.1984943432617187
V,V270115C00345000,Call,2027-01-15,345.0,1.01,46.05,48.9,7,41,349.68,350.09,349.8599853515625,0.2857127093505859
V,V261218P00290000,Put,2026-12-18,290.0,1.21,11.65,12.65,1,173,349.68,350.09,349.8599853515625,0.2388686953735351
V,V260116C00440000,Call,2026-01-16,440.0,0.8,0.74,0.82,38,642,349.68,350.09,349.8599853515625,0.2094805615234374
V,V250926C00360000,Call,2025-09-26,360.0,0.97,3.25,3.5,9,106,349.68,350.09,349.8599853515625,0.1848836395263671
V,V251121P00270000,Put,2025-11-21,270.0,1.3,0.95,1.03,22,164,349.68,350.09,349.8599853515625,0.3259344750976562
V,V261218C00395000,Call,2026-12-18,395.0,0.89,21.5,22.7,2,30,349.68,350.09,349.8599853515625,0.244575425415039
V,V270115C00405000,Call,2027-01-15,405.0,0.86,19.3,20.75,14,99,349.68,350.09,349.8599853515625,0.2425002508544921
V,V270115C00385000,Call,2027-01-15,385.0,0.91,26.75,28.15,4,25,349.68,350.09,349.8599853515625,0.2529447875213623
V,V250912C00360000,Call,2025-09-12,360.0,0.97,1.4,1.52,22,194,349.68,350.09,349.8599853515625,0.1704184521484375
V,V260918C00385000,Call,2026-09-18,385.0,0.91,20.6,21.85,2,43,349.68,350.09,349.8599853515625,0.244422839050293
V,V271217P00310000,Put,2027-12-17,310.0,1.13,23.55,25.05,2,52,349.68,350.09,349.8599853515625,0.2114336669921874
V,V270115P00430000,Put,2027-01-15,430.0,0.81,79.25,82.95,1,18,349.68,350.09,349.8599853515625,0.1356287609863281
V,V270617C00385000,Call,2027-06-17,385.0,0.91,34.65,36.35,1,21,349.68,350.09,349.8599853515625,0.2657162662506104
V,V260515P00290000,Put,2026-05-15,290.0,1.21,6.7,7.0,15,16,349.68,350.09,349.8599853515625,0.2515333636474609
V,V260618P00225000,Put,2026-06-18,225.0,1.56,2.01,2.15,2,77,349.68,350.09,349.8599853515625,0.3194037786865233
V,V251219P00250000,Put,2025-12-19,250.0,1.4,0.79,0.86,1,247,349.68,350.09,349.8599853515625,0.3397282824707031
V,V250926P00325000,Put,2025-09-26,325.0,1.08,1.17,1.27,1,209,349.68,350.09,349.8599853515625,0.2199785034179687
V,V261218C00275000,Call,2026-12-18,275.0,1.27,93.5,97.95,3,20,349.68,350.09,349.8599853515625,0.3703065899658203
V,V270617C00280000,Call,2027-06-17,280.0,1.25,96.05,100.2,4,15,349.68,350.09,349.8599853515625,0.352721011428833
V,V260320C00420000,Call,2026-03-20,420.0,0.8300000000000001,3.35,3.6,16,112,349.68,350.09,349.8599853515625,0.2089922851562499
V,V250912C00335000,Call,2025-09-12,335.0,1.04,15.9,17.0,2,82,349.68,350.09,349.8599853515625,0.2546461254882813
V,V271217C00380000,Call,2027-12-17,380.0,0.92,44.45,47.55,10,86,349.68,350.09,349.8599853515625,0.280005979309082
V,V270115C00325000,Call,2027-01-15,325.0,1.08,58.6,61.35,12,20,349.68,350.09,349.8599853515625,0.303794193572998
V,V250905P00340000,Put,2025-09-05,340.0,1.03,0.71,0.79,117,1212,349.68,350.09,349.8599853515625,0.179695703125
V,V251017P00290000,Put,2025-10-17,290.0,1.21,0.62,0.68,1,472,349.68,350.09,349.8599853515625,0.2985909985351562
V,V251219C00340000,Call,2025-12-19,340.0,1.03,24.1,25.95,8,140,349.68,350.09,349.8599853515625,0.2686535537719726
V,V261218P00360000,Put,2026-12-18,360.0,0.97,33.1,34.75,5,25,349.68,350.09,349.8599853515625,0.1819692399597168
V,V270115P00410000,Put,2027-01-15,410.0,0.85,63.15,65.75,1,14,349.68,350.09,349.8599853515625,0.1407556628417968
V,V271217P00410000,Put,2027-12-17,410.0,0.85,69.3,72.15,10,14,349.68,350.09,349.8599853515625,0.148446015625
V,V250912P00335000,Put,2025-09-12,335.0,1.04,0.99,1.07,2,188,349.68,350.09,349.8599853515625,0.1973957214355468
V,V270115C00335000,Call,2027-01-15,335.0,1.04,52.35,54.9,2,24,349.68,350.09,349.8599853515625,0.2941812525939941
V,V270115P00385000,Put,2027-01-15,385.0,0.91,46.9,48.65,2,11,349.68,350.09,349.8599853515625,0.1605003384399414
V,V260618P00240000,Put,2026-06-18,240.0,1.46,2.77,2.94,1,56,349.68,350.09,349.8599853515625,0.3020089331054688
V,V250829C00347500,Call,2025-08-29,347.5,1.01,2.98,3.25,90,370,349.68,350.09,349.8599853515625,0.1779867358398437
V,V260618C00415000,Call,2026-06-18,415.0,0.84,7.45,7.75,1,14,349.68,350.09,349.8599853515625,0.216530051574707
V,V260618P00385000,Put,2026-06-18,385.0,0.91,41.55,43.3,2,16,349.68,350.09,349.8599853515625,0.1619041329956054
V,V260918P00365000,Put,2026-09-18,365.0,0.96,33.0,34.15,1,10,349.68,350.09,349.8599853515625,0.1766897517395019
V,V251003C00360000,Call,2025-10-03,360.0,0.97,4.25,4.45,2,24,349.68,350.09,349.8599853515625,0.190437783203125
V,V271217C00360000,Call,2027-12-17,360.0,0.97,54.05,57.1,1,46,349.68,350.09,349.8599853515625,0.2906793955230712
V,V250912P00355000,Put,2025-09-12,355.0,0.99,7.2,7.5,6,17,349.68,350.09,349.8599853515625,0.151802915649414
V,V260116C00415000,Call,2026-01-16,415.0,0.84,1.84,1.95,24,60,349.68,350.09,349.8599853515625,0.2022784851074218
V,V260918P00300000,Put,2026-09-18,300.0,1.17,11.5,12.35,3,155,349.68,350.09,349.8599853515625,0.2343673976135253
V,V250926P00335000,Put,2025-09-26,335.0,1.04,2.29,2.44,18,89,349.68,350.09,349.8599853515625,0.1964802032470703
V,V250919P00322500,Put,2025-09-19,322.5,1.08,0.7,0.76,40,345,349.68,350.09,349.8599853515625,0.2351150708007812
V,V251219C00420000,Call,2025-12-19,420.0,0.8300000000000001,1.03,1.1,4,107,349.68,350.09,349.8599853515625,0.2077715942382812
V,V260918P00280000,Put,2026-09-18,280.0,1.25,8.0,8.5,2,74,349.68,350.09,349.8599853515625,0.2492140509033203
V,V271217P00400000,Put,2027-12-17,400.0,0.87,63.0,65.75,2,20,349.68,350.09,349.8599853515625,0.1556099454498291
V,V250926P00350000,Put,2025-09-26,350.0,1.0,6.5,6.8,4,24,349.68,350.09,349.8599853515625,0.1682212084960938
V,V260918C00400000,Call,2026-09-18,400.0,0.87,15.2,16.05,1,48,349.68,350.09,349.8599853515625,0.2322922230529785
V,V250905P00347500,Put,2025-09-05,347.5,1.01,2.23,2.37,30,78,349.68,350.09,349.8599853515625,0.1566246447753906
V,V251017P00370000,Put,2025-10-17,370.0,0.95,21.2,22.75,34,158,349.68,350.09,349.8599853515625,0.1763998376464844
V,V260918C00450000,Call,2026-09-18,450.0,0.78,5.2,5.5,1,57,349.68,350.09,349.8599853515625,0.2140276351928711
V,V250926P00330000,Put,2025-09-26,330.0,1.06,1.62,1.74,20,176,349.68,350.09,349.8599853515625,0.207466421508789
V,V271217P00300000,Put,2027-12-17,300.0,1.17,21.2,22.8,2,196,349.68,350.09,349.8599853515625,0.2212068236541748
V,V270115C00420000,Call,2027-01-15,420.0,0.8300000000000001,15.05,16.15,5,167,349.68,350.09,349.8599853515625,0.2351761053466796
V,V250905C00352500,Call,2025-09-05,352.5,0.99,2.27,2.44,63,199,349.68,350.09,349.8599853515625,0.1639487902832031
V,V250905P00345000,Put,2025-09-05,345.0,1.01,1.52,1.65,29,411,349.68,350.09,349.8599853515625,0.1638267211914063
V,V250905C00347500,Call,2025-09-05,347.5,1.01,4.95,5.25,40,75,349.68,350.09,349.8599853515625,0.1812215667724609
V,V261218P00425000,Put,2026-12-18,425.0,0.8200000000000001,74.65,77.75,5,19,349.68,350.09,349.8599853515625,0.131295308227539
V,V250905C00335000,Call,2025-09-05,335.0,1.04,15.15,16.05,2,69,349.68,350.09,349.8599853515625,0.2727123510742187
V,V260918C00320000,Call,2026-09-18,320.0,1.09,56.15,57.85,1,8,349.68,350.09,349.8599853515625,0.3007729835510254
V,V250905P00342500,Put,2025-09-05,342.5,1.02,1.04,1.13,184,450,349.68,350.09,349.8599853515625,0.1707846594238281
V,V261218P00365000,Put,2026-12-18,365.0,0.96,35.3,37.3,2,57,349.68,350.09,349.8599853515625,0.1788869953918457
V,V260220C00395000,Call,2026-02-20,395.0,0.89,6.25,6.5,1,17,349.68,350.09,349.8599853515625,0.2141802215576171
V,V270617C00250000,Call,2027-06-17,250.0,1.4,119.5,123.45,5,10,349.68,350.09,349.8599853515625,0.3866943655395507
V,V250905P00355000,Put,2025-09-05,355.0,0.99,6.05,6.35,12,35,349.68,350.09,349.8599853515625,0.1418542846679687
V,V260320P00380000,Put,2026-03-20,380.0,0.92,35.25,36.95,3,32,349.68,350.09,349.8599853515625,0.1654441366577148
V,V260618P00230000,Put,2026-06-18,230.0,1.52,2.24,2.4,1,172,349.68,350.09,349.8599853515625,0.3138496350097656
V,V250919P00315000,Put,2025-09-19,315.0,1.11,0.46,0.51,5,2256,349.68,350.09,349.8599853515625,0.2617261328125
V,V260320P00400000,Put,2026-03-20,400.0,0.87,50.5,52.2,2,11,349.68,350.09,349.8599853515625,0.1440210110473632
V,V250905C00355000,Call,2025-09-05,355.0,0.99,1.4,1.51,136,293,349.68,350.09,349.8599853515625,0.1583336120605468
V,V260320P00285000,Put,2026-03-20,285.0,1.23,4.7,4.9,7,22,349.68,350.09,349.8599853515625,0.2651440673828125
V,V270617C00325000,Call,2027-06-17,325.0,1.08,66.45,69.1,1,18,349.68,350.09,349.8599853515625,0.3106605799865722
V,V260116C00430000,Call,2026-01-16,430.0,0.81,1.04,1.13,2,520,349.68,350.09,349.8599853515625,0.205513316040039
V,V270617C00310000,Call,2027-06-17,310.0,1.13,76.2,78.75,2,11,349.68,350.09,349.8599853515625,0.3227606787109374
V,V261218C00255000,Call,2026-12-18,255.0,1.37,110.25,113.8,3,10,349.68,350.09,349.8599853515625,0.3939574765014648
V,V271217P00425000,Put,2027-12-17,425.0,0.8200000000000001,79.1,82.8,34,31,349.68,350.09,349.8599853515625,0.1384210914611816
V,V251121C00300000,Call,2025-11-21,300.0,1.17,54.45,56.05,4,8,349.68,350.09,349.8599853515625,0.3670107244873046
V,V260918P00310000,Put,2026-09-18,310.0,1.13,13.65,14.6,3,166,349.68,350.09,349.8599853515625,0.2257157507324218
V,V251121C00410000,Call,2025-11-21,410.0,0.85,0.93,1.01,1,537,349.68,350.09,349.8599853515625,0.2107012524414062
V,V260918C00310000,Call,2026-09-18,310.0,1.13,63.35,65.2,2,8,349.68,350.09,349.8599853515625,0.3138191177368163
V,V251017C00390000,Call,2025-10-17,390.0,0.9,0.73,0.8,2,1103,349.68,350.09,349.8599853515625,0.1945881323242187
V,V251219C00415000,Call,2025-12-19,415.0,0.84,1.27,1.34,2,60,349.68,350.09,349.8599853515625,0.2061846960449218
V,V271217P00340000,Put,2027-12-17,340.0,1.03,33.5,35.35,5,61,349.68,350.09,349.8599853515625,0.1926960614013672
V,V251121P00285000,Put,2025-11-21,285.0,1.23,1.5,1.59,3,87,349.68,350.09,349.8599853515625,0.2972482385253905
V,V261218P00410000,Put,2026-12-18,410.0,0.85,62.5,65.4,1,32,349.68,350.09,349.8599853515625,0.1415491119384765
V,V251017C00385000,Call,2025-10-17,385.0,0.91,1.03,1.11,7,319,349.68,350.09,349.8599853515625,0.1917195086669922
V,V250912C00355000,Call,2025-09-12,355.0,0.99,2.84,3.05,25,246,349.68,350.09,349.8599853515625,0.1773763903808593
V,V250919P00332500,Put,2025-09-19,332.5,1.05,1.39,1.49,10,213,349.68,350.09,349.8599853515625,0.2048419360351562
V,V260320P00410000,Put,2026-03-20,410.0,0.85,96.0,99.65,2,17,349.68,350.09,349.8599853515625,0.5623517886352539
V,V260618C00435000,Call,2026-06-18,435.0,0.8,4.35,4.6,1,75,349.68,350.09,349.8599853515625,0.2109759078979491
V,V251003C00355000,Call,2025-10-03,355.0,0.99,6.25,6.5,9,20,349.68,350.09,349.8599853515625,0.1973346868896484
V,V250919C00285000,Call,2025-09-19,285.0,1.23,64.0,66.8,17,27,349.68,350.09,349.8599853515625,0.6035195898437502
V,V260618C00440000,Call,2026-06-18,440.0,0.8,3.75,4.05,2,398,349.68,350.09,349.8599853515625,0.2103350451660156
V,V261218C00230000,Call,2026-12-18,230.0,1.52,134.55,138.4,2,8,349.68,350.09,349.8599853515625,0.4690910025024414
V,V261218P00330000,Put,2026-12-18,330.0,1.06,21.6,23.0,2,135,349.68,350.09,349.8599853515625,0.206566161956787
V,V260320C00230000,Call,2026-03-20,230.0,1.52,142.45,146.5,4,8,349.68,350.09,349.8599853515625,0.8141192904663085
V,V261218P00300000,Put,2026-12-18,300.0,1.17,13.7,14.8,5,425,349.68,350.09,349.8599853515625,0.2309952389526367
V,V260918P00290000,Put,2026-09-18,290.0,1.21,9.6,10.15,76,78,349.68,350.09,349.8599853515625,0.2404555935668945
V,V260320P00295000,Put,2026-03-20,295.0,1.19,5.9,6.15,1,25,349.68,350.09,349.8599853515625,0.2537306072998047
V,V261218C00365000,Call,2026-12-18,365.0,0.96,34.4,36.4,1,84,349.68,350.09,349.8599853515625,0.267860104675293
V,V260918C00325000,Call,2026-09-18,325.0,1.08,52.95,54.45,2,8,349.68,350.09,349.8599853515625,0.295630823059082
V,V250919P00337500,Put,2025-09-19,337.5,1.04,2.09,2.21,33,80,349.68,350.09,349.8599853515625,0.1929401995849609
V,V270617C00305000,Call,2027-06-17,305.0,1.15,79.65,82.2,2,11,349.68,350.09,349.8599853515625,0.3276129251098633
V,V261218C00335000,Call,2026-12-18,335.0,1.04,51.25,53.55,10,31,349.68,350.09,349.8599853515625,0.2938455625915526
V,V260918C00420000,Call,2026-09-18,420.0,0.8300000000000001,10.15,10.6,1,30,349.68,350.09,349.8599853515625,0.2227555752563476
V,V260918P00315000,Put,2026-09-18,315.0,1.11,14.9,15.7,3,63,349.68,350.09,349.8599853515625,0.220161607055664
V,V270617C00410000,Call,2027-06-17,410.0,0.85,24.85,26.75,2,349,349.68,350.09,349.8599853515625,0.2535780209350586
V,V260220C00400000,Call,2026-02-20,400.0,0.87,5.2,5.45,231,42,349.68,350.09,349.8599853515625,0.2117388397216796
V,V260220C00340000,Call,2026-02-20,340.0,1.03,29.85,31.5,1,74,349.68,350.09,349.8599853515625,0.2745433874511719
V,V260320C00335000,Call,2026-03-20,335.0,1.04,34.85,36.45,10,36,349.68,350.09,349.8599853515625,0.2778697702026367
V,V251219P00260000,Put,2025-12-19,260.0,1.35,1.05,1.13,50,366,349.68,350.09,349.8599853515625,0.3227606787109374
V,V260918C00415000,Call,2026-09-18,415.0,0.84,11.35,11.8,4,22,349.68,350.09,349.8599853515625,0.2249528189086914
V,V251017P00375000,Put,2025-10-17,375.0,0.93,25.4,26.95,8,120,349.68,350.09,349.8599853515625,0.1768881140136718
V,V270115P00355000,Put,2027-01-15,355.0,0.99,31.7,32.85,2,17,349.68,350.09,349.8599853515625,0.1830220858764648
V,V250919C00315000,Call,2025-09-19,315.0,1.11,34.9,37.05,5,127,349.68,350.09,349.8599853515625,0.3809876354980468
V,V250919C00357500,Call,2025-09-19,357.5,0.98,3.15,3.35,44,147,349.68,350.09,349.8599853515625,0.1825032922363281
V,V260116P00385000,Put,2026-01-16,385.0,0.91,36.8,38.35,5,28,349.68,350.09,349.8599853515625,0.1587608538818359
V,V271217C00355000,Call,2027-12-17,355.0,0.99,56.7,58.85,6,20,349.68,350.09,349.8599853515625,0.2896265496063231
V,V251121C00405000,Call,2025-11-21,405.0,0.86,1.17,1.26,1,432,349.68,350.09,349.8599853515625,0.2085040087890624
V,V271217C00280000,Call,2027-12-17,280.0,1.25,103.6,106.55,1,9,349.68,350.09,349.8599853515625,0.3501423018646239
V,V251219C00405000,Call,2025-12-19,405.0,0.86,1.91,2.02,2,98,349.68,350.09,349.8599853515625,0.2039874523925781
V,V271217C00390000,Call,2027-12-17,390.0,0.9,40.2,42.35,2,72,349.68,350.09,349.8599853515625,0.2710796769714356
V,V260918C00330000,Call,2026-09-18,330.0,1.06,49.4,51.05,2,14,349.68,350.09,349.8599853515625,0.2899393516540526
V,V270115P00345000,Put,2027-01-15,345.0,1.01,27.8,28.65,1,11,349.68,350.09,349.8599853515625,0.1906361454772949
V,V260320C00395000,Call,2026-03-20,395.0,0.89,7.7,7.95,10,13,349.68,350.09,349.8599853515625,0.2167436724853515
V,V250919P00320000,Put,2025-09-19,320.0,1.09,0.6,0.66,47,2625,349.68,350.09,349.8599853515625,0.2437819763183593
V,V260515P00330000,Put,2026-05-15,330.0,1.06,14.9,15.3,1,8,349.68,350.09,349.8599853515625,0.2090990956115722
V,V261218C00295000,Call,2026-12-18,295.0,1.19,78.2,81.5,1,30,349.68,350.09,349.8599853515625,0.3375615560913085
V,V271217C00310000,Call,2027-12-17,310.0,1.13,82.2,86.2,1,52,349.68,350.09,349.8599853515625,0.3251944312286376
V,V251219C00325000,Call,2025-12-19,325.0,1.08,34.1,35.9,4,74,349.68,350.09,349.8599853515625,0.2819896020507812
V,V250905P00350000,Put,2025-09-05,350.0,1.0,3.15,3.35,64,175,349.68,350.09,349.8599853515625,0.1496667065429687
V,V260618C00425000,Call,2026-06-18,425.0,0.8200000000000001,5.7,5.95,1,36,349.68,350.09,349.8599853515625,0.2129595306396484
V,V260116P00240000,Put,2026-01-16,240.0,1.46,0.89,0.97,2,1402,349.68,350.09,349.8599853515625,0.3430241479492187
V,V261218C00380000,Call,2026-12-18,380.0,0.92,27.5,29.1,7,119,349.68,350.09,349.8599853515625,0.2559278509521484
V,V261218C00375000,Call,2026-12-18,375.0,0.93,29.75,31.35,1,84,349.68,350.09,349.8599853515625,0.2593000096130372
V,V251121P00280000,Put,2025-11-21,280.0,1.25,1.29,1.37,1,165,349.68,350.09,349.8599853515625,0.3065254895019531
V,V270617C00360000,Call,2027-06-17,360.0,0.97,46.4,48.7,6,60,349.68,350.09,349.8599853515625,0.2833933966064452
V,V250919C00320000,Call,2025-09-19,320.0,1.09,29.95,32.4,12,798,349.68,350.09,349.8599853515625,0.3579776116943359
V,V260918P00380000,Put,2026-09-18,380.0,0.92,40.95,42.3,5,15,349.68,350.09,349.8599853515625,0.1627128407287598
V,V250919C00325000,Call,2025-09-19,325.0,1.08,26.35,27.95,22,154,349.68,350.09,349.8599853515625,0.3400944897460937
V,V260320C00325000,Call,2026-03-20,325.0,1.08,42.25,43.4,7,9,349.68,350.09,349.8599853515625,0.2910990080261229
V,V260220C00335000,Call,2026-02-20,335.0,1.04,33.2,34.4,6,20,349.68,350.09,349.8599853515625,0.2768932174682617
V,V270617C00335000,Call,2027-06-17,335.0,1.04,60.1,62.3,1,21,349.68,350.09,349.8599853515625,0.2990640162658691
V,V251219C00315000,Call,2025-12-19,315.0,1.11,42.15,44.15,2,53,349.68,350.09,349.8599853515625,0.3049996258544921
V,V250912P00345000,Put,2025-09-12,345.0,1.01,2.79,2.94,20,90,349.68,350.09,349.8599853515625,0.1722494885253906
V,V270617P00370000,Put,2027-06-17,370.0,0.95,42.75,45.05,12,92,349.68,350.09,349.8599853515625,0.1771017349243164
V,V251017C00295000,Call,2025-10-17,295.0,1.19,57.05,58.65,3,10,349.68,350.09,349.8599853515625,0.4288997540283203
V,V250905P00352500,Put,2025-09-05,352.5,0.99,4.45,4.7,3,114,349.68,350.09,349.8599853515625,0.1458825646972656
V,V270115C00410000,Call,2027-01-15,410.0,0.85,17.8,19.1,2,455,349.68,350.09,349.8599853515625,0.2398299894714355
V,V270115P00310000,Put,2027-01-15,310.0,1.13,16.6,17.55,3,125,349.68,350.09,349.8599853515625,0.2191392784118652
V,V260320C00410000,Call,2026-03-20,410.0,0.85,4.7,4.95,3,90,349.68,350.09,349.8599853515625,0.2109453906249999
V,V270617C00345000,Call,2027-06-17,345.0,1.01,54.7,57.2,2,48,349.68,350.09,349.8599853515625,0.2956918576049804
V,V260220P00280000,Put,2026-02-20,280.0,1.25,3.6,3.75,35,34,349.68,350.09,349.8599853515625,0.2781139083862304
V,V260918P00325000,Put,2026-09-18,325.0,1.08,17.55,18.4,2,62,349.68,350.09,349.8599853515625,0.2109911665344238
V,V260116P00395000,Put,2026-01-16,395.0,0.89,45.1,46.55,15,15,349.68,350.09,349.8599853515625,0.1456994610595703
V,V251017C00225000,Call,2025-10-17,225.0,1.56,149.85,153.65,2,8,349.68,350.09,349.8599853515625,1.7604992443847656
V,V251219C00345000,Call,2025-12-19,345.0,1.01,20.65,21.75,14,96,349.68,350.09,349.8599853515625,0.2482985327148437
V,V270617P00350000,Put,2027-06-17,350.0,1.0,34.1,35.7,2,56,349.68,350.09,349.8599853515625,0.1906514041137695
V,V261218C00220000,Call,2026-12-18,220.0,1.59,130.55,134.0,4,9,349.68,350.09,349.8599853515625,0.3053047985839844
V,V270115P00290000,Put,2027-01-15,290.0,1.21,12.3,13.1,4,260,349.68,350.09,349.8599853515625,0.2360000717163085
V,V260618P00250000,Put,2026-06-18,250.0,1.4,3.4,3.6,1,155,349.68,350.09,349.8599853515625,0.2906565075683593
V,V260220P00290000,Put,2026-02-20,290.0,1.21,4.5,4.7,10,46,349.68,350.09,349.8599853515625,0.2645032046508788
V,V271217P00350000,Put,2027-12-17,350.0,1.0,37.9,39.45,2,34,349.68,350.09,349.8599853515625,0.1865620895385742
V,V251017C00335000,Call,2025-10-17,335.0,1.04,20.65,22.0,17,276,349.68,350.09,349.8599853515625,0.2598950964355468
V,V260918C00315000,Call,2026-09-18,315.0,1.11,59.95,61.45,1,8,349.68,350.09,349.8599853515625,0.3069374726867676
V,V250919P00325000,Put,2025-09-19,325.0,1.08,0.82,0.89,31,1451,349.68,350.09,349.8599853515625,0.2273026489257812
V,V251219P00275000,Put,2025-12-19,275.0,1.27,1.6,1.69,2,129,349.68,350.09,349.8599853515625,0.2973092730712889
V,V250919C00370000,Call,2025-09-19,370.0,0.95,0.73,0.8,168,3563,349.68,350.09,349.8599853515625,0.1774984594726562
V,V270617C00270000,Call,2027-06-17,270.0,1.3,103.95,107.6,2,21,349.68,350.09,349.8599853515625,0.3623415817260742
V,V251121C00240000,Call,2025-11-21,240.0,1.46,136.45,140.15,0,10,349.68,350.09,349.8599853515625,1.261173127746582
V,V271217C00300000,Call,2027-12-17,300.0,1.17,88.65,92.85,1,63,349.68,350.09,349.8599853515625,0.3336019399261475
V,V270115C00190000,Call,2027-01-15,190.0,1.84,166.5,171.0,0,10,349.68,350.09,349.8599853515625,0.4950001672363281
V,V261218P00340000,Put,2026-12-18,340.0,1.03,25.0,26.55,1,223,349.68,350.09,349.8599853515625,0.1989215850830077
V,V260320P00270000,Put,2026-03-20,270.0,1.3,3.35,3.55,16,184,349.68,350.09,349.8599853515625,0.2845530529785155
V,V261218C00370000,Call,2026-12-18,370.0,0.95,32.05,33.7,1,91,349.68,350.09,349.8599853515625,0.2627637200927735
V,V260918C00305000,Call,2026-09-18,305.0,1.15,67.05,69.45,11,23,349.68,350.09,349.8599853515625,0.3243628355407714
V,V271217P00315000,Put,2027-12-17,315.0,1.11,25.5,26.45,4,27,349.68,350.09,349.8599853515625,0.2076190078735351
V,V270115P00315000,Put,2027-01-15,315.0,1.11,17.9,19.1,3,373,349.68,350.09,349.8599853515625,0.2167284138488769
V,V261218P00320000,Put,2026-12-18,320.0,1.09,18.75,19.95,2,288,349.68,350.09,349.8599853515625,0.2148973774719238
V,V270617C00315000,Call,2027-06-17,315.0,1.11,72.15,75.05,2,36,349.68,350.09,349.8599853515625,0.3161689477539062
V,V251121C00400000,Call,2025-11-21,400.0,0.87,1.49,1.59,3,385,349.68,350.09,349.8599853515625,0.2068560760498046
V,V270115P00335000,Put,2027-01-15,335.0,1.04,24.15,24.95,2,19,349.68,350.09,349.8599853515625,0.1985096018981933
V,V271217P00330000,Put,2027-12-17,330.0,1.06,30.4,31.65,3,40,349.68,350.09,349.8599853515625,0.1991428353118896
V,V271217C00385000,Call,2027-12-17,385.0,0.91,42.7,44.5,20,44,349.68,350.09,349.8599853515625,0.2735515760803222
V,V260515C00400000,Call,2026-05-15,400.0,0.87,9.35,9.7,12,29,349.68,350.09,349.8599853515625,0.2210771252441406
V,V271217C00220000,Call,2027-12-17,220.0,1.59,148.05,153.0,1,20,349.68,350.09,349.8599853515625,0.4171963798522949
V,V261218C00350000,Call,2026-12-18,350.0,1.0,42.1,44.15,3,81,349.68,350.09,349.8599853515625,0.2778392529296875
V,V260320C00430000,Call,2026-03-20,430.0,0.81,2.43,2.58,3,258,349.68,350.09,349.8599853515625,0.2072222833251952
V,V270617C00350000,Call,2027-06-17,350.0,1.0,51.65,53.95,1,56,349.68,350.09,349.8599853515625,0.2896570668792724
V,V261218P00400000,Put,2026-12-18,400.0,0.87,55.8,58.15,3,45,349.68,350.09,349.8599853515625,0.1506127420043945
V,V260618C00430000,Call,2026-06-18,430.0,0.81,4.95,5.25,1,236,349.68,350.09,349.8599853515625,0.2121050469970702
V,V260320P00250000,Put,2026-03-20,250.0,1.4,2.13,2.26,2,247,349.68,350.09,349.8599853515625,0.310004458618164
V,V261218C00400000,Call,2026-12-18,400.0,0.87,19.7,20.85,2,196,349.68,350.09,349.8599853515625,0.2414474049377441
V,V261218P00420000,Put,2026-12-18,420.0,0.8300000000000001,70.8,73.55,1,34,349.68,350.09,349.8599853515625,0.1352778123474121
V,V260618P00245000,Put,2026-06-18,245.0,1.43,3.05,3.25,1,374,349.68,350.09,349.8599853515625,0.2962106512451171
V,V260618C00295000,Call,2026-06-18,295.0,1.19,70.45,72.85,1,22,349.68,350.09,349.8599853515625,0.3436802693176269
V,V271217P00320000,Put,2027-12-17,320.0,1.09,27.0,28.15,2,49,349.68,350.09,349.8599853515625,0.2050174103546142
V,V260320P00260000,Put,2026-03-20,260.0,1.35,2.69,2.82,1,84,349.68,350.09,349.8599853515625,0.2967294448852539
V,V251121C00310000,Call,2025-11-21,310.0,1.13,45.0,47.0,3,59,349.68,350.09,349.8599853515625,0.3360051751708984
V,V270115C00240000,Call,2027-01-15,240.0,1.46,123.6,127.95,7,25,349.68,350.09,349.8599853515625,0.4198666412353515
V,V260618P00275000,Put,2026-06-18,275.0,1.27,5.6,5.9,1,139,349.68,350.09,349.8599853515625,0.2634656173706055
V,V260320C00300000,Call,2026-03-20,300.0,1.17,61.35,63.75,1,37,349.68,350.09,349.8599853515625,0.3411473356628418
V,V260116P00375000,Put,2026-01-16,375.0,0.93,29.4,30.45,4,27,349.68,350.09,349.8599853515625,0.1616905120849609
V,V271217C00450000,Call,2027-12-17,450.0,0.78,20.8,21.75,1,69,349.68,350.09,349.8599853515625,0.244949262008667
V,V250912P00340000,Put,2025-09-12,340.0,1.03,1.67,1.77,34,257,349.68,350.09,349.8599853515625,0.1842122595214843
V,V261218C00315000,Call,2026-12-18,315.0,1.11,64.45,66.85,3,32,349.68,350.09,349.8599853515625,0.3140937731933593
V,V271217C00400000,Call,2027-12-17,400.0,0.87,36.05,37.9,6,120,349.68,350.09,349.8599853515625,0.2645871271514892
V,V260618P00260000,Put,2026-06-18,260.0,1.35,4.15,4.4,1,271,349.68,350.09,349.8599853515625,0.2796702893066405
V,V260918C00300000,Call,2026-09-18,300.0,1.17,70.55,72.75,3,18,349.68,350.09,349.8599853515625,0.3266516310119629
V,V270617C00330000,Call,2027-06-17,330.0,1.06,62.55,65.1,4,46,349.68,350.09,349.8599853515625,0.3015969499206543
V,V251219C00285000,Call,2025-12-19,285.0,1.23,89.15,92.3,2,28,349.68,350.09,349.8599853515625,0.7423121472167968
V,V261218C00325000,Call,2026-12-18,325.0,1.08,57.6,60.15,1,66,349.68,350.09,349.8599853515625,0.3044808322143554
V,V260320P00390000,Put,2026-03-20,390.0,0.9,42.7,44.1,2,22,349.68,350.09,349.8599853515625,0.1541985215759277
V,V250919C00310000,Call,2025-09-19,310.0,1.13,39.6,42.05,1,344,349.68,350.09,349.8599853515625,0.4212704357910156
V,V261218C00290000,Call,2026-12-18,290.0,1.21,82.4,85.6,4,40,349.68,350.09,349.8599853515625,0.3459538061523437
V,V271217P00380000,Put,2027-12-17,380.0,0.92,51.5,53.95,2,92,349.68,350.09,349.8599853515625,0.1678855184936523
V,V271217C00260000,Call,2027-12-17,260.0,1.35,117.8,121.4,2,18,349.68,350.09,349.8599853515625,0.3705202108764648
V,V260116P00250000,Put,2026-01-16,250.0,1.4,1.17,1.25,5,648,349.68,350.09,349.8599853515625,0.327155166015625
V,V250912C00350000,Call,2025-09-12,350.0,1.0,5.15,5.4,20,104,349.68,350.09,349.8599853515625,0.1871419177246094
V,V261218C00340000,Call,2026-12-18,340.0,1.03,48.05,50.35,2,98,349.68,350.09,349.8599853515625,0.2885355570983886
V,V260320C00405000,Call,2026-03-20,405.0,0.86,5.55,5.8,10,75,349.68,350.09,349.8599853515625,0.2124102197265625
V,V251121P00370000,Put,2025-11-21,370.0,0.95,23.95,25.0,21,68,349.68,350.09,349.8599853515625,0.1783834603881836
V,V251121P00310000,Put,2025-11-21,310.0,1.13,3.25,3.45,4,363,349.68,350.09,349.8599853515625,0.2526930200195312
V,V260918C00355000,Call,2026-09-18,355.0,0.99,35.05,36.45,4,47,349.68,350.09,349.8599853515625,0.2699047619628906
V,V260618P00255000,Put,2026-06-18,255.0,1.37,3.75,4.0,1,594,349.68,350.09,349.8599853515625,0.2855296057128905
V,V261218P00355000,Put,2026-12-18,355.0,0.99,30.85,32.5,2,175,349.68,350.09,349.8599853515625,0.1861043304443359
V,V260918C00375000,Call,2026-09-18,375.0,0.93,24.65,25.6,2,42,349.68,350.09,349.8599853515625,0.2479323254394531
V,V260515P00320000,Put,2026-05-15,320.0,1.09,12.3,12.6,1,10,349.68,350.09,349.8599853515625,0.2192613475036621
V,V260220P00270000,Put,2026-02-20,270.0,1.3,2.86,2.99,12,83,349.68,350.09,349.8599853515625,0.2919382330322264
V,V260116C00420000,Call,2026-01-16,420.0,0.8300000000000001,1.51,1.61,1,613,349.68,350.09,349.8599853515625,0.2028277960205077
V,V260918C00365000,Call,2026-09-18,365.0,0.96,29.4,30.4,14,28,349.68,350.09,349.8599853515625,0.2559736268615722
V,V250905C00342500,Call,2025-09-05,342.5,1.02,8.75,9.1,56,53,349.68,350.09,349.8599853515625,0.2071612487792968
V,V250919P00330000,Put,2025-09-19,330.0,1.06,1.15,1.24,24,2125,349.68,350.09,349.8599853515625,0.2117388397216796
V,V260116P00400000,Put,2026-01-16,400.0,0.87,49.5,51.1,8,25,349.68,350.09,349.8599853515625,0.143013941040039
V,V250919C00337500,Call,2025-09-19,337.5,1.04,15.4,15.75,2,9,349.68,350.09,349.8599853515625,0.2358474853515624
V,V270617C00290000,Call,2027-06-17,290.0,1.21,89.4,92.25,1,24,349.68,350.09,349.8599853515625,0.3385228501892089
V,V270617C00400000,Call,2027-06-17,400.0,0.87,28.5,30.25,4,450,349.68,350.09,349.8599853515625,0.2577054821014404
V,V261218C00245000,Call,2026-12-18,245.0,1.43,118.45,121.95,1,19,349.68,350.09,349.8599853515625,0.4060728338623046
V,V260918C00335000,Call,2026-09-18,335.0,1.04,46.1,47.6,3,26,349.68,350.09,349.8599853515625,0.2833476206970214
V,V261218C00210000,Call,2026-12-18,210.0,1.67,152.0,157.0,2,27,349.68,350.09,349.8599853515625,0.5210771769714353
V,V271217C00345000,Call,2027-12-17,345.0,1.01,62.35,64.3,8,23,349.68,350.09,349.8599853515625,0.2960733235168457
V,V251219P00270000,Put,2025-12-19,270.0,1.3,1.39,1.48,15,660,349.68,350.09,349.8599853515625,0.3058541094970703
V,V260116C00405000,Call,2026-01-16,405.0,0.86,2.75,2.89,1,172,349.68,350.09,349.8599853515625,0.202309002380371
V,V270115C00370000,Call,2027-01-15,370.0,0.95,33.3,35.15,10,275,349.68,350.09,349.8599853515625,0.2642056612396239
V,V260618P00265000,Put,2026-06-18,265.0,1.32,4.6,4.85,1,249,349.68,350.09,349.8599853515625,0.2741161456298828
V,V260320C00305000,Call,2026-03-20,305.0,1.15,57.6,59.15,8,15,349.68,350.09,349.8599853515625,0.32617861328125
V,V260618C00260000,Call,2026-06-18,260.0,1.35,99.75,102.6,3,18,349.68,350.09,349.8599853515625,0.4050352465820312
V,V260918C00345000,Call,2026-09-18,345.0,1.01,40.15,41.5,3,31,349.68,350.09,349.8599853515625,0.2742076974487304
V,V270617C00380000,Call,2027-06-17,380.0,0.92,36.75,38.7,1,225,349.68,350.09,349.8599853515625,0.26934019241333
V,V261218C00265000,Call,2026-12-18,265.0,1.32,101.75,105.85,1,63,349.68,350.09,349.8599853515625,0.3825287577819824
V,V251121P00295000,Put,2025-11-21,295.0,1.19,2.03,2.13,3,157,349.68,350.09,349.8599853515625,0.2781444256591796
V,V261218C00260000,Call,2026-12-18,260.0,1.35,109.65,113.55,1,39,349.68,350.09,349.8599853515625,0.4225216439819336
V,V260618C00275000,Call,2026-06-18,275.0,1.27,86.8,89.2,2,17,349.68,350.09,349.8599853515625,0.3732972827148437
V,V260515P00280000,Put,2026-05-15,280.0,1.25,5.45,5.7,2,116,349.68,350.09,349.8599853515625,0.2621228573608398
V,V250905C00350000,Call,2025-09-05,350.0,1.0,3.45,3.65,192,396,349.68,350.09,349.8599853515625,0.1696860375976562
V,V261218P00390000,Put,2026-12-18,390.0,0.9,48.8,51.25,1,181,349.68,350.09,349.8599853515625,0.1574333525085449
V,V250919P00342500,Put,2025-09-19,342.5,1.02,3.15,3.3,11,140,349.68,350.09,349.8599853515625,0.1820150158691406
V,V251219P00300000,Put,2025-12-19,300.0,1.17,3.2,3.4,6,634,349.68,350.09,349.8599853515625,0.2575757836914062
V,V250919C00365000,Call,2025-09-19,365.0,0.96,1.34,1.44,44,2138,349.68,350.09,349.8599853515625,0.176766044921875
V,V270617C00220000,Call,2027-06-17,220.0,1.59,151.6,155.5,12,14,349.68,350.09,349.8599853515625,0.4945271495056152
V,V270115P00330000,Put,2027-01-15,330.0,1.06,22.5,23.45,1,82,349.68,350.09,349.8599853515625,0.2036975382995605
V,V251017C00310000,Call,2025-10-17,310.0,1.13,42.7,44.3,18,50,349.68,350.09,349.8599853515625,0.3595034753417968
V,V260618C00305000,Call,2026-06-18,305.0,1.15,62.35,64.3,2,26,349.68,350.09,349.8599853515625,0.3225165405273437
V,V261218P00350000,Put,2026-12-18,350.0,1.0,29.05,30.2,1,63,349.68,350.09,349.8599853515625,0.1891255404663085
V,V260116P00260000,Put,2026-01-16,260.0,1.35,1.52,1.61,5,473,349.68,350.09,349.8599853515625,0.3117134259033203
V,V251219C00305000,Call,2025-12-19,305.0,1.15,51.3,52.75,3,19,349.68,350.09,349.8599853515625,0.3285284432983397
V,V250905C00345000,Call,2025-09-05,345.0,1.01,6.75,7.1,5,228,349.68,350.09,349.8599853515625,0.1944660632324218
V,V260220C00385000,Call,2026-02-20,385.0,0.91,8.8,9.1,5,36,349.68,350.09,349.8599853515625,0.2200242793273925
V,V260918C00395000,Call,2026-09-18,395.0,0.89,17.15,17.7,2,29,349.68,350.09,349.8599853515625,0.2350235189819335
V,V251121C00320000,Call,2025-11-21,320.0,1.09,36.85,38.15,3,41,349.68,350.09,349.8599853515625,0.3045723840332031
V,V270115C00390000,Call,2027-01-15,390.0,0.9,24.45,26.2,3,1728,349.68,350.09,349.8599853515625,0.2504957763671874
V,V250919C00330000,Call,2025-09-19,330.0,1.06,21.8,23.2,5,847,349.68,350.09,349.8599853515625,0.3051827294921875
V,V260116C00410000,Call,2026-01-16,410.0,0.85,2.24,2.37,1,459,349.68,350.09,349.8599853515625,0.2020648641967773
V,V251121P00290000,Put,2025-11-21,290.0,1.21,1.74,1.84,4,435,349.68,350.09,349.8599853515625,0.2877268493652343
V,V260618C00325000,Call,2026-06-18,325.0,1.08,47.9,49.7,1,55,349.68,350.09,349.8599853515625,0.2976144458007811
V,V251017P00310000,Put,2025-10-17,310.0,1.13,1.34,1.42,1,567,349.68,350.09,349.8599853515625,0.2501295690917968
V,V251017P00305000,Put,2025-10-17,305.0,1.15,1.1,1.17,4,854,349.68,350.09,349.8599853515625,0.2620923400878906
V,V251121P00380000,Put,2025-11-21,380.0,0.92,31.35,32.4,1,36,349.68,350.09,349.8599853515625,0.164498101196289
V,V260320C00330000,Call,2026-03-20,330.0,1.06,38.6,40.1,2,67,349.68,350.09,349.8599853515625,0.2868418484497069
V,V260220C00300000,Call,2026-02-20,300.0,1.17,60.15,61.6,1,13,349.68,350.09,349.8599853515625,0.3378667288208008
V,V260918C00380000,Call,2026-09-18,380.0,0.92,22.7,23.45,2,36,349.68,350.09,349.8599853515625,0.244575425415039
V,V251219P00380000,Put,2025-12-19,380.0,0.92,32.2,32.95,2,12,349.68,350.09,349.8599853515625,0.1540611938476562
V,V270617P00360000,Put,2027-06-17,360.0,0.97,38.3,39.95,2,109,349.68,350.09,349.8599853515625,0.1827626890563964
V,V251017P00300000,Put,2025-10-17,300.0,1.17,0.91,0.97,12,1235,349.68,350.09,349.8599853515625,0.2740551110839844
V,V271217C00290000,Call,2027-12-17,290.0,1.21,96.35,99.5,1,36,349.68,350.09,349.8599853515625,0.3411473356628418
V,V251219C00410000,Call,2025-12-19,410.0,0.85,1.57,1.64,1,133,349.68,350.09,349.8599853515625,0.2048419360351562
V,V251219P00295000,Put,2025-12-19,295.0,1.19,2.79,2.92,3,166,349.68,350.09,349.8599853515625,0.2645032046508788
V,V261218C00330000,Call,2026-12-18,330.0,1.06,54.45,56.85,1,127,349.68,350.09,349.8599853515625,0.2993691889953613
V,V270115C00340000,Call,2027-01-15,340.0,1.03,49.75,52.0,1,145,349.68,350.09,349.8599853515625,0.2907938352966308
V,V250919C00260000,Call,2025-09-19,260.0,1.35,89.05,91.75,1,28,349.68,350.09,349.8599853515625,0.6259803027343751
V,V251017C00315000,Call,2025-10-17,315.0,1.11,38.05,39.15,1,24,349.68,350.09,349.8599853515625,0.3240424041748045
V,V271217C00180000,Call,2027-12-17,180.0,1.94,181.5,186.45,2,20,349.68,350.09,349.8599853515625,0.4724173852539062
V,V250919C00305000,Call,2025-09-19,305.0,1.15,45.7,47.35,18,55,349.68,350.09,349.8599853515625,0.4794973925781249
V,V261218C00320000,Call,2026-12-18,320.0,1.09,60.55,63.5,74,229,349.68,350.09,349.8599853515625,0.3095009236145019
V,V270115C00260000,Call,2027-01-15,260.0,1.35,106.9,110.15,1,30,349.68,350.09,349.8599853515625,0.3804230659484863
V,V270617P00430000,Put,2027-06-17,430.0,0.81,92.5,96.5,6,128,349.68,350.09,349.8599853515625,0.2204820384216308
V,V251219P00280000,Put,2025-12-19,280.0,1.25,1.84,1.94,10,436,349.68,350.09,349.8599853515625,0.2891916784667968
V,V260515P00345000,Put,2026-05-15,345.0,1.01,19.9,20.3,2,9,349.68,350.09,349.8599853515625,0.1935505450439453
V,V270115C00290000,Call,2027-01-15,290.0,1.21,83.25,86.05,9,45,349.68,350.09,349.8599853515625,0.3396672479248046
V,V260320P00305000,Put,2026-03-20,305.0,1.15,7.35,7.6,1,47,349.68,350.09,349.8599853515625,0.2411880081176757
V,V251219C00395000,Call,2025-12-19,395.0,0.89,3.0,3.15,3,283,349.68,350.09,349.8599853515625,0.2047198669433593
V,V251219C00255000,Call,2025-12-19,255.0,1.37,105.2,107.1,3,7,349.68,350.09,349.8599853515625,0.6478306701660157
V,V261218C00360000,Call,2026-12-18,360.0,0.97,37.05,38.55,2,100,349.68,350.09,349.8599853515625,0.268989243774414
V,V261218C00280000,Call,2026-12-18,280.0,1.25,89.6,93.9,4,233,349.68,350.09,349.8599853515625,0.3629519271850586
V,V251121C00335000,Call,2025-11-21,335.0,1.04,24.8,25.95,24,197,349.68,350.09,349.8599853515625,0.2644726873779296
V,V270617P00390000,Put,2027-06-17,390.0,0.9,58.0,59.6,5,23,349.68,350.09,349.8599853515625,0.1826024733734131
V,V250905C00340000,Call,2025-09-05,340.0,1.03,10.75,11.25,24,203,349.68,350.09,349.8599853515625,0.2216874707031249
V,V251017C00380000,Call,2025-10-17,380.0,0.92,1.47,1.56,13,1104,349.68,350.09,349.8599853515625,0.1898274377441406
V,V260618C00335000,Call,2026-06-18,335.0,1.04,40.6,42.2,2,97,349.68,350.09,349.8599853515625,0.2796092547607421
V,V250919C00250000,Call,2025-09-19,250.0,1.4,98.95,101.7,2,25,349.68,350.09,349.8599853515625,0.6796907031250001
V,V260918P00335000,Put,2026-09-18,335.0,1.04,20.7,21.3,2,29,349.68,350.09,349.8599853515625,0.2003177503204345
V,V260220P00300000,Put,2026-02-20,300.0,1.17,5.7,5.95,4,167,349.68,350.09,349.8599853515625,0.2520521572875976
V,V251017P00315000,Put,2025-10-17,315.0,1.11,1.65,1.74,35,569,349.68,350.09,349.8599853515625,0.2385940399169921
V,V270115C00380000,Call,2027-01-15,380.0,0.92,28.85,30.1,7,158,349.68,350.09,349.8599853515625,0.2548750050354004
V,V251121C00305000,Call,2025-11-21,305.0,1.15,49.65,51.0,1,24,349.68,350.09,349.8599853515625,0.3403996624755859
V,V260918P00350000,Put,2026-09-18,350.0,1.0,26.35,26.95,250,14,349.68,350.09,349.8599853515625,0.1874165731811523
V,V260618P00390000,Put,2026-06-18,390.0,0.9,49.8,51.3,12,35,349.68,350.09,349.8599853515625,0.2007221041870117
V,V260618C00350000,Call,2026-06-18,350.0,1.0,31.6,33.2,2,389,349.68,350.09,349.8599853515625,0.2656170851135254
V,V250919P00335000,Put,2025-09-19,335.0,1.04,1.7,1.81,60,2003,349.68,350.09,349.8599853515625,0.1987384814453124
V,V260320C00310000,Call,2026-03-20,310.0,1.13,53.95,55.1,2,12,349.68,350.09,349.8599853515625,0.3173286041259765
V,V260515P00300000,Put,2026-05-15,300.0,1.17,8.25,8.5,1,37,349.68,350.09,349.8599853515625,0.2402419726562499
V,V270115C00350000,Call,2027-01-15,350.0,1.0,43.55,45.85,8,529,349.68,350.09,349.8599853515625,0.280509514312744
V,V271217C00370000,Call,2027-12-17,370.0,0.95,49.55,51.4,1,87,349.68,350.09,349.8599853515625,0.2814860670471191
V,V260618C00395000,Call,2026-06-18,395.0,0.89,12.4,12.8,10,48,349.68,350.09,349.8599853515625,0.2262803202819824
V,V260918C00340000,Call,2026-09-18,340.0,1.03,43.0,44.55,2,76,349.68,350.09,349.8599853515625,0.2790904611206054
V,V251121C00330000,Call,2025-11-21,330.0,1.06,28.6,29.7,6,106,349.68,350.09,349.8599853515625,0.2745433874511719
V,V251017C00320000,Call,2025-10-17,320.0,1.09,33.6,34.7,1,53,349.68,350.09,349.8599853515625,0.308051353149414
V,V261218C00355000,Call,2026-12-18,355.0,0.99,39.45,41.5,2,532,349.68,350.09,349.8599853515625,0.2746120513153076
V,V270115C00165000,Call,2027-01-15,165.0,2.12,187.5,192.0,0,18,349.68,350.09,349.8599853515625,0.5113574255371094
V,V250912C00340000,Call,2025-09-12,340.0,1.03,12.15,12.5,9,33,349.68,350.09,349.8599853515625,0.2220536779785155
V,V271217C00335000,Call,2027-12-17,335.0,1.04,68.0,70.0,3,36,349.68,350.09,349.8599853515625,0.3027260890197754
V,V270115C00250000,Call,2027-01-15,250.0,1.4,115.65,118.85,2,29,349.68,350.09,349.8599853515625,0.3983061878967285
V,V260116C00340000,Call,2026-01-16,340.0,1.03,26.35,27.7,17,514,349.68,350.09,349.8599853515625,0.2615125119018554
V,V260618C00270000,Call,2026-06-18,270.0,1.3,91.0,93.15,1,18,349.68,350.09,349.8599853515625,0.3777528045654296
V,V270115C00280000,Call,2027-01-15,280.0,1.25,90.7,94.1,1,104,349.68,350.09,349.8599853515625,0.3543613148498534
V,V251121C00390000,Call,2025-11-21,390.0,0.9,2.49,2.62,19,641,349.68,350.09,349.8599853515625,0.2064288342285155
V,V260116C00210000,Call,2026-01-16,210.0,1.67,140.5,144.1,1,24,349.68,350.09,349.8599853515625,0.5340622766113281
V,V250926C00345000,Call,2025-09-26,345.0,1.01,10.8,11.15,7,57,349.68,350.09,349.8599853515625,0.213875048828125
V,V260618C00320000,Call,2026-06-18,320.0,1.09,51.2,52.8,1,50,349.68,350.09,349.8599853515625,0.2999337585449219
V,V260618P00285000,Put,2026-06-18,285.0,1.23,6.85,7.15,1,240,349.68,350.09,349.8599853515625,0.2528761236572265
V,V251017C00325000,Call,2025-10-17,325.0,1.08,29.0,29.9,4,49,349.68,350.09,349.8599853515625,0.2808909802246093
V,V270115P00370000,Put,2027-01-15,370.0,0.95,38.55,40.2,1,217,349.68,350.09,349.8599853515625,0.1722189712524414
V,V251121C00395000,Call,2025-11-21,395.0,0.89,1.93,2.03,2,664,349.68,350.09,349.8599853515625,0.2060626269531249
V,V260220C00380000,Call,2026-02-20,380.0,0.92,10.4,10.7,4,38,349.68,350.09,349.8599853515625,0.2237321279907226
V,V260116C00395000,Call,2026-01-16,395.0,0.89,4.15,4.35,11,433,349.68,350.09,349.8599853515625,0.2049029705810546
V,V251017C00330000,Call,2025-10-17,330.0,1.06,24.6,25.65,16,221,349.68,350.09,349.8599853515625,0.2654797573852538
V,V251121P00315000,Put,2025-11-21,315.0,1.11,3.85,4.05,15,697,349.68,350.09,349.8599853515625,0.24414818359375
V,V260116C00400000,Call,2026-01-16,400.0,0.87,3.35,3.55,3,1813,349.68,350.09,349.8599853515625,0.2034076242065429
V,V270115C00330000,Call,2027-01-15,330.0,1.06,55.4,58.05,1,422,349.68,350.09,349.8599853515625,0.298713067626953
V,V260116P00265000,Put,2026-01-16,265.0,1.32,1.72,1.81,7,745,349.68,350.09,349.8599853515625,0.3034737622070312
V,V251017C00300000,Call,2025-10-17,300.0,1.17,52.5,53.8,18,23,349.68,350.09,349.8599853515625,0.4042417974853516
V,V260320C00240000,Call,2026-03-20,240.0,1.46,107.0,110.2,1,45,349.68,350.09,349.8599853515625,0.2385330053710937
V,V261218C00305000,Call,2026-12-18,305.0,1.15,70.75,73.65,1,185,349.68,350.09,349.8599853515625,0.3226996441650389
V,V251017C00290000,Call,2025-10-17,290.0,1.21,61.85,63.6,10,37,349.68,350.09,349.8599853515625,0.4570366796875
V,V270115C00195000,Call,2027-01-15,195.0,1.79,161.05,165.5,2,34,349.68,350.09,349.8599853515625,0.471135659790039
V,V260918C00280000,Call,2026-09-18,280.0,1.25,87.1,88.65,8,9,349.68,350.09,349.8599853515625,0.354376573486328
V,V260618P00280000,Put,2026-06-18,280.0,1.25,6.2,6.5,9,484,349.68,350.09,349.8599853515625,0.2581861291503906
V,V251121C00315000,Call,2025-11-21,315.0,1.11,40.85,42.2,3,70,349.68,350.09,349.8599853515625,0.3135444622802734
V,V260918P00370000,Put,2026-09-18,370.0,0.95,35.65,36.25,1,8,349.68,350.09,349.8599853515625,0.1688162953186035
V,V251219C00290000,Call,2025-12-19,290.0,1.21,65.3,66.85,2,21,349.68,350.09,349.8599853515625,0.3801331518554687
V,V270115C00400000,Call,2027-01-15,400.0,0.87,20.95,22.45,1,9155,349.68,350.09,349.8599853515625,0.2449568913269043
V,V260515P00350000,Put,2026-05-15,350.0,1.0,21.9,22.3,3,10,349.68,350.09,349.8599853515625,0.1886220054626464
V,V260618P00290000,Put,2026-06-18,290.0,1.21,7.55,7.85,1,174,349.68,350.09,349.8599853515625,0.2474745663452148
V,V251017C00305000,Call,2025-10-17,305.0,1.15,47.2,49.05,1,167,349.68,350.09,349.8599853515625,0.3823303955078124
V,V260618C00140000,Call,2026-06-18,140.0,2.5,209.5,213.8,2,14,349.68,350.09,349.8599853515625,0.5793499096679688
V,V261218C00200000,Call,2026-12-18,200.0,1.75,161.0,165.2,1,30,349.68,350.09,349.8599853515625,0.5054065573120117
V,V271217C00170000,Call,2027-12-17,170.0,2.06,189.0,194.0,2,32,349.68,350.09,349.8599853515625,0.4756522161865234
V,V250926C00350000,Call,2025-09-26,350.0,1.0,7.7,7.95,10,72,349.68,350.09,349.8599853515625,0.2003864141845703
V,V260320P00290000,Put,2026-03-20,290.0,1.21,5.25,5.5,4,518,349.68,350.09,349.8599853515625,0.2595594064331055
V,V251121C00385000,Call,2025-11-21,385.0,0.91,3.25,3.4,4,431,349.68,350.09,349.8599853515625,0.207893663330078
V,V270115C00360000,Call,2027-01-15,360.0,0.97,37.9,40.35,1,4634,349.68,350.09,349.8599853515625,0.2724148076629638
V,V260918C00370000,Call,2026-09-18,370.0,0.95,27.0,27.85,250,65,349.68,350.09,349.8599853515625,0.2512587081909179
V,V260116C00180000,Call,2026-01-16,180.0,1.94,159.25,162.75,1,18,349.68,350.09,349.8599853515625,1.0000000000000004e-05
V,V260618P00270000,Put,2026-06-18,270.0,1.3,5.1,5.35,5,685,349.68,350.09,349.8599853515625,0.2687451055908203
V,V250926C00355000,Call,2025-09-26,355.0,0.99,5.15,5.4,8,652,349.68,350.09,349.8599853515625,0.1909870941162109
V,V271217C00160000,Call,2027-12-17,160.0,2.19,199.0,204.0,1,29,349.68,350.09,349.8599853515625,0.5078479391479492
V,V251121P00300000,Put,2025-11-21,300.0,1.17,2.37,2.48,4,506,349.68,350.09,349.8599853515625,0.268989243774414
V,V260320P00280000,Put,2026-03-20,280.0,1.25,4.2,4.4,2,594,349.68,350.09,349.8599853515625,0.2715526947021484
V,V260918P00330000,Put,2026-09-18,330.0,1.06,19.1,19.7,9,69,349.68,350.09,349.8599853515625,0.2049182292175292
V,V271217C00340000,Call,2027-12-17,340.0,1.03,65.0,67.1,5,80,349.68,350.09,349.8599853515625,0.2992776371765136
V,V270617C00160000,Call,2027-06-17,160.0,2.19,197.0,201.95,2,30,349.68,350.09,349.8599853515625,0.50586431640625
V,V260320C00390000,Call,2026-03-20,390.0,0.9,9.0,9.3,2,95,349.68,350.09,349.8599853515625,0.2198564343261718
V,V260618C00405000,Call,2026-06-18,405.0,0.86,9.65,10.0,10,143,349.68,350.09,349.8599853515625,0.2208329870605468
V,V270115C00270000,Call,2027-01-15,270.0,1.3,98.9,102.35,1,119,349.68,350.09,349.8599853515625,0.3698030549621582
V,V250919P00347500,Put,2025-09-19,347.5,1.01,4.75,4.9,22,76,349.68,350.09,349.8599853515625,0.1720663848876953
V,V251017C00370000,Call,2025-10-17,370.0,0.95,3.05,3.2,61,820,349.68,350.09,349.8599853515625,0.1915974395751953
V,V260116P00380000,Put,2026-01-16,380.0,0.92,33.0,34.2,1,149,349.68,350.09,349.8599853515625,0.158638784790039
V,V251219P00285000,Put,2025-12-19,285.0,1.23,2.11,2.21,2,663,349.68,350.09,349.8599853515625,0.2805247729492187
V,V251017P00320000,Put,2025-10-17,320.0,1.09,2.06,2.16,9,780,349.68,350.09,349.8599853515625,0.2276688562011718
V,V260918P00345000,Put,2026-09-18,345.0,1.01,24.05,25.1,1,416,349.68,350.09,349.8599853515625,0.1928639064025878
V,V251219C00260000,Call,2025-12-19,260.0,1.35,93.5,95.1,1,10,349.68,350.09,349.8599853515625,0.4740042834472656
V,V271217C00200000,Call,2027-12-17,200.0,1.75,165.0,169.5,18,44,349.68,350.09,349.8599853515625,0.4433039068603516
V,V260320C00170000,Call,2026-03-20,170.0,2.06,186.25,189.55,18,11,349.68,350.09,349.8599853515625,0.8040180731201172
V,V260618C00420000,Call,2026-06-18,420.0,0.8300000000000001,6.5,6.8,84,596,349.68,350.09,349.8599853515625,0.2146684979248047
V,V260618C00285000,Call,2026-06-18,285.0,1.23,78.75,80.4,10,18,349.68,350.09,349.8599853515625,0.3525760543823242
V,V250919P00345000,Put,2025-09-19,345.0,1.01,3.85,4.05,36,1348,349.68,350.09,349.8599853515625,0.1776205285644531
V,V260220C00375000,Call,2026-02-20,375.0,0.93,12.2,12.45,5,17,349.68,350.09,349.8599853515625,0.2272416143798827
V,V271217C00330000,Call,2027-12-17,330.0,1.06,70.85,73.0,3,70,349.68,350.09,349.8599853515625,0.3064339376831054
V,V270617C00165000,Call,2027-06-17,165.0,2.12,183.5,188.0,10,31,349.68,350.09,349.8599853515625,0.3643862390136719
V,V260918P00340000,Put,2026-09-18,340.0,1.03,22.4,23.05,2,60,349.68,350.09,349.8599853515625,0.1959766682434082
V,V250919C00300000,Call,2025-09-19,300.0,1.17,50.0,52.0,1,280,349.68,350.09,349.8599853515625,0.4982960327148438
V,V250919C00295000,Call,2025-09-19,295.0,1.19,55.5,56.8,17,27,349.68,350.09,349.8599853515625,0.5242967492675781
V,V251121P00365000,Put,2025-11-21,365.0,0.96,20.7,21.4,14,119,349.68,350.09,349.8599853515625,0.1791158749389648
V,V261218C00410000,Call,2026-12-18,410.0,0.85,16.65,17.8,1,15189,349.68,350.09,349.8599853515625,0.237815849456787
V,V251219P00375000,Put,2025-12-19,375.0,0.93,28.6,29.3,2,32,349.68,350.09,349.8599853515625,0.1618736157226562
V,V250919C00347500,Call,2025-09-19,347.5,1.01,8.05,8.35,4,198,349.68,350.09,349.8599853515625,0.203560210571289
V,V251219P00305000,Put,2025-12-19,305.0,1.15,3.7,3.9,1,2028,349.68,350.09,349.8599853515625,0.2494276718139648
V,V271217C00250000,Call,2027-12-17,250.0,1.4,125.3,128.85,2,57,349.68,350.09,349.8599853515625,0.3798279791259765
V,V250919C00220000,Call,2025-09-19,220.0,1.59,130.0,132.55,1,16,349.68,350.09,349.8599853515625,1.0930221130371094
V,V251017C00365000,Call,2025-10-17,365.0,0.96,4.35,4.55,39,705,349.68,350.09,349.8599853515625,0.1954426159667968
V,V260116P00290000,Put,2026-01-16,290.0,1.21,3.2,3.35,6,826,349.68,350.09,349.8599853515625,0.2647778601074219
V,V261218C00310000,Call,2026-12-18,310.0,1.13,67.35,70.0,4,287,349.68,350.09,349.8599853515625,0.3168250691223144
V,V250919C00230000,Call,2025-09-19,230.0,1.52,119.4,122.0,17,23,349.68,350.09,349.8599853515625,0.9096688720703124
V,V251017C00375000,Call,2025-10-17,375.0,0.93,2.13,2.23,58,869,349.68,350.09,349.8599853515625,0.1897664031982422
V,V270115P00420000,Put,2027-01-15,420.0,0.8300000000000001,71.35,73.75,1,131,349.68,350.09,349.8599853515625,0.1337214314270019
V,V270115P00395000,Put,2027-01-15,395.0,0.89,54.2,55.25,4,16,349.68,350.09,349.8599853515625,0.1542442974853515
V,V260116P00275000,Put,2026-01-16,275.0,1.27,2.21,2.31,12,703,349.68,350.09,349.8599853515625,0.2877268493652343
V,V260116C00325000,Call,2026-01-16,325.0,1.08,37.2,38.8,2,528,349.68,350.09,349.8599853515625,0.2907938352966308
V,V270115P00300000,Put,2027-01-15,300.0,1.17,14.4,15.1,5,1188,349.68,350.09,349.8599853515625,0.2268754071044921
V,V260220C00390000,Call,2026-02-20,390.0,0.9,7.45,7.7,2,140,349.68,350.09,349.8599853515625,0.2167894483947753
V,V251017P00335000,Put,2025-10-17,335.0,1.04,4.25,4.45,19,1058,349.68,350.09,349.8599853515625,0.1999591723632812
V,V260220P00320000,Put,2026-02-20,320.0,1.09,9.15,9.4,14,59,349.68,350.09,349.8599853515625,0.2266312689208984
V,V251121P00305000,Put,2025-11-21,305.0,1.15,2.78,2.9,5,615,349.68,350.09,349.8599853515625,0.2601392346191406
V,V270617C00230000,Call,2027-06-17,230.0,1.52,136.1,140.15,1,86,349.68,350.09,349.8599853515625,0.415472153930664
V,V260116C00125000,Call,2026-01-16,125.0,2.8000000000000003,208.05,211.35,3,10,349.68,350.09,349.8599853515625,1.0000000000000004e-05
V,V270115P00390000,Put,2027-01-15,390.0,0.9,50.0,51.8,2,218,349.68,350.09,349.8599853515625,0.1568306363677979
V,V260320P00335000,Put,2026-03-20,335.0,1.04,14.2,14.55,3,40,349.68,350.09,349.8599853515625,0.2069476278686522
V,V260918C00230000,Call,2026-09-18,230.0,1.52,129.75,131.95,1,12,349.68,350.09,349.8599853515625,0.4394282131958008
V,V251121C00325000,Call,2025-11-21,325.0,1.08,32.55,33.6,2,126,349.68,350.09,349.8599853515625,0.2846751220703124
V,V260618C00410000,Call,2026-06-18,410.0,0.85,8.5,8.8,1,198,349.68,350.09,349.8599853515625,0.2184373811340331
V,V260116P00280000,Put,2026-01-16,280.0,1.25,2.5,2.61,2,714,349.68,350.09,349.8599853515625,0.2799144274902343
V,V260618C00310000,Call,2026-06-18,310.0,1.13,58.85,60.2,2,31,349.68,350.09,349.8599853515625,0.3130561859130859
V,V251219P00320000,Put,2025-12-19,320.0,1.09,5.85,6.1,1,600,349.68,350.09,349.8599853515625,0.2283402362060547
V,V260116C00330000,Call,2026-01-16,330.0,1.06,33.3,34.75,12,692,349.68,350.09,349.8599853515625,0.2781139083862304
V,V260116P00270000,Put,2026-01-16,270.0,1.3,1.95,2.05,1,2186,349.68,350.09,349.8599853515625,0.2957223748779296
V,V270115P00320000,Put,2027-01-15,320.0,1.09,19.5,20.6,2,4712,349.68,350.09,349.8599853515625,0.2133104792785644
V,V251219P00290000,Put,2025-12-19,290.0,1.21,2.43,2.54,2,919,349.68,350.09,349.8599853515625,0.2724682128906249
V,V260918P00355000,Put,2026-09-18,355.0,0.99,28.35,29.1,57,55,349.68,350.09,349.8599853515625,0.183128896331787
V,V260116P00305000,Put,2026-01-16,305.0,1.15,4.7,4.9,1,618,349.68,350.09,349.8599853515625,0.2427443890380859
V,V260220P00315000,Put,2026-02-20,315.0,1.11,8.15,8.4,2,105,349.68,350.09,349.8599853515625,0.2331009307861328
V,V260320C00340000,Call,2026-03-20,340.0,1.03,31.7,32.8,2,194,349.68,350.09,349.8599853515625,0.2679058805847168
V,V271217C00375000,Call,2027-12-17,375.0,0.93,46.95,48.6,1,210,349.68,350.09,349.8599853515625,0.2767482604217528
V,V260515C00335000,Call,2026-05-15,335.0,1.04,39.2,40.05,17,27,349.68,350.09,349.8599853515625,0.2782207188415527
V,V250919P00350000,Put,2025-09-19,350.0,1.0,5.7,5.95,54,792,349.68,350.09,349.8599853515625,0.1678550012207031
V,V260320P00315000,Put,2026-03-20,315.0,1.11,9.2,9.45,2,64,349.68,350.09,349.8599853515625,0.2295304098510742
V,V250919P00365000,Put,2025-09-19,365.0,0.96,15.4,16.0,1,383,349.68,350.09,349.8599853515625,0.1491784301757812
V,V260618C00345000,Call,2026-06-18,345.0,1.01,34.6,36.0,1,482,349.68,350.09,349.8599853515625,0.2695080374145507
V,V260220P00335000,Put,2026-02-20,335.0,1.04,13.0,13.3,17,34,349.68,350.09,349.8599853515625,0.2089617678833007
V,V270115C00160000,Call,2027-01-15,160.0,2.19,192.1,197.0,12,50,349.68,350.09,349.8599853515625,0.5290269265747071
V,V250919C00352500,Call,2025-09-19,352.5,0.99,5.25,5.45,59,342,349.68,350.09,349.8599853515625,0.1901326104736328
V,V270115C00220000,Call,2027-01-15,220.0,1.59,141.1,144.65,2,48,349.68,350.09,349.8599853515625,0.4459894268798828
V,V260618C00235000,Call,2026-06-18,235.0,1.49,122.4,124.9,17,23,349.68,350.09,349.8599853515625,0.4529473651123047
V,V251219C00280000,Call,2025-12-19,280.0,1.25,74.15,75.6,1,20,349.68,350.09,349.8599853515625,0.3973143765258788
V,V250919C00342500,Call,2025-09-19,342.5,1.02,11.5,11.8,2,57,349.68,350.09,349.8599853515625,0.2179643634033203
V,V270115C00155000,Call,2027-01-15,155.0,2.26,197.5,202.0,28,34,349.68,350.09,349.8599853515625,0.5472457385253908
V,V251219C00390000,Call,2025-12-19,390.0,0.9,3.8,3.95,3,460,349.68,350.09,349.8599853515625,0.2061846960449218
V,V260918P00360000,Put,2026-09-18,360.0,0.97,30.6,31.25,4,27,349.68,350.09,349.8599853515625,0.177818890838623
V,V250919P00340000,Put,2025-09-19,340.0,1.03,2.58,2.7,146,1351,349.68,350.09,349.8599853515625,0.1873250213623047
V,V271217C00320000,Call,2027-12-17,320.0,1.09,77.2,79.2,1,57,349.68,350.09,349.8599853515625,0.3141548077392577
V,V260618C00330000,Call,2026-06-18,330.0,1.06,44.3,45.7,1,139,349.68,350.09,349.8599853515625,0.2867960725402831
V,V260116C00335000,Call,2026-01-16,335.0,1.04,29.75,30.95,3,549,349.68,350.09,349.8599853515625,0.2672802764892578
V,V261218P00375000,Put,2026-12-18,375.0,0.93,42.25,43.05,5,19,349.68,350.09,349.8599853515625,0.1743094044494629
V,V251121C00345000,Call,2025-11-21,345.0,1.01,18.65,19.3,14,240,349.68,350.09,349.8599853515625,0.2491835336303711
V,V250919C00335000,Call,2025-09-19,335.0,1.04,17.3,18.0,17,590,349.68,350.09,349.8599853515625,0.2509840527343749
V,V260320P00365000,Put,2026-03-20,365.0,0.96,26.65,27.05,2,10,349.68,350.09,349.8599853515625,0.1734244035339355
V,V251219C00295000,Call,2025-12-19,295.0,1.19,60.75,61.85,1,17,349.68,350.09,349.8599853515625,0.3573367489624023
V,V260320P00300000,Put,2026-03-20,300.0,1.17,6.6,6.85,1,412,349.68,350.09,349.8599853515625,0.2476271527099609
V,V260220C00370000,Call,2026-02-20,370.0,0.95,14.15,14.45,5,29,349.68,350.09,349.8599853515625,0.2316513603210448
V,V251219P00315000,Put,2025-12-19,315.0,1.11,5.05,5.25,2,547,349.68,350.09,349.8599853515625,0.2352066226196288
V,V260116P00370000,Put,2026-01-16,370.0,0.95,26.2,27.1,4,240,349.68,350.09,349.8599853515625,0.1668174139404297
V,V251121C00380000,Call,2025-11-21,380.0,0.92,4.15,4.35,21,2094,349.68,350.09,349.8599853515625,0.2093584924316406
V,V270115C00150000,Call,2027-01-15,150.0,2.33,207.0,211.5,2,32,349.68,350.09,349.8599853515625,0.6129189099121095
V,V260618P00295000,Put,2026-06-18,295.0,1.19,8.3,8.6,1,323,349.68,350.09,349.8599853515625,0.241920422668457
V,V270115P00400000,Put,2027-01-15,400.0,0.87,56.05,58.25,1,533,349.68,350.09,349.8599853515625,0.1471795487976074
V,V260320C00400000,Call,2026-03-20,400.0,0.87,6.55,6.8,40,450,349.68,350.09,349.8599853515625,0.2144243597412109
V,V260618C00340000,Call,2026-06-18,340.0,1.03,37.65,38.95,1,254,349.68,350.09,349.8599853515625,0.2737499383544921
V,V251017P00330000,Put,2025-10-17,330.0,1.06,3.3,3.45,26,1416,349.68,350.09,349.8599853515625,0.2079241806030273
V,V251121P00320000,Put,2025-11-21,320.0,1.09,4.6,4.8,5,1059,349.68,350.09,349.8599853515625,0.2365188653564452
V,V260220P00330000,Put,2026-02-20,330.0,1.06,11.55,11.85,38,66,349.68,350.09,349.8599853515625,0.2147600497436523
V,V260116P00285000,Put,2026-01-16,285.0,1.23,2.83,2.95,3,914,349.68,350.09,349.8599853515625,0.2721630401611328
V,V270115C00320000,Call,2027-01-15,320.0,1.09,62.05,64.45,3,517,349.68,350.09,349.8599853515625,0.3071434642791747
V,V260618C00385000,Call,2026-06-18,385.0,0.91,15.75,16.1,20,37,349.68,350.09,349.8599853515625,0.2320023089599609
V,V260618C00315000,Call,2026-06-18,315.0,1.11,54.85,56.35,51,86,349.68,350.09,349.8599853515625,0.3054573849487304
V,V270617C00320000,Call,2027-06-17,320.0,1.09,69.0,71.5,2,369,349.68,350.09,349.8599853515625,0.3102333381652831
V,V271217C00270000,Call,2027-12-17,270.0,1.3,110.75,113.75,7,86,349.68,350.09,349.8599853515625,0.3592593371582031
V,V251017P00325000,Put,2025-10-17,325.0,1.08,2.62,2.73,18,966,349.68,350.09,349.8599853515625,0.2178422943115234
V,V260220C00365000,Call,2026-02-20,365.0,0.96,16.35,16.65,3,20,349.68,350.09,349.8599853515625,0.2363510203552246
V,V260116P00295000,Put,2026-01-16,295.0,1.19,3.65,3.8,1,881,349.68,350.09,349.8599853515625,0.2573926800537109
V,V260618P00410000,Put,2026-06-18,410.0,0.85,60.5,61.45,1,13,349.68,350.09,349.8599853515625,0.1213161599731445
V,V260116C00305000,Call,2026-01-16,305.0,1.15,53.45,54.95,1,108,349.68,350.09,349.8599853515625,0.3292303405761718
V,V260918C00270000,Call,2026-09-18,270.0,1.3,95.3,97.3,31,33,349.68,350.09,349.8599853515625,0.372976851348877
V,V251121P00330000,Put,2025-11-21,330.0,1.06,6.5,6.75,8,614,349.68,350.09,349.8599853515625,0.2216874707031249
V,V251219C00310000,Call,2025-12-19,310.0,1.13,47.4,48.4,1,34,349.68,350.09,349.8599853515625,0.3164741204833984
V,V260116C00375000,Call,2026-01-16,375.0,0.93,9.15,9.45,11,248,349.68,350.09,349.8599853515625,0.2163774652099609
V,V270617C00170000,Call,2027-06-17,170.0,2.06,188.5,192.1,2,25,349.68,350.09,349.8599853515625,0.5116015637207032
V,V260515P00325000,Put,2026-05-15,325.0,1.08,13.55,13.9,163,81,349.68,350.09,349.8599853515625,0.2142717733764648
V,V270115C00300000,Call,2027-01-15,300.0,1.17,76.15,78.7,2,296,349.68,350.09,349.8599853515625,0.3291540473937988
V,V251121C00375000,Call,2025-11-21,375.0,0.93,5.35,5.55,89,596,349.68,350.09,349.8599853515625,0.2118303915405273
V,V251219P00370000,Put,2025-12-19,370.0,0.95,25.2,25.75,24,43,349.68,350.09,349.8599853515625,0.1663291375732422
V,V260320C00385000,Call,2026-03-20,385.0,0.91,10.5,10.8,2,141,349.68,350.09,349.8599853515625,0.2230302307128906
V,V261218C00300000,Call,2026-12-18,300.0,1.17,75.15,77.3,1,147,349.68,350.09,349.8599853515625,0.328208011932373
V,V260116C00295000,Call,2026-01-16,295.0,1.19,61.8,63.65,2,186,349.68,350.09,349.8599853515625,0.3516910534667968
V,V251219C00335000,Call,2025-12-19,335.0,1.04,27.45,28.35,6,306,349.68,350.09,349.8599853515625,0.2628247546386719
V,V260618P00305000,Put,2026-06-18,305.0,1.15,10.05,10.4,4,435,349.68,350.09,349.8599853515625,0.2319107571411132
V,V270617C00300000,Call,2027-06-17,300.0,1.17,82.35,85.05,2,312,349.68,350.09,349.8599853515625,0.3284216328430175
V,V260618C00290000,Call,2026-06-18,290.0,1.21,74.6,76.4,2,70,349.68,350.09,349.8599853515625,0.3460911338806152
V,V260320C00290000,Call,2026-03-20,290.0,1.21,70.6,71.7,1,15,349.68,350.09,349.8599853515625,0.3534915725708007
V,V260618C00280000,Call,2026-06-18,280.0,1.25,83.2,84.85,5,33,349.68,350.09,349.8599853515625,0.363638565826416
V,V251017P00345000,Put,2025-10-17,345.0,1.01,7.0,7.25,7,566,349.68,350.09,349.8599853515625,0.1831136376953124
V,V251121P00325000,Put,2025-11-21,325.0,1.08,5.5,5.7,24,673,349.68,350.09,349.8599853515625,0.2291642025756836
V,V250919C00200000,Call,2025-09-19,200.0,1.75,149.9,151.7,2,8,349.68,350.09,349.8599853515625,1.1918985717773438
V,V271217C00165000,Call,2027-12-17,165.0,2.12,194.5,199.5,1,109,349.68,350.09,349.8599853515625,0.4975636181640626
V,V270115P00360000,Put,2027-01-15,360.0,0.97,33.9,35.6,4,9010,349.68,350.09,349.8599853515625,0.1820455331420898
V,V260116C00140000,Call,2026-01-16,140.0,2.5,178.05,181.8,1,48,349.68,350.09,349.8599853515625,1.0000000000000004e-05
V,V260220P00305000,Put,2026-02-20,305.0,1.15,6.45,6.65,70,315,349.68,350.09,349.8599853515625,0.2452773226928711
V,V260116C00385000,Call,2026-01-16,385.0,0.91,6.25,6.45,96,379,349.68,350.09,349.8599853515625,0.2090838369750976
V,V260320P00310000,Put,2026-03-20,310.0,1.13,8.25,8.5,38,278,349.68,350.09,349.8599853515625,0.2356338644409179
V,V260515C00350000,Call,2026-05-15,350.0,1.0,30.3,30.7,2,11,349.68,350.09,349.8599853515625,0.2610852700805663
V,V261218C00270000,Call,2026-12-18,270.0,1.3,98.2,100.3,2,55,349.68,350.09,349.8599853515625,0.3624941680908203
V,V251219C00380000,Call,2025-12-19,380.0,0.92,5.9,6.1,1,582,349.68,350.09,349.8599853515625,0.2105181488037109
V,V251219P00310000,Put,2025-12-19,310.0,1.13,4.35,4.5,1,658,349.68,350.09,349.8599853515625,0.2417678363037109
V,V250919P00355000,Put,2025-09-19,355.0,0.99,8.2,8.5,7,1024,349.68,350.09,349.8599853515625,0.1574791284179687
V,V251121C00365000,Call,2025-11-21,365.0,0.96,8.6,8.85,33,252,349.68,350.09,349.8599853515625,0.2202531588745117
V,V251017P00360000,Put,2025-10-17,360.0,0.97,14.05,14.45,8,227,349.68,350.09,349.8599853515625,0.1593101647949218
V,V251017P00340000,Put,2025-10-17,340.0,1.03,5.5,5.7,20,1002,349.68,350.09,349.8599853515625,0.191688991394043
V,V251017C00280000,Call,2025-10-17,280.0,1.25,71.65,73.25,12,71,349.68,350.09,349.8599853515625,0.5025684509277344
V,V260116C00390000,Call,2026-01-16,390.0,0.9,5.1,5.3,12,1716,349.68,350.09,349.8599853515625,0.2066119378662109
V,V250912C00345000,Call,2025-09-12,345.0,1.01,8.35,8.65,4,937,349.68,350.09,349.8599853515625,0.2034381414794921
V,V271217C00350000,Call,2027-12-17,350.0,1.0,59.9,61.5,1,166,349.68,350.09,349.8599853515625,0.2926172423553466
V,V260618P00320000,Put,2026-06-18,320.0,1.09,13.35,13.75,2,308,349.68,350.09,349.8599853515625,0.2169878106689453
V,V260116C00345000,Call,2026-01-16,345.0,1.01,23.4,24.35,7,2334,349.68,350.09,349.8599853515625,0.2527540545654296
V,V260618C00250000,Call,2026-06-18,250.0,1.4,109.25,111.3,1,37,349.68,350.09,349.8599853515625,0.4218197467041016
V,V270115P00350000,Put,2027-01-15,350.0,1.0,29.65,30.7,1,922,349.68,350.09,349.8599853515625,0.186882520904541
V,V251219C00230000,Call,2025-12-19,230.0,1.52,122.45,124.1,1,13,349.68,350.09,349.8599853515625,0.5493209130859377
V,V270115C00310000,Call,2027-01-15,310.0,1.13,69.25,71.25,4,276,349.68,350.09,349.8599853515625,0.3166114482116699
V,V260116P00390000,Put,2026-01-16,390.0,0.9,40.85,41.75,10,74,349.68,350.09,349.8599853515625,0.1393518682861328
V,V260116C00160000,Call,2026-01-16,160.0,2.19,211.05,214.15,1,17,349.68,350.09,349.8599853515625,1.4826686022949218
V,V261218C00250000,Call,2026-12-18,250.0,1.4,114.55,117.45,2,143,349.68,350.09,349.8599853515625,0.3959258406066895
V,V260116C00190000,Call,2026-01-16,190.0,1.84,164.25,166.85,4,22,349.68,350.09,349.8599853515625,0.7630638928222657
V,V260515C00355000,Call,2026-05-15,355.0,0.99,27.45,27.9,12,25,349.68,350.09,349.8599853515625,0.2561109545898438
V,V260618P00310000,Put,2026-06-18,310.0,1.13,11.1,11.45,47,509,349.68,350.09,349.8599853515625,0.2271958384704589
V,V260918C00290000,Call,2026-09-18,290.0,1.21,79.15,80.55,1,33,349.68,350.09,349.8599853515625,0.339926644744873
V,V270115P00380000,Put,2027-01-15,380.0,0.92,43.9,45.5,1,1345,349.68,350.09,349.8599853515625,0.1632011170959473
V,V260618P00335000,Put,2026-06-18,335.0,1.04,17.65,18.05,10,93,349.68,350.09,349.8599853515625,0.2021258987426757
V,V260220P00345000,Put,2026-02-20,345.0,1.01,16.35,16.7,14,74,349.68,350.09,349.8599853515625,0.197426238708496
V,V260116C00285000,Call,2026-01-16,285.0,1.23,71.55,73.1,1,78,349.68,350.09,349.8599853515625,0.3847412600708008
V,V251219C00385000,Call,2025-12-19,385.0,0.91,4.75,4.9,58,567,349.68,350.09,349.8599853515625,0.2076800424194335
V,V251017P00365000,Put,2025-10-17,365.0,0.96,17.4,17.8,13,103,349.68,350.09,349.8599853515625,0.1515282601928711
V,V270617P00380000,Put,2027-06-17,380.0,0.92,48.2,49.75,400,648,349.68,350.09,349.8599853515625,0.1667334914398194
V,V251219C00400000,Call,2025-12-19,400.0,0.87,2.42,2.51,7,1782,349.68,350.09,349.8599853515625,0.2038043487548828
V,V260320C00280000,Call,2026-03-20,280.0,1.25,78.85,80.15,2,28,349.68,350.09,349.8599853515625,0.3694826235961914
V,V251121C00360000,Call,2025-11-21,360.0,0.97,10.65,10.95,17,308,349.68,350.09,349.8599853515625,0.2255326470947265
V,V260220P00325000,Put,2026-02-20,325.0,1.08,10.3,10.55,16,144,349.68,350.09,349.8599853515625,0.2205888488769531
V,V260618C00390000,Call,2026-06-18,390.0,0.9,14.0,14.4,4,350,349.68,350.09,349.8599853515625,0.229225237121582
V,V260320P00320000,Put,2026-03-20,320.0,1.09,10.25,10.55,55,404,349.68,350.09,349.8599853515625,0.2240067834472655
V,V251219P00335000,Put,2025-12-19,335.0,1.04,9.3,9.55,9,252,349.68,350.09,349.8599853515625,0.2082903878784179
V,V260515C00380000,Call,2026-05-15,380.0,0.92,15.75,16.1,142,97,349.68,350.09,349.8599853515625,0.2334518794250488
V,V260320C00375000,Call,2026-03-20,375.0,0.93,14.0,14.35,2,175,349.68,350.09,349.8599853515625,0.2303696348571777
V,V260618P00300000,Put,2026-06-18,300.0,1.17,9.15,9.45,1,869,349.68,350.09,349.8599853515625,0.2367935208129882
V,V250919C00350000,Call,2025-09-19,350.0,1.0,6.6,6.85,63,2501,349.68,350.09,349.8599853515625,0.1974567559814453
V,V251219C00375000,Call,2025-12-19,375.0,0.93,7.3,7.5,16,302,349.68,350.09,349.8599853515625,0.2134172897338867
V,V250919C00345000,Call,2025-09-19,345.0,1.01,9.7,10.05,16,1821,349.68,350.09,349.8599853515625,0.2116778051757812
V,V260116P00310000,Put,2026-01-16,310.0,1.13,5.4,5.6,39,2260,349.68,350.09,349.8599853515625,0.2360916235351562
V,V260220P00360000,Put,2026-02-20,360.0,0.97,22.9,23.25,7,25,349.68,350.09,349.8599853515625,0.1799550999450683
V,V260320C00270000,Call,2026-03-20,270.0,1.3,88.1,89.5,1,29,349.68,350.09,349.8599853515625,0.3971617901611328
V,V260116C00115000,Call,2026-01-16,115.0,3.04,239.55,243.15,1,24,349.68,350.09,349.8599853515625,1.3275180108642577
V,V251219C00370000,Call,2025-12-19,370.0,0.95,8.95,9.2,4,381,349.68,350.09,349.8599853515625,0.2176286734008788
V,V260116C00310000,Call,2026-01-16,310.0,1.13,49.2,50.7,1,654,349.68,350.09,349.8599853515625,0.3182746395874023
V,V260220P00350000,Put,2026-02-20,350.0,1.0,18.3,18.7,1,107,349.68,350.09,349.8599853515625,0.1918720950317383
V,V260116C00195000,Call,2026-01-16,195.0,1.79,156.7,158.95,1,21,349.68,350.09,349.8599853515625,0.6254920263671876
V,V251121C00355000,Call,2025-11-21,355.0,0.99,13.05,13.4,53,312,349.68,350.09,349.8599853515625,0.2321243780517577
V,V260618P00330000,Put,2026-06-18,330.0,1.06,16.1,16.5,3,206,349.68,350.09,349.8599853515625,0.2071002142333984
V,V250919C00355000,Call,2025-09-19,355.0,0.99,4.15,4.3,41,2320,349.68,350.09,349.8599853515625,0.1856160540771484
V,V260618C00300000,Call,2026-06-18,300.0,1.17,66.5,67.9,2,94,349.68,350.09,349.8599853515625,0.3265448205566406
V,V250919P00360000,Put,2025-09-19,360.0,0.97,11.5,11.85,9,706,349.68,350.09,349.8599853515625,0.149422568359375
V,V260220C00360000,Call,2026-02-20,360.0,0.97,18.75,19.1,6,57,349.68,350.09,349.8599853515625,0.2418746467590332
V,V251017C00360000,Call,2025-10-17,360.0,0.97,6.1,6.3,285,1209,349.68,350.09,349.8599853515625,0.2004474487304687
V,V260515P00375000,Put,2026-05-15,375.0,0.93,34.4,34.95,13,32,349.68,350.09,349.8599853515625,0.163170599822998
V,V260618P00315000,Put,2026-06-18,315.0,1.11,12.2,12.55,2,518,349.68,350.09,349.8599853515625,0.2220689366149901
V,V260220C00355000,Call,2026-02-20,355.0,0.99,21.35,21.7,3,36,349.68,350.09,349.8599853515625,0.2472304281616211
V,V251219P00325000,Put,2025-12-19,325.0,1.08,6.85,7.05,12,692,349.68,350.09,349.8599853515625,0.2209855734252929
V,V260220C00345000,Call,2026-02-20,345.0,1.01,26.9,27.55,6,227,349.68,350.09,349.8599853515625,0.2597425100708008
V,V260320P00325000,Put,2026-03-20,325.0,1.08,11.45,11.75,2,358,349.68,350.09,349.8599853515625,0.218284794769287
V,V260320P00355000,Put,2026-03-20,355.0,0.99,21.75,22.1,2,37,349.68,350.09,349.8599853515625,0.1845784667968749
V,V251121P00335000,Put,2025-11-21,335.0,1.04,7.75,8.0,18,1385,349.68,350.09,349.8599853515625,0.2144853942871093
V,V260618C00380000,Call,2026-06-18,380.0,0.92,17.65,18.1,2,318,349.68,350.09,349.8599853515625,0.2362594685363769
V,V260515C00370000,Call,2026-05-15,370.0,0.95,19.9,20.25,4,55,349.68,350.09,349.8599853515625,0.2410659390258789
V,V260116P00315000,Put,2026-01-16,315.0,1.11,6.2,6.4,1,1551,349.68,350.09,349.8599853515625,0.2294388580322265
V,V260618C00355000,Call,2026-06-18,355.0,0.99,29.25,30.0,6,355,349.68,350.09,349.8599853515625,0.2576368182373046
V,V251219C00365000,Call,2025-12-19,365.0,0.96,10.9,11.15,4,196,349.68,350.09,349.8599853515625,0.2222367816162109
V,V260618C00255000,Call,2026-06-18,255.0,1.37,104.8,106.6,1,52,349.68,350.09,349.8599853515625,0.4088041297912597
V,V260618C00400000,Call,2026-06-18,400.0,0.87,10.95,11.3,1,1553,349.68,350.09,349.8599853515625,0.2231522998046874
V,V271217C00150000,Call,2027-12-17,150.0,2.33,208.0,212.5,2,155,349.68,350.09,349.8599853515625,0.522068988342285
V,V251219P00330000,Put,2025-12-19,330.0,1.06,7.95,8.2,9,1577,349.68,350.09,349.8599853515625,0.2144548770141601
V,V260918C00360000,Call,2026-09-18,360.0,0.97,32.4,32.95,2,54,349.68,350.09,349.8599853515625,0.2599713896179199
V,V260618P00340000,Put,2026-06-18,340.0,1.03,19.3,19.75,2,245,349.68,350.09,349.8599853515625,0.1973194282531738
V,V251121C00370000,Call,2025-11-21,370.0,0.95,6.85,7.05,24,1037,349.68,350.09,349.8599853515625,0.2156145333862305
V,V251017C00355000,Call,2025-10-17,355.0,0.99,8.3,8.55,137,1307,349.68,350.09,349.8599853515625,0.2079546978759765
V,V260618C00230000,Call,2026-06-18,230.0,1.52,127.1,129.45,1,83,349.68,350.09,349.8599853515625,0.4632316860961915
V,V260320P00345000,Put,2026-03-20,345.0,1.01,17.6,17.95,2,118,349.68,350.09,349.8599853515625,0.1955799436950683
V,V260116C00320000,Call,2026-01-16,320.0,1.09,41.25,42.25,2,354,349.68,350.09,349.8599853515625,0.2941965112304687
V,V260116C00175000,Call,2026-01-16,175.0,2.0,180.3,183.55,20,80,349.68,350.09,349.8599853515625,0.8995371374511718
V,V251121P00340000,Put,2025-11-21,340.0,1.03,9.2,9.45,6,735,349.68,350.09,349.8599853515625,0.2071002142333984
V,V260220P00340000,Put,2026-02-20,340.0,1.03,14.6,14.9,1,150,349.68,350.09,349.8599853515625,0.2030566755676269
V,V251219C00330000,Call,2025-12-19,330.0,1.06,31.35,32.1,5,348,349.68,350.09,349.8599853515625,0.2729870065307617
V,V260618P00360000,Put,2026-06-18,360.0,0.97,27.6,28.05,2,54,349.68,350.09,349.8599853515625,0.1780325117492676
V,V251219P00365000,Put,2025-12-19,365.0,0.96,22.05,22.45,4,87,349.68,350.09,349.8599853515625,0.1702963830566406
V,V251121C00150000,Call,2025-11-21,150.0,2.33,197.95,201.25,60,61,349.68,350.09,349.8599853515625,0.9548344360351562
V,V250919C00360000,Call,2025-09-19,360.0,0.97,2.42,2.5,92,3439,349.68,350.09,349.8599853515625,0.17774259765625
V,V260116C00315000,Call,2026-01-16,315.0,1.11,45.3,46.45,1,537,349.68,350.09,349.8599853515625,0.3063576445007324
V,V260116C00135000,Call,2026-01-16,135.0,2.59,219.15,222.1,2,28,349.68,350.09,349.8599853515625,1.1189008898925783
V,V260320P00330000,Put,2026-03-20,330.0,1.06,12.75,13.05,13,353,349.68,350.09,349.8599853515625,0.2122881506347656
V,V250919C00270000,Call,2025-09-19,270.0,1.3,79.6,81.1,1,111,349.68,350.09,349.8599853515625,0.5483443603515626
V,V260116C00380000,Call,2026-01-16,380.0,0.92,7.6,7.85,29,3633,349.68,350.09,349.8599853515625,0.2126543579101562
V,V270115C00180000,Call,2027-01-15,180.0,1.94,177.4,180.65,1,100,349.68,350.09,349.8599853515625,0.5239305419921875
V,V251017C00350000,Call,2025-10-17,350.0,1.0,10.95,11.25,64,985,349.68,350.09,349.8599853515625,0.2169267761230468
V,V251219P00345000,Put,2025-12-19,345.0,1.01,12.55,12.8,1,154,349.68,350.09,349.8599853515625,0.1951679605102539
V,V260116C00220000,Call,2026-01-16,220.0,1.59,132.4,134.65,1,74,349.68,350.09,349.8599853515625,0.5434615966796876
V,V260320C00380000,Call,2026-03-20,380.0,0.92,12.2,12.45,5,181,349.68,350.09,349.8599853515625,0.2262040270996093
V,V251219C00320000,Call,2025-12-19,320.0,1.09,39.2,39.95,2,131,349.68,350.09,349.8599853515625,0.2930368548583983
V,V260116P00330000,Put,2026-01-16,330.0,1.06,9.3,9.55,1,942,349.68,350.09,349.8599853515625,0.2099993551635742
V,V250919C00265000,Call,2025-09-19,265.0,1.32,85.1,86.45,1,58,349.68,350.09,349.8599853515625,0.6518589501953126
V,V260618P00325000,Put,2026-06-18,325.0,1.08,14.7,15.05,2,460,349.68,350.09,349.8599853515625,0.2118914260864257
V,V260116P00335000,Put,2026-01-16,335.0,1.04,10.65,10.9,12,430,349.68,350.09,349.8599853515625,0.203560210571289
V,V260220P00310000,Put,2026-02-20,310.0,1.13,7.25,7.4,118,214,349.68,350.09,349.8599853515625,0.2381057635498046
V,V260320P00370000,Put,2026-03-20,370.0,0.95,29.4,29.85,4,53,349.68,350.09,349.8599853515625,0.1677329321289062
V,V260220C00290000,Call,2026-02-20,290.0,1.21,69.15,70.2,12,52,349.68,350.09,349.8599853515625,0.3581301980590821
V,V260116C00270000,Call,2026-01-16,270.0,1.3,84.95,86.8,1,304,349.68,350.09,349.8599853515625,0.422582678527832
V,V270617C00340000,Call,2027-06-17,340.0,1.03,57.55,59.0,28,748,349.68,350.09,349.8599853515625,0.2934106914520262
V,V251219C00360000,Call,2025-12-19,360.0,0.97,13.1,13.4,11,418,349.68,350.09,349.8599853515625,0.2277909252929687
V,V260116C00365000,Call,2026-01-16,365.0,0.96,13.05,13.35,18,435,349.68,350.09,349.8599853515625,0.2251969570922851
V,V260116P00320000,Put,2026-01-16,320.0,1.09,7.1,7.3,12,1728,349.68,350.09,349.8599853515625,0.2226945407104492
V,V251017P00355000,Put,2025-10-17,355.0,0.99,11.3,11.55,11,356,349.68,350.09,349.8599853515625,0.1663901721191406
V,V260320P00375000,Put,2026-03-20,375.0,0.93,32.4,32.9,10,61,349.68,350.09,349.8599853515625,0.1621787884521484
V,V260618P00345000,Put,2026-06-18,345.0,1.01,21.15,21.6,27,291,349.68,350.09,349.8599853515625,0.1925739923095703
V,V250919C00340000,Call,2025-09-19,340.0,1.03,13.4,13.75,14,1046,349.68,350.09,349.8599853515625,0.2274247180175781
V,V260618P00370000,Put,2026-06-18,370.0,0.95,32.7,33.2,2,59,349.68,350.09,349.8599853515625,0.1681296566772461
V,V260618P00355000,Put,2026-06-18,355.0,0.99,25.25,25.75,1,198,349.68,350.09,349.8599853515625,0.1830068272399901
V,V260918C00350000,Call,2026-09-18,350.0,1.0,37.9,38.55,1,99,349.68,350.09,349.8599853515625,0.2694164855957031
V,V260116P00325000,Put,2026-01-16,325.0,1.08,8.15,8.35,20,718,349.68,350.09,349.8599853515625,0.2162859133911132
V,V260116C00265000,Call,2026-01-16,265.0,1.32,90.2,91.65,2,77,349.68,350.09,349.8599853515625,0.4404658004760742
V,V251017P00350000,Put,2025-10-17,350.0,1.0,8.95,9.15,124,423,349.68,350.09,349.8599853515625,0.1740805249023437
V,V251121C00340000,Call,2025-11-21,340.0,1.03,21.8,22.35,3,987,349.68,350.09,349.8599853515625,0.2540968145751954
V,V251219P00355000,Put,2025-12-19,355.0,0.99,16.75,17.05,1,143,349.68,350.09,349.8599853515625,0.1825948440551758
V,V260320P00350000,Put,2026-03-20,350.0,1.0,19.55,19.9,5,144,349.68,350.09,349.8599853515625,0.1897969204711914
V,V260320C00320000,Call,2026-03-20,320.0,1.09,46.25,47.0,1,94,349.68,350.09,349.8599853515625,0.2974313421630858
V,V270115C00140000,Call,2027-01-15,140.0,2.5,214.0,218.5,2,363,349.68,350.09,349.8599853515625,0.5880473324584962
V,V260116P00340000,Put,2026-01-16,340.0,1.03,12.15,12.45,4,1014,349.68,350.09,349.8599853515625,0.1973957214355468
V,V270115C00145000,Call,2027-01-15,145.0,2.41,209.15,213.45,6,322,349.68,350.09,349.8599853515625,0.5694623132324219
V,V260116P00345000,Put,2026-01-16,345.0,1.01,13.9,14.2,8,429,349.68,350.09,349.8599853515625,0.1912312322998047
V,V260116P00300000,Put,2026-01-16,300.0,1.17,4.15,4.25,31,877,349.68,350.09,349.8599853515625,0.2487257745361328
V,V250919C00240000,Call,2025-09-19,240.0,1.46,110.05,111.5,1,41,349.68,350.09,349.8599853515625,0.842775009765625
V,V261218C00135000,Call,2026-12-18,135.0,2.59,218.0,221.45,2,90,349.68,350.09,349.8599853515625,0.5841716387939453
V,V260116C00165000,Call,2026-01-16,165.0,2.12,185.65,187.85,1,29,349.68,350.09,349.8599853515625,0.7071562487792968
V,V251219P00340000,Put,2025-12-19,340.0,1.03,10.8,11.05,1,810,349.68,350.09,349.8599853515625,0.2015155532836914
V,V260116C00300000,Call,2026-01-16,300.0,1.17,57.8,59.15,3,874,349.68,350.09,349.8599853515625,0.3384465570068359
V,V251017C00340000,Call,2025-10-17,340.0,1.03,17.5,17.85,23,345,349.68,350.09,349.8599853515625,0.2390823162841796
V,V260116C00275000,Call,2026-01-16,275.0,1.27,80.6,82.25,1,398,349.68,350.09,349.8599853515625,0.4108335284423828
V,V251219P00360000,Put,2025-12-19,360.0,0.97,19.3,19.6,2,97,349.68,350.09,349.8599853515625,0.1764303549194336
V,V261218C00130000,Call,2026-12-18,130.0,2.69,222.65,226.0,2,87,349.68,350.09,349.8599853515625,0.5924723370361329
V,V260116C00240000,Call,2026-01-16,240.0,1.46,113.35,115.35,1,194,349.68,350.09,349.8599853515625,0.5154467401123046
V,V251219C00300000,Call,2025-12-19,300.0,1.17,56.2,57.1,4,129,349.68,350.09,349.8599853515625,0.3394231097412109
V,V260618P00375000,Put,2026-06-18,375.0,0.93,35.5,36.05,4,114,349.68,350.09,349.8599853515625,0.1630637893676758
V,V251121P00345000,Put,2025-11-21,345.0,1.01,10.9,11.15,84,1135,349.68,350.09,349.8599853515625,0.1998981378173828
V,V260220C00350000,Call,2026-02-20,350.0,1.0,24.15,24.55,13,169,349.68,350.09,349.8599853515625,0.2535017277526856
V,V260618C00375000,Call,2026-06-18,375.0,0.93,19.75,20.1,2,250,349.68,350.09,349.8599853515625,0.2394637821960448
V,V260320P00340000,Put,2026-03-20,340.0,1.03,15.8,16.15,13,1016,349.68,350.09,349.8599853515625,0.2010883114624023
V,V251121P00360000,Put,2025-11-21,360.0,0.97,17.75,18.05,11,207,349.68,350.09,349.8599853515625,0.179421047668457
V,V251219P00350000,Put,2025-12-19,350.0,1.0,14.5,14.8,3,691,349.68,350.09,349.8599853515625,0.1889729541015625
V,V260320C00345000,Call,2026-03-20,345.0,1.01,29.05,29.65,11,701,349.68,350.09,349.8599853515625,0.2617108741760254
V,V260116P00355000,Put,2026-01-16,355.0,0.99,18.05,18.35,2,200,349.68,350.09,349.8599853515625,0.1785970812988281
V,V250919C00275000,Call,2025-09-19,275.0,1.27,74.9,76.05,27,136,349.68,350.09,349.8599853515625,0.5363815893554689
V,V260116C00260000,Call,2026-01-16,260.0,1.35,95.0,96.55,5,188,349.68,350.09,349.8599853515625,0.4595390960693359
V,V260320C00360000,Call,2026-03-20,360.0,0.97,20.8,21.15,2,232,349.68,350.09,349.8599853515625,0.2443923217773437
V,V260618P00350000,Put,2026-06-18,350.0,1.0,23.15,23.6,4,556,349.68,350.09,349.8599853515625,0.1878285563659668
V,V251017C00345000,Call,2025-10-17,345.0,1.01,14.05,14.3,33,330,349.68,350.09,349.8599853515625,0.226020923461914
V,V260116P00360000,Put,2026-01-16,360.0,0.97,20.45,20.85,2,605,349.68,350.09,349.8599853515625,0.1728293167114258
V,V251121P00355000,Put,2025-11-21,355.0,0.99,15.15,15.4,18,259,349.68,350.09,349.8599853515625,0.185707605895996
V,V260116C00355000,Call,2026-01-16,355.0,0.99,17.95,18.3,7,737,349.68,350.09,349.8599853515625,0.2369766244506835
V,V260116C00280000,Call,2026-01-16,280.0,1.25,76.1,77.45,4,438,349.68,350.09,349.8599853515625,0.3936523037719727
V,V260116C00250000,Call,2026-01-16,250.0,1.4,104.0,105.7,10,296,349.68,350.09,349.8599853515625,0.4816641189575196
V,V260618P00365000,Put,2026-06-18,365.0,0.96,30.05,30.55,5,336,349.68,350.09,349.8599853515625,0.1732260412597656
V,V260320P00360000,Put,2026-03-20,360.0,0.97,24.1,24.45,2,162,349.68,350.09,349.8599853515625,0.1788412194824218
V,V260320C00355000,Call,2026-03-20,355.0,0.99,23.45,23.8,92,198,349.68,350.09,349.8599853515625,0.2497938790893554
V,V251121P00350000,Put,2025-11-21,350.0,1.0,12.9,13.15,17,1008,349.68,350.09,349.8599853515625,0.1931538204956054
V,V260618C00370000,Call,2026-06-18,370.0,0.95,21.95,22.3,2,326,349.68,350.09,349.8599853515625,0.2432784413146972
V,V260116C00370000,Call,2026-01-16,370.0,0.95,11.0,11.25,3,3828,349.68,350.09,349.8599853515625,0.2201768656921386
V,V260320C00365000,Call,2026-03-20,365.0,0.96,18.35,18.65,3,390,349.68,350.09,349.8599853515625,0.2389755058288574
V,V260618C00360000,Call,2026-06-18,360.0,0.97,26.85,27.25,4,267,349.68,350.09,349.8599853515625,0.2523573300170898
V,V260618C00365000,Call,2026-06-18,365.0,0.96,24.35,24.75,5,475,349.68,350.09,349.8599853515625,0.2481154290771484
V,V251121C00350000,Call,2025-11-21,350.0,1.0,15.8,16.05,17,382,349.68,350.09,349.8599853515625,0.2379531771850585
V,V260320C00370000,Call,2026-03-20,370.0,0.95,16.1,16.4,600,1107,349.68,350.09,349.8599853515625,0.2344742080688476
V,V260116C00145000,Call,2026-01-16,145.0,2.41,209.8,212.15,17,69,349.68,350.09,349.8599853515625,1.0607957116699218
V,V260116C00230000,Call,2026-01-16,230.0,1.52,123.15,124.65,12,105,349.68,350.09,349.8599853515625,0.5140429455566407
V,V260116P00350000,Put,2026-01-16,350.0,1.0,15.85,16.15,19,1508,349.68,350.09,349.8599853515625,0.1848531222534179
V,V251121P00375000,Put,2025-11-21,375.0,0.93,27.55,28.0,14,593,349.68,350.09,349.8599853515625,0.1601951657104492
V,V251219C00350000,Call,2025-12-19,350.0,1.0,18.35,18.65,28,816,349.68,350.09,349.8599853515625,0.2400588690185546
V,V260116C00150000,Call,2026-01-16,150.0,2.33,203.0,205.65,5,214,349.68,350.09,349.8599853515625,0.9468389105224608
V,V260116P00365000,Put,2026-01-16,365.0,0.96,23.25,23.6,10,488,349.68,350.09,349.8599853515625,0.1667868966674805
V,V251219C00355000,Call,2025-12-19,355.0,0.99,15.6,15.85,14,842,349.68,350.09,349.8599853515625,0.2330704135131835
V,V260116C00360000,Call,2026-01-16,360.0,0.97,15.4,15.7,10,3944,349.68,350.09,349.8599853515625,0.2307816180419922
V,V260116C00200000,Call,2026-01-16,200.0,1.75,152.6,154.15,1,79,349.68,350.09,349.8599853515625,0.6272620281982424
V,V260116C00290000,Call,2026-01-16,290.0,1.21,67.1,68.05,3,475,349.68,350.09,349.8599853515625,0.3625552026367187
V,V250919C00280000,Call,2025-09-19,280.0,1.25,70.0,71.15,1,1426,349.68,350.09,349.8599853515625,0.5170946728515625
V,V260320C00350000,Call,2026-03-20,350.0,1.0,26.3,26.6,22,190,349.68,350.09,349.8599853515625,0.2552259536743164
V,V260116C00170000,Call,2026-01-16,170.0,2.06,181.7,183.45,1,96,349.68,350.09,349.8599853515625,0.7351100708007812
V,V260116C00155000,Call,2026-01-16,155.0,2.26,217.35,220.35,60,795,349.68,350.09,349.8599853515625,1.565553930053711
V,V250919C00290000,Call,2025-09-19,290.0,1.21,60.45,61.3,3,964,349.68,350.09,349.8599853515625,0.523320196533203
V,V260116C00350000,Call,2026-01-16,350.0,1.0,20.8,21.15,26,5907,349.68,350.09,349.8599853515625,0.2438582695007324
